 time crystallinity "clusters w/ >= 2 members" "   independent clusters" "mean size cryst domains" "crystalline grid elements"
0 0.0 0.00047305005982691933 1.0 17.0 1.0 17.0
1 1200000.0 0.009822745359935443 28.0 280.0 1.2607142857142857 353.0
2 2400000.0 0.04663717060411275 164.0 708.0 2.367231638418079 1676.0
3 3600000.0 0.11383810557364277 272.0 844.0 4.847156398104265 4091.0
4 4800000.0 0.1913626624370426 296.0 907.0 7.582138919514884 6877.0
5 6000000.0 0.25252525252525254 251.0 773.0 11.739974126778783 9075.0
6 7200000.0 0.29704761109719785 215.0 743.0 14.36742934051144 10675.0
7 8400000.0 0.32829674151988203 221.0 681.0 17.324522760646108 11798.0
8 9600000.0 0.35122575618443386 199.0 668.0 18.895209580838323 12622.0
9 10800000.0 0.36981384088822106 191.0 649.0 20.477657935285055 13290.0
10 12000000.0 0.3820018365472911 185.0 623.0 22.035313001605136 13728.0
11 13200000.0 0.3926593761304505 181.0 615.0 22.944715447154472 14111.0
12 14400000.0 0.4027882127055681 172.0 573.0 25.26178010471204 14475.0
13 15600000.0 0.40988396360297186 165.0 563.0 26.163410301953817 14730.0
14 16800000.0 0.4136127111333723 137.0 520.0 28.584615384615386 14864.0
15 18000000.0 0.42001280017808945 142.0 502.0 30.067729083665338 15094.0
16 19200000.0 0.4239363330272421 152.0 512.0 29.755859375 15235.0
17 20400000.0 0.42944597490052033 132.0 515.0 29.966990291262135 15433.0
18 21600000.0 0.4318668781478699 150.0 529.0 29.33837429111531 15520.0
19 22800000.0 0.4385174054595542 128.0 495.0 31.836363636363636 15759.0
20 24000000.0 0.4420513676712024 117.0 484.0 32.82231404958678 15886.0
21 25200000.0 0.4427192030497816 128.0 494.0 32.20647773279352 15910.0
22 26400000.0 0.44808971255252245 131.0 496.0 32.465725806451616 16103.0
23 27600000.0 0.4478949272337702 128.0 504.0 31.936507936507937 16096.0
24 28800000.0 0.4506219216963019 123.0 513.0 31.567251461988302 16194.0
25 30000000.0 0.45454545454545453 123.0 470.0 34.755319148936174 16335.0
26 31200000.0 0.4535158750034783 131.0 466.0 34.97424892703863 16298.0
27 32400000.0 0.45602025767315024 106.0 467.0 35.09207708779443 16388.0
28 33600000.0 0.4571889695856638 122.0 473.0 34.735729386892174 16430.0
29 34800000.0 0.4592759551437237 127.0 497.0 33.2092555331992 16505.0
30 36000000.0 0.46172468486518076 109.0 462.0 35.91558441558441 16593.0
31 37200000.0 0.4657316971366558 122.0 475.0 35.23578947368421 16737.0
32 38400000.0 0.46447950580181985 109.0 433.0 38.54965357967667 16692.0
33 39600000.0 0.4658986559813006 109.0 421.0 39.76959619952494 16743.0
34 40800000.0 0.4662325736705902 104.0 435.0 38.51724137931034 16755.0
35 42000000.0 0.4674847650054262 109.0 417.0 40.28776978417266 16800.0
36 43200000.0 0.4722430920778028 104.0 417.0 40.697841726618705 16971.0
37 44400000.0 0.4702117594679578 100.0 421.0 40.13776722090261 16898.0
38 45600000.0 0.47274396861173723 103.0 437.0 38.87643020594966 16989.0
39 46800000.0 0.47279962155995214 104.0 400.0 42.4775 16991.0
40 48000000.0 0.4739126805242508 103.0 431.0 39.51508120649652 17031.0
41 49200000.0 0.474107465843003 93.0 404.0 42.17326732673267 17038.0
42 50400000.0 0.4756100954448062 105.0 403.0 42.411910669975185 17092.0
43 51600000.0 0.47725185741714665 95.0 380.0 45.13421052631579 17151.0
44 52800000.0 0.47855970170019757 103.0 392.0 43.87244897959184 17198.0
45 54000000.0 0.479422322397529 102.0 406.0 42.435960591133004 17229.0
46 55200000.0 0.4799231989314634 91.0 407.0 42.37592137592138 17247.0
47 56400000.0 0.47922753707877674 93.0 370.0 46.545945945945945 17222.0
48 57600000.0 0.4783927428555528 92.0 365.0 47.1013698630137 17192.0
49 58800000.0 0.48290063166096225 93.0 406.0 42.74384236453202 17354.0
