0.0 0.0075409744831232434
1200000.0 0.02443164426635501
2400000.0 0.06519742883379247
3600000.0 0.15026296018031554
4800000.0 0.258647076828895
6000000.0 0.3508083590728219
7200000.0 0.4104404930851212
8400000.0 0.44995408631772266
9600000.0 0.48131452263683666
10800000.0 0.4967025628182653
12000000.0 0.5106157998719982
13200000.0 0.5228872749533906
14400000.0 0.5304004229624064
15600000.0 0.5375240003339177
16800000.0 0.5463171661518769
18000000.0 0.5514094109135431
19200000.0 0.5547764142805465
20400000.0 0.5578094999582602
21600000.0 0.5623452152377773
22800000.0 0.5637365389431506
24000000.0 0.5660739627681777
25200000.0 0.5663522275092523
26400000.0 0.5732531930879038
27600000.0 0.5758967081281131
28800000.0 0.5775384701004536
30000000.0 0.5787350084870746
31200000.0 0.5815454823719286
32400000.0 0.5819628794835406
33600000.0 0.5814063500013913
34800000.0 0.5849403122130394
36000000.0 0.5855524946434038
37200000.0 0.5890029774327294
38400000.0 0.5881403567353981
39600000.0 0.5916186659988313
40800000.0 0.590589086456855
42000000.0 0.5920917160586582
43200000.0 0.5925091131702702
44400000.0 0.5945126193060077
45600000.0 0.5958204635890586
46800000.0 0.5973787461390767
48000000.0 0.5994935581712442
49200000.0 0.6008292289284025
50400000.0 0.6014692378328742
51600000.0 0.6024431644266355
52800000.0 0.6000779141275009
54000000.0 0.6040292734507611
55200000.0 0.601691849625734
56400000.0 0.601580543729304
57600000.0 0.6047249353034477
58800000.0 0.6045858029329104
60000000.0 0.60689540028383
