0.0 0.0006549608468258478
1200000.0 0.011509973705248356
2400000.0 0.041561118441963724
3600000.0 0.08731610092874167
4800000.0 0.13823251417769375
6000000.0 0.1805806690227665
7200000.0 0.21099079477274596
8400000.0 0.23560655872441852
9600000.0 0.25494164543437164
10800000.0 0.26868784416865293
12000000.0 0.2798861675022602
13200000.0 0.2881462151721871
14400000.0 0.2971254212213364
15600000.0 0.3028170461083258
16800000.0 0.30913536615435194
18000000.0 0.31478589627681436
19200000.0 0.31799128790992026
20400000.0 0.3234979863565382
21600000.0 0.3268163885920934
22800000.0 0.32964165365332454
24000000.0 0.333319635078491
25200000.0 0.33529218377578696
26400000.0 0.34067559792882385
27600000.0 0.3415796827484179
28800000.0 0.3429460836689406
30000000.0 0.34545286430508754
31200000.0 0.34762061313388676
32400000.0 0.3493054984794937
33600000.0 0.3518533738801677
