r   g0(r)    P2(r)    P2_par(r)     P2_per(r)   
0   32434   1   -nan   -nan
2.01887   65806   0.959392   0.943471   0.954396
2.85511   58846   0.915666   0.896659   0.932326
3.49678   18234   0.860897   0.842717   0.789195
4.03774   52858   0.809952   0.76826   0.845949
4.51433   101762   0.751939   0.775603   0.710493
4.9452   49176   0.692823   0.61295   0.697895
5.71022   48210   0.593385   0.663393   0.610566
6.05661   94876   0.546065   0.610742   0.581435
6.38422   94544   0.504732   0.537064   0.540865
6.69583   46788   0.458756   0.47405   0.409942
6.99357   15520   0.422119   0.389199   0.194626
7.27914   93720   0.39663   0.466064   0.439009
7.55392   93036   0.358275   0.314686   0.348654
8.07548   46546   0.308165   0.441964   0.424333
8.32401   139864   0.282221   0.331666   0.285255
8.56534   93900   0.262585   0.254997   0.232228
8.80005   46902   0.240143   0.200665   0.235093
9.02866   94322   0.228378   0.270849   0.241171
9.25162   94050   0.204191   0.186667   0.164453
9.46934   46944   0.188855   0.093013   0.166378
9.8904   10244   0.230317   0.137979   0.256357
10.0943   36994   0.145852   0.0839237   0.0972082
10.2943   142892   0.159674   0.204297   0.172801
10.4904   190162   0.14183   0.166384   0.130012
10.6829   63298   0.126038   0.0406162   0.176694
11.0578   191110   0.11735   0.0826232   0.170465
11.2406   95558   0.10676   0.109136   0.0699499
11.5975   48234   0.111965   0.131164   0.0978472
11.7719   96156   0.0938194   0.107346   0.124696
11.9438   144136   0.0915059   0.0746095   0.127422
12.1132   96038   0.0841242   0.06799   0.0944519
12.2803   95974   0.0722692   0.157743   0.100414
12.4451   95944   0.0648786   0.119924   0.0111613
12.6078   144594   0.0663199   0.0278686   0.0971441
12.9271   96048   0.061825   0.107164   0.117436
13.0838   240342   0.0639078   0.0512816   0.0168137
13.2386   96448   0.0627557   -0.0413355   0.0428592
13.3917   48206   0.0510975   -0.0286026   0.0696304
13.543   48150   0.0495189   0.0392998   0.0162483
13.6926   192508   0.0537427   0.0170992   0.0866517
13.8407   96020   0.050745   -0.0339731   0.0431217
14.1321   5072   0.073369   -0.163197   0.124429
14.2756   10942   0.0225554   0.0393473   0.05902
14.4176   144940   0.0380601   0.0573632   0.0570857
14.5583   240418   0.0379622   0.0358026   0.00115344
14.6976   96150   0.03937   0.0655618   0.0839801
14.8356   96554   0.0457532   -0.014791   0.00809204
14.9723   192756   0.0387046   -0.0315247   0.0319
15.1078   192078   0.0339414   0.0193842   0.0432965
15.3752   96122   0.0321128   -0.0911115   0.00672147
15.5072   95894   0.0270615   0.0555719   -0.0109089
15.6381   96620   0.0349416   0.100064   0.00539917
15.7679   143878   0.0282871   0.0323282   -0.0651793
16.0243   192366   0.0256392   -0.0283768   -0.0146674
16.151   193200   0.0285252   -0.00340499   0.0262944
16.4014   48310   0.0171571   0.0689142   0.142867
16.5252   288440   0.0224489   0.0296307   -0.0260764
16.648   191900   0.0200181   0.0104193   -0.00181904
16.77   48354   0.0191339   0.0597954   -0.00717074
16.8911   143836   0.0178111   -0.0770884   -0.0238705
17.0113   192952   0.0225898   -0.0425993   0.00333683
17.1307   95264   0.00471054   -0.032798   0.0368818
17.367   34010   0.0315464   0.0899958   -0.0544526
17.4839   62804   0.0148122   0.0287884   0.00251737
17.6001   144526   0.0199427   0.03396   0.0293358
17.7155   288682   0.016117   -0.00245728   -0.0161428
17.8302   112194   0.00890262   0.00355019   -0.0160031
17.9441   48006   0.000710368   0.0384166   -0.0462704
18.0573   191812   0.00478817   0.00953783   0.00145984
18.1698   96174   0.00516465   -0.0436524   -0.103605
18.3928   96052   0.0174255   0.0478179   0.023814
18.5032   240048   0.00551466   -0.00234279   0.0344463
18.6131   144556   0.0165544   0.0444359   -0.0312293
18.7222   143558   0.00358327   -0.0428324   -0.0734782
18.8308   96432   0.0104491   -0.0423459   -0.0304607
18.9387   192432   0.0102804   -0.0682123   -0.0651775
19.046   239190   0.00303186   0.008352   -0.00365477
19.2588   47382   -0.0235665   -0.0634933   0.0282278
19.3643   337304   0.00139234   0.0237997   0.0229507
19.4693   287790   -8.01111e-05   -0.0387534   -0.0514996
19.5737   96432   0.0178289   -0.0980921   0.0732953
19.7808   96352   -0.0046749   -0.0602642   -0.0834811
19.8836   192422   -0.00410051   0.00165487   -0.00882302
20.0875   10584   -0.0107826   -0.122797   -0.126033
20.1887   37680   -0.00882391   -0.160573   -0.045481
20.2894   143248   -0.00570048   -0.064928   -0.0695912
20.3896   241262   -0.00500689   0.00763435   -0.0178826
20.4893   144236   -0.0130223   -0.0829955   -0.0271597
20.5885   144216   -0.00466579   -0.0391533   0.0050415
20.6873   384114   -0.00625978   -0.0423914   -0.0575317
20.7855   95810   -0.0014681   -0.0286571   -0.0809631
20.9807   192022   -0.00111645   -0.0282803   -0.0742887
21.0776   191978   -3.90987e-05   0.00104698   -0.0365867
21.1741   193490   -0.00450221   -0.015071   -0.032108
21.2701   144264   -0.0142327   -0.0677589   -0.061368
21.3657   64074   0.00545594   0.00418161   -0.00194797
21.4609   192288   -0.00750141   -0.0622786   -0.0519296
21.5556   288618   -0.010323   0.00178839   -0.0683609
21.8374   242360   -0.0088721   0.0127912   0.00849105
21.9305   191476   -0.0318604   -0.0558688   -0.0243068
22.0233   97132   -0.0168024   0.00947342   -0.0793928
22.1156   192238   -0.013799   -0.036369   -0.0697748
22.2076   289000   -0.0165032   -0.0130839   -0.051611
22.2991   144744   -0.0140723   -0.0649896   -0.0286598
22.4812   41506   0.000121367   0.00677745   0.00581052
22.5716   55956   1.05068e-05   0.072608   -0.101926
22.6617   191724   -0.0188869   -0.0805203   -0.00500742
22.7515   288702   -0.0152499   -0.0409873   -0.067189
22.8409   95462   -0.00840312   -0.0483014   0.0116386
23.0186   385588   -0.00833503   0.0106426   -0.0273258
23.107   289104   -0.00642766   -0.0699014   -0.0202003
23.2827   48092   -0.0374125   -0.10459   -0.0850219
23.3701   289188   -0.0211146   -0.0323216   -0.0492063
23.4571   193034   -0.0114791   -0.113996   -0.0833113
23.5439   241034   -0.0142917   -0.0249911   -0.0573416
23.6303   96806   -0.0294636   -0.0951395   -0.000801085
23.7163   96796   -0.0313649   -0.11208   0.011493
23.8021   339188   -0.0184043   -0.00442384   -0.0771951
23.9727   144636   -0.0262714   0.0276932   0.0325888
24.0576   241532   -0.0175681   -0.0560695   -0.0786034
24.1422   192686   -0.0143166   0.00834074   0.013546
24.2264   145210   -0.0237971   -0.0554364   -0.0169729
24.3104   96470   -0.0287196   -0.0682047   -0.0888797
24.3941   194146   -0.013575   -0.0109404   -0.0519097
24.4775   96718   -0.0304507   0.0153645   0.013633
24.6434   5362   -0.00164874   -0.326646   0.0413934
24.726   90242   -0.0110539   -0.133576   0.0429319
24.8083   287494   -0.0202904   -0.0723528   -0.0340609
24.8903   434284   -0.0196868   -0.0508404   -0.0585193
24.972   112898   -0.0123028   -0.0266292   -0.0537522
25.0535   96110   0.0204999   0.00493571   -0.0442642
25.1347   385060   -0.021479   -0.052513   -0.018263
25.2157   240682   -0.0271133   -0.0551127   -0.0782853
25.3768   145312   -0.0146927   -0.0611266   -0.116453
25.457   337844   -0.0172427   -0.0451362   -0.0518579
25.5369   193232   -0.0132837   -0.0666072   -0.0495369
25.6166   193720   -0.0255675   -0.074099   -0.054761
25.7752   194114   -0.0043465   -0.0381532   -0.0489334
25.8541   192716   -0.0316078   -0.0379324   -0.0631125
26.0113   97508   0.00804345   -0.0191675   -0.115187
26.0895   387112   -0.0218356   -0.0302894   -0.0936227
26.1675   241892   -0.0236135   -0.0734545   -0.13082
26.2453   47462   -0.0507779   -0.0642866   -0.0564581
26.3228   240882   -0.0213321   -0.0639626   -0.0906213
26.4001   191900   -0.0406262   -0.0365047   -0.0573752
26.4772   241376   -0.0303319   -0.0502649   -0.00587526
26.6307   64150   -0.0578442   -0.0210557   -0.0372918
26.7071   31616   -0.0159418   -0.115568   0.0521293
26.7833   241348   0.000398207   0.00162274   0.0184495
26.8593   384668   -0.0103718   -0.00979224   -0.0347305
26.9351   241170   -0.0229573   -0.0478565   -0.0198335
27.0106   48732   -0.027185   0.0560161   -0.0520303
27.086   385976   -0.0148058   -0.0465604   -0.0354053
27.1611   290146   -0.0127029   -0.0741075   -0.0848425
27.3108   48168   -0.0155771   -0.0734265   -0.0482488
27.3853   97270   0.00513518   -0.0785814   -0.083154
27.4596   241220   -0.00493508   -0.0166477   -0.0624396
27.5337   241906   -0.00864293   -0.0737081   0.0162786
27.6076   193260   -0.0249296   -0.028524   -0.0496385
27.6813   288306   -0.0290027   -0.0666399   -0.0442299
27.7549   289852   -0.0204007   -0.0641202   -0.0479804
27.9013   96182   -0.0226741   -0.135244   -0.0606287
27.9743   482938   -0.0224838   -0.0546392   -0.0418464
28.047   289208   -0.0197521   -0.0581533   -0.0830591
28.1196   96638   -0.00506096   0.034747   -0.12204
28.2642   386326   -0.0201521   -0.0320508   0.0212494
28.3362   96822   -0.0386942   0.00154546   -0.0645055
28.5511   16196   -0.00923669   -0.23411   -0.29745
28.6224   145500   -0.0259469   -0.0365487   0.00418164
28.6935   532232   -0.0159566   -0.0394482   -0.0376544
28.7645   193270   -0.0111611   -0.121256   -0.0393848
28.8352   145194   -0.00803337   -0.0218509   0.0171323
28.9058   290022   -0.00898396   -0.0397103   -0.0636733
28.9762   240730   -0.000932037   0.00841755   0.0197134
29.1165   241546   -0.00192343   0.0328064   0.0192291
29.1865   289378   -0.0103823   -0.0629655   -0.0677303
29.2562   193870   -0.0365859   -0.0549598   -0.0539236
29.3258   192846   -0.027731   -0.0519206   -0.0536374
29.3952   96468   -0.00881466   -0.060439   -0.044405
29.4644   290062   -0.00167961   -0.0153646   -0.0440009
29.5335   482992   -0.0115422   -0.0717935   -0.0440719
29.6712   97172   -0.0345653   0.0789871   -0.0607494
29.7398   483262   -0.01513   -0.0633252   -0.0213674
29.8082   193016   -0.0170739   -0.032453   -0.0443079
29.8765   146196   -0.0247327   -0.0858626   -0.0444688
29.9447   193520   -0.00443661   -0.014983   -0.0577196
30.0126   192770   0.00744531   -0.0785715   -0.0657589
30.0805   144674   -0.00872292   -0.0261536   -0.0142003
30.2157   5542   -0.0058942   0.379306   -0.204823
30.283   187174   -0.00523579   -0.0301886   -0.130875
30.3503   194244   -0.0173428   -0.0388926   -0.0653943
30.4173   291298   -0.0214623   -0.0390714   -0.0469892
30.4843   192712   -0.0168133   0.0211634   0.0128568
30.6177   483472   -0.0128067   -0.0536764   -0.0596222
30.6842   289200   -0.019596   -0.0429687   -0.00383714
30.8167   97510   -0.0231642   -0.0494224   -0.0333689
30.8828   387272   -0.0166781   -0.0169023   -0.0609276
30.9487   243422   -0.000650844   0.0397397   0.00170674
31.0145   241696   -0.00696132   -0.0105016   0.0283638
31.0801   96744   -0.00299668   0.033071   -0.00369245
31.1456   291316   -0.00328413   0.00160391   0.00782247
31.211   483194   -0.00614335   -0.0840774   -0.0567103
31.3413   96644   -0.000284423   -0.0391686   -0.111509
31.4062   338234   -0.00879195   -0.0273176   -0.0293537
31.4711   485492   -0.00847734   -0.0363764   0.00367728
31.5357   95788   0.0285968   -0.0898264   -0.0486665
31.6003   144034   -0.00484032   -0.0721149   0.00740564
31.6647   290114   -0.0184424   -0.0412822   -0.033902
31.729   193308   0.0106638   0.0314399   -0.0316935
31.9849   337492   -0.00361992   -0.0494713   -0.000224683
32.0486   289516   -0.00845383   -0.0596737   -0.0392706
32.1121   210144   -0.0149149   -0.0307781   -0.0560316
32.1755   194840   -0.023695   -0.0520892   -0.0428224
32.2388   388462   -0.00857022   -0.0383205   -0.0613727
32.3019   289926   -0.0150001   -0.0858243   -0.0225944
32.4278   193700   -0.0270066   -0.0312025   0.00726781
32.4906   290362   -0.00922988   -0.0473387   -0.0204801
32.5533   387140   -0.00424718   -0.0465818   -0.00224868
32.6158   339864   -0.00760572   -0.0531125   -0.0407307
32.7406   98282   -0.0298635   -0.077419   0.018547
32.8027   385164   -0.0110344   -0.0339316   0.00386025
32.9268   24458   0.0354955   0.155   0.175509
32.9886   387104   0.00165674   -0.0405886   -0.00810094
33.0503   169738   -0.00559628   0.0233254   0.0888594
33.1119   193848   -0.0131235   -0.00680137   0.0567782
33.1734   243432   -0.00659738   0.0123502   -0.039498
33.2348   433800   -0.00106372   -0.0429913   0.0103885
33.296   145318   0.00232722   0.00694268   -0.0420904
33.4792   169408   -0.00377227   -0.00279111   -0.00998875
33.54   241944   -0.0131315   -0.0432834   -0.0612112
33.6007   438096   -0.0117031   -0.0443222   -0.00652758
33.6613   96742   -0.00155175   0.00285628   -0.0137595
33.7218   48002   -0.0123786   0.0158485   0.00122754
33.7821   534460   -0.0158754   -0.0301944   0.00985335
33.8424   387120   -0.011913   -0.0465267   -0.0612975
33.9626   96528   0.0168981   -0.00475755   -0.0290406
34.0226   145792   -0.0112728   0.0619982   -0.070862
34.0824   316622   -0.0076564   -0.0757521   -0.0119682
34.1422   241080   -0.00608878   -0.0139729   -0.104036
34.2018   144172   -0.0028791   -0.0736458   -0.040779
34.2613   193638   -0.0169908   -0.0792871   -0.0951714
34.3208   339540   -0.0131926   -0.00477733   0.0338347
34.4393   96984   0.00888689   0.100282   -0.000215773
34.4985   436400   -0.00501802   -0.0591209   -0.0451946
34.5575   144426   0.00832724   -0.0436218   0.0102466
34.6164   145550   -0.0055569   -0.054649   0.0186356
34.7339   341472   -0.00266775   -0.0635746   -0.0284003
34.7926   290556   -0.00811411   -0.0312869   -0.0835423
34.9095   17646   0.00285059   -0.153109   -0.0857615
34.9678   55484   -0.0469307   -0.0265625   0.0118127
35.0261   244058   -0.0109309   0.01926   -0.0581105
35.0842   435018   -0.0139396   -0.0370465   0.0203192
35.1422   146876   -0.0239449   -0.075699   -0.0929766
35.2002   97124   -0.0178349   -0.1346   -0.0390972
35.258   338294   -0.00225902   0.0630741   -0.0171853
35.3158   243618   -0.0150413   -0.0603529   0.0117709
35.431   241840   -0.0103643   0.0218611   0.0214392
35.4885   291012   -0.0166325   -0.0503556   -0.0731902
35.5459   96014   -0.0124326   0.0333962   -0.102962
35.6031   292184   -0.00866685   -0.0545224   -0.0348617
35.6603   114002   -0.0216782   0.00239426   -0.0120783
35.7174   145322   0.00675281   0.0823962   -0.110772
35.7745   197256   0.00212101   0.00402854   -0.0427831
35.8882   48660   -0.0147449   -0.00940172   -0.0908964
35.9449   339012   -0.00542826   -0.0131864   -0.0142174
36.0016   365640   -0.00670058   -0.0929767   -0.0355279
36.0582   95956   -0.0149737   0.0732702   -0.0656165
36.1146   146894   0.00412053   0.0854672   -0.0348242
36.171   144564   0.00393692   0.0785224   0.0131037
36.2273   192260   -0.00956184   -0.0540433   -0.0280595
36.3957   97636   -0.0123329   -0.151962   -0.169237
36.4516   243408   -0.0145373   0.00833817   0.00273946
36.5075   438034   -0.00609094   -0.0507547   -0.00642404
36.5633   193906   -0.00653295   0.00895422   -0.0857224
36.6746   243588   -0.0337182   -0.0636465   -0.00933018
36.7301   194760   -0.0097409   -0.0312057   0.0558628
36.8409   48370   -0.00848946   -0.187076   0.0650603
36.8962   340878   -0.0106218   -0.00149933   -0.00959983
36.9514   194578   -0.0200515   0.0115181   -0.0484771
37.0065   98198   0.00744266   -0.208026   -0.0479122
37.0615   144794   0.00661981   -0.013113   0.0419936
37.1165   293978   -0.00188541   -0.047409   -0.0294487
37.1713   389014   -0.00458005   -0.0239164   -0.0366915
37.2808   24056   -0.0108689   -0.246932   -0.0857904
37.3354   339794   -0.00704675   -0.0180143   -0.0161199
37.39   48372   -0.00832737   -0.220755   0.0316515
37.4444   146682   0.00412329   -0.037559   -0.0835667
37.4988   96958   0.0113568   -0.0614548   -0.05839
37.5531   195764   0.00199444   -0.0308589   0.000235627
37.6074   97024   -0.0185756   -0.0375924   -0.0198098
37.7156   18264   -0.0288828   0.248643   0.269678
37.7696   29754   0.00906661   -0.0191937   0.18321
37.8235   97006   0.00575575   -0.0151746   -0.0380671
37.8773   290246   -0.00422673   0.0268737   0.0326586
37.9311   146020   -0.00266333   0.0529906   0.018206
37.9848   97374   -0.0396548   -0.0905962   -0.0797822
38.0384   388274   -0.0108331   0.0391013   0.0150044
38.0919   293790   -0.00103338   0.0029176   -0.0426677
38.1988   147110   -0.0178973   -0.0305904   0.0216201
38.2521   145660   0.0126543   -0.0747192   -0.126182
38.3053   244904   -0.00756522   0.0176966   -0.0345871
38.3585   145116   -0.0296773   0.0146808   -0.0187726
38.4646   194174   -0.00345683   -0.0605228   0.00245456
38.5176   292762   -0.00319894   0.0634404   -0.000838298
38.6232   49452   0.0248618   0.000267628   0.0468609
38.676   194250   0.00926365   -0.0486663   -0.00627759
38.7286   170946   0.011745   0.0410518   0.0450651
38.7812   195194   -0.00129927   -0.078229   -0.0333219
38.8337   194080   -0.00858974   -0.0188718   -0.0411388
38.8862   48020   -0.0223566   -0.0286779   -0.0153745
38.9385   49218   0.0192516   0.0700244   0.028722
39.0431   31988   -0.00914719   0.0436266   0.0100134
39.0952   113846   0.0132162   -0.0103302   -0.0287795
39.1473   97220   0.0123126   -0.106862   0.00947285
39.1993   243400   0.00656628   0.00291695   -0.0673375
39.2513   65100   0.00952169   0.0938869   0.0824643
39.355   341844   -0.00548856   -0.00864622   -0.0291679
39.4068   193830   -0.00740815   -0.0334836   0.0985674
39.5616   341458   -0.00887673   -0.0102381   -0.029039
39.6131   194204   -0.00577271   0.0447457   0.063285
39.6645   196678   0.0144499   -0.0467615   -0.0453004
39.7158   48546   -0.0117953   0.0574532   0.110791
39.7671   145394   -0.0155732   0.000458811   -0.110831
39.8183   243020   0.00652328   0.0420849   -0.00921984
39.9206   96926   0.0197556   0.0356313   0.0698511
39.9716   244928   0.0167901   0.0287535   -0.00781392
40.0225   145430   -0.0220016   -0.0255915   -0.0983803
40.175   291660   0.00345155   -0.0082353   0.0567097
40.2257   97522   0.0148557   -0.0703749   -0.0766092
40.3774   24506   0.0175857   -0.185994   0.0362212
40.4278   97412   -0.00585499   -0.111721   -0.0386387
40.4782   147422   0.0092449   -0.0125713   0.0773284
40.5285   97504   0.0289332   0.0270418   0.154034
40.5788   49974   0.0342771   -0.0530219   0.169267
40.629   195130   0.0277306   0.0114765   -0.073457
40.6791   195678   0.0209819   0.023715   0.0430281
40.7792   96874   -0.00864871   -0.0716651   -0.019266
40.8291   96924   -0.0190154   0.0873222   -0.026395
40.879   293110   0.00557344   0.000367882   0.0286609
40.9288   193664   -9.3733e-05   -0.00591039   0.108458
40.9786   97578   0.00571837   0.0404422   -0.0601203
41.0779   195374   0.00624401   0.00360533   0.0413948
41.177   48234   -0.0294979   -0.0622763   -0.0996851
41.2265   242396   0.00795437   0.0590654   -0.0375073
41.2759   97844   0.0214867   0.0925251   0.00133646
41.3252   97534   -0.00847167   0.00835398   0.0370809
41.3745   146554   0.0151987   -0.00467438   -0.0464281
41.4237   146376   0.0220504   -0.0379469   -0.136974
41.4729   97566   0.0287958   0.00632562   -0.0185639
41.6201   48412   0.00586411   0.0090483   -0.0119995
41.669   98788   0.0127638   0.0682436   0.027842
41.7179   195168   0.0186595   -0.0221455   -0.0558134
41.7667   49644   0.0402611   -0.0993225   0.0360234
41.8642   148264   0.0337225   0.0707283   -0.0341283
41.9128   96930   0.0380147   0.115398   0.0552589
42.0099   48808   -0.00339799   -0.0463189   -0.0565246
42.0584   146526   0.0309753   0.1206   0.0880928
42.1069   122274   0.03096   0.0400283   0.0189434
42.1552   146580   0.026133   0.107101   -0.0493803
42.2035   48892   0.0270563   -0.147088   -0.179183
42.2518   194856   0.0118131   -0.0411704   -0.0211861
42.3   96466   -0.0157819   0.0933803   0.0879473
42.4443   243160   0.000954463   0.0779988   -0.00215046
42.4923   96762   0.00256374   -0.0492538   0.0843107
42.5402   97802   0.0358246   -0.0151005   -0.0139804
42.5881   48160   0.03277   0.0477567   0.00708243
42.6359   146400   0.0234244   0.0214871   -0.012408
42.6837   194978   0.0172753   0.0404116   0.0368201
42.8267   16562   0.0493478   0.027408   0.105823
42.8742   97946   0.0381597   0.077433   0.0647498
42.9217   148304   0.0321908   0.0451975   0.0305848
43.0166   48888   0.0230025   0.172442   0.126084
43.064   145700   0.0222069   0.0501624   -0.051263
43.1112   99200   0.04944   -0.0462416   0.0645983
43.2057   98610   0.0473493   0.0571621   -0.000671236
43.2528   146194   0.0271486   0.0881561   0.0250778
43.347   97348   0.0380805   0.140586   -0.0580031
43.4878   292716   0.0395109   0.0784064   0.0157968
43.6281   49014   0.0332875   -0.0179607   0.072008
43.6748   194886   0.0248818   0.0602155   0.121348
43.7215   48308   -0.00515642   0.194144   -0.0780602
43.768   48328   -0.0156364   -0.119318   -0.0294146
43.8146   48054   -0.0134572   -0.0742875   -0.0335072
43.8611   48770   0.00785828   0.125213   -0.145784
43.9539   16138   0.0347527   -0.281629   -0.00888184
44.0002   105548   0.0246445   0.0815846   -0.0326232
44.0465   146184   0.0424286   -0.0467529   0.185347
44.0928   146402   0.0431655   0.04323   0.000940389
44.139   98386   0.0389504   0.0387677   0.190633
44.2312   196686   0.0365985   0.0155616   0.134421
44.3692   48882   0.0390804   0.133245   0.0904595
44.4151   98720   0.0559028   -0.0719283   -0.0254747
44.461   48254   0.0318516   0.0697663   0.127197
44.5068   49138   0.0473373   0.0854438   -0.0132954
44.5526   48464   0.0213983   -0.0231633   0.00793353
44.5983   98250   0.0500851   0.207363   0.0351079
44.6439   97090   0.0424713   -0.0122779   0.032739
44.7807   48988   0.0558988   0.0332617   -0.124392
44.8262   48720   0.0389483   0.404974   -0.0124738
44.8716   145922   0.0471583   0.0663052   0.0280854
44.9624   97040   0.0343392   0.00321539   0.0231442
45.1884   96794   0.0185542   0.0346919   0.0625637
45.2335   97434   0.0295044   -0.10181   0.142411
45.3235   49416   0.0572014   0.0221631   0.0307885
45.3684   146182   0.0375416   0.0624594   0.155248
45.4133   148014   0.0533702   -0.0201871   -0.109534
45.503   48490   0.0364779   0.0683485   -0.111179
45.5478   48736   0.0443164   0.0206908   0.296918
45.5925   147850   0.0439739   0.0208618   0.0480286
45.6818   49174   0.0609835   -0.0437108   -0.103079
45.7709   98530   0.0570222   0.0460084   0.097581
45.9043   48392   0.0364042   0.195278   -0.00621793
45.9487   24506   0.0453369   0.073354   -0.0794063
45.993   48404   0.0460529   0.00870276   0.0379209
46.0373   49004   0.0506481   0.125691   0.155355
46.0815   48580   0.0441872   -0.0301947   0.0477116
46.1257   97578   0.058636   -0.00720444   -0.0121438
46.3461   97124   0.0460334   0.1479   0.0408194
46.3901   16454   0.0582875   -0.18451   0.0331935
46.4779   99092   0.0577641   0.0218301   0.0761314
46.6092   12034   -0.00547438   0.0800984   -0.0669771
46.6529   111266   0.0532931   -0.0414759   -0.0639559
46.6966   48478   0.0517219   -0.0648767   0.0277009
46.7402   99434   0.0586277   0.0192557   0.0335741
46.7838   60812   0.0439425   0.0597182   0.0779893
46.8273   48584   0.042901   -0.0280445   0.136266
47.0011   159866   0.0572401   0.0142532   0.0795827
47.1742   49222   0.0581158   -0.0605851   0.0646656
47.3467   12116   0.0411605   0.245861   -0.413531
47.4327   48682   0.0471253   0.00839522   0.207476
47.4756   48716   0.0630311   0.24688   -0.11665
47.5614   48666   0.0584785   -0.0434111   0.126426
47.6042   49738   0.0574528   -0.148391   0.080807
47.6898   49834   0.0586841   -0.00800682   0.132005
47.7325   12158   0.044572   0.156434   -0.150894
47.7752   99768   0.0564374   0.00922183   0.0108757
47.9455   99452   0.0627896   -0.0875671   0.0776924
48.0304   24920   0.0557649   0.0304968   -0.0409061
48.0728   48334   0.0535165   0.122596   -0.0465626
48.1152   49774   0.0586886   0.113534   0.128415
48.1998   12178   0.0478761   0.171742   0.0106172
48.2843   49124   0.0653331   -0.0593551   -0.076315
48.4108   49172   0.0625436   -0.00431912   0.00490196
48.7882   61840   0.053127   0.0401935   -0.0507401
48.8299   48628   0.0636635   -0.103014   0.0573849
48.8716   49680   0.0526806   -0.315102   -0.138254
48.955   99712   0.0556456   0.0395341   -0.100972
49.1212   50030   0.0552308   0.0303065   -0.0277134
49.2041   49718   0.0650118   -0.167853   0.144032
49.2869   49670   0.0625281   -0.00616967   -0.147251
49.452   12074   0.0554583   -0.161534   0.138114
49.6576   49062   0.066841   -0.0109455   0.0248427
49.9441   16414   0.0506762   -0.373691   -0.362818
50.0256   99246   0.049242   -0.10787   -0.0818758
50.1477   12232   0.0628364   -0.317818   0.0090542
50.1883   74726   0.0538541   0.0139565   -0.0280175
50.2694   49882   0.0559184   -0.0392086   -0.0408677
50.5524   49544   0.0632507   0.0476141   0.0366351
50.954   12256   0.0666321   -0.118446   -0.00455943
51.1535   49040   0.0462389   -0.124826   -0.31812
51.2332   49238   0.0473123   -0.428759   -0.145924
51.3126   49588   0.0478705   -0.145381   -0.150424
51.5108   49542   0.0540307   -0.164175   -0.134547
51.8264   12336   0.0646621   0.0672918   -0.18711
52.3351   48498   0.0455566   -0.0642387   -0.0580052
52.4518   24494   0.0434852   -0.0399787   -0.419669
52.5294   49296   0.0458048   -0.115155   -0.238494
52.7617   12254   0.0532674   -0.106423   -0.284833
53.5286   15860   0.0451821   -0.425107   -0.340144
53.6047   48186   0.0446778   -0.148877   -0.102614
53.7565   12322   0.0437804   -0.120294   -0.410554
54.7333   23654   0.04704   -0.122426   -0.220833
54.8077   11992   0.0410006   -0.365351   0.127038
55.9121   11786   0.0462355   0.337422   -0.0171778
