m  count[m]  count[m]*1.0/Nbond  nematic_count[m]  fraction_ nematic_cell[m] 
0 1536  0.00215488  0  0
1 647  0.000907688  0  0
2 846  0.00118687  592  0.699764
3 973  0.00136504  598  0.614594
4 1348  0.00189113  854  0.633531
5 1618  0.00226992  857  0.529666
6 1527  0.00214226  732  0.479371
7 1619  0.00227132  735  0.453984
8 1786  0.00250561  857  0.479843
9 1968  0.00276094  927  0.471037
10 1870  0.00262346  851  0.45508
11 1944  0.00272727  878  0.451646
12 1926  0.00270202  888  0.461059
13 2008  0.00281706  920  0.458167
14 1920  0.0026936  844  0.439583
15 1842  0.00258418  785  0.426167
16 1871  0.00262486  870  0.464992
17 1686  0.00236532  754  0.447212
18 1601  0.00224607  733  0.457839
19 1452  0.00203704  706  0.486226
20 1235  0.0017326  644  0.521457
21 941  0.00132015  518  0.550478
22 618  0.000867003  374  0.605178
23 336  0.00047138  185  0.550595
24 221  0.000310045  126  0.570136
25 117  0.000164141  69  0.589744
26 80  0.000112233  36  0.45
27 72  0.00010101  34  0.472222
28 54  7.57576e-05  29  0.537037
29 58  8.13692e-05  21  0.362069
30 48  6.73401e-05  11  0.229167
31 38  5.33109e-05  20  0.526316
32 29  4.06846e-05  17  0.586207
33 30  4.20875e-05  15  0.5
34 10  1.40292e-05  4  0.4
35 17  2.38496e-05  7  0.411765
36 12  1.6835e-05  7  0.583333
37 6  8.41751e-06  2  0.333333
38 4  5.61167e-06  3  0.75
39 8  1.12233e-05  6  0.75
40 1  1.40292e-06  1  1
41 4  5.61167e-06  3  0.75
42 1  1.40292e-06  1  1
43 2  2.80584e-06  2  1
44 2  2.80584e-06  1  0.5
46 2  2.80584e-06  1  0.5
49 1  1.40292e-06  1  1
54 1  1.40292e-06  1  1
56 1  1.40292e-06  0  0
 total number of grid elements is:35937
 total number of bonds from sumcount is:418541
 total number of nematic grid elements is:16520
 total number of bonds in the nematic grid elements is:200929
 degree of crystallinity is:0.459693
