m  count[m]  count[m]*1.0/Nbond  nematic_count[m]  fraction_ nematic_cell[m] 
0 1440  0.0020202  0  0
1 684  0.000959596  0  0
2 805  0.00112935  572  0.710559
3 944  0.00132435  551  0.583686
4 1365  0.00191498  838  0.613919
5 1529  0.00214506  772  0.504905
6 1528  0.00214366  710  0.46466
7 1549  0.00217312  690  0.445449
8 1738  0.00243827  809  0.465478
9 1869  0.00262205  798  0.426966
10 1931  0.00270903  818  0.423615
11 1937  0.00271745  844  0.435725
12 2001  0.00280724  867  0.433283
13 1881  0.00263889  776  0.412547
14 1834  0.00257295  818  0.44602
15 1847  0.00259119  792  0.428803
16 1815  0.0025463  800  0.440771
17 1637  0.00229658  710  0.43372
18 1578  0.0022138  683  0.432826
19 1382  0.00193883  655  0.473951
20 1184  0.00166105  598  0.505068
21 909  0.00127525  492  0.541254
22 595  0.000834736  342  0.57479
23 329  0.00046156  191  0.580547
24 229  0.000321268  128  0.558952
25 135  0.000189394  56  0.414815
26 111  0.000155724  39  0.351351
27 98  0.000137486  35  0.357143
28 81  0.000113636  20  0.246914
29 66  9.25926e-05  26  0.393939
30 80  0.000112233  21  0.2625
31 88  0.000123457  26  0.295455
32 72  0.00010101  23  0.319444
33 48  6.73401e-05  16  0.333333
34 58  8.13692e-05  17  0.293103
35 64  8.97868e-05  22  0.34375
36 41  5.75196e-05  15  0.365854
37 44  6.17284e-05  17  0.386364
38 42  5.89226e-05  12  0.285714
39 32  4.48934e-05  8  0.25
40 37  5.1908e-05  10  0.27027
41 33  4.62963e-05  10  0.30303
42 38  5.33109e-05  10  0.263158
43 25  3.5073e-05  5  0.2
44 32  4.48934e-05  10  0.3125
45 22  3.08642e-05  7  0.318182
46 20  2.80584e-05  6  0.3
47 15  2.10438e-05  3  0.2
48 20  2.80584e-05  10  0.5
49 14  1.96409e-05  7  0.5
50 7  9.82043e-06  1  0.142857
51 15  2.10438e-05  3  0.2
52 7  9.82043e-06  2  0.285714
53 6  8.41751e-06  1  0.166667
54 7  9.82043e-06  1  0.142857
55 2  2.80584e-06  1  0.5
56 3  4.20875e-06  2  0.666667
57 1  1.40292e-06  1  1
58 1  1.40292e-06  0  0
59 3  4.20875e-06  0  0
60 3  4.20875e-06  1  0.333333
61 4  5.61167e-06  0  0
62 1  1.40292e-06  0  0
65 1  1.40292e-06  0  0
66 1  1.40292e-06  0  0
67 2  2.80584e-06  0  0
68 3  4.20875e-06  2  0.666667
69 1  1.40292e-06  0  0
71 2  2.80584e-06  1  0.5
72 1  1.40292e-06  0  0
73 1  1.40292e-06  0  0
75 1  1.40292e-06  0  0
77 3  4.20875e-06  1  0.333333
78 1  1.40292e-06  0  0
81 1  1.40292e-06  0  0
84 1  1.40292e-06  1  1
90 1  1.40292e-06  0  0
99 1  1.40292e-06  0  0
 total number of grid elements is:35937
 total number of bonds from sumcount is:440115
 total number of nematic grid elements is:15703
 total number of bonds in the nematic grid elements is:196095
 degree of crystallinity is:0.436959
