m  countseg_amorph  countseg_crys  countseg_tie  pdfseg_amorph[m]  pdfseg_crys  pdfseg_tie
1 2427 1705 0.0987991  0.0767569  0
2 2158 1582 0.0878486  0.0712196  0
3 1993 1512 0.0811317  0.0680682  0.0654921
4 1804 1898 0.0734378  0.0854455  0.0670048
5 1779 1677 0.0724201  0.0754963  0.0774159
6 1495 1048 0.0608589  0.0471796  0.0692294
7 1362 911 0.0554447  0.041012  0.0691404
8 1133 995 0.0461225  0.0447936  0.0612209
9 1092 1202 0.0444535  0.0541125  0.0615768
10 954 969 0.0388357  0.0436231  0.0542801
11 874 813 0.0355791  0.0366002  0.0491191
12 750 916 0.0305312  0.0412371  0.0460046
13 736 1117 0.0299613  0.0502859  0.044225
14 578 874 0.0235294  0.0393463  0.0323901
15 528 697 0.021494  0.031378  0.0313223
16 455 663 0.0185223  0.0298474  0.0261612
17 440 691 0.0179117  0.0311079  0.0254494
18 406 544 0.0165276  0.0244902  0.0230468
19 381 422 0.0155099  0.0189979  0.0233138
20 306 341 0.0124567  0.0153514  0.0172629
21 273 334 0.0111134  0.0150362  0.0145044
22 256 261 0.0104213  0.0117499  0.0151272
23 241 203 0.00981071  0.00913879  0.0129027
24 201 146 0.00818237  0.00657273  0.0103221
25 197 142 0.00801954  0.00639265  0.0122798
26 179 120 0.00728679  0.00540224  0.0105001
27 139 89 0.00565846  0.00400666  0.00800854
28 132 70 0.0053735  0.00315131  0.00729667
29 137 88 0.00557704  0.00396164  0.00720769
30 113 83 0.00460004  0.00373655  0.00516106
31 105 58 0.00427437  0.00261108  0.00507208
32 89 61 0.00362304  0.00274614  0.00498309
33 78 54 0.00317525  0.00243101  0.00418224
34 69 51 0.00280887  0.00229595  0.00427122
35 51 54 0.00207612  0.00243101  0.00231358
36 75 72 0.00305312  0.00324135  0.00391529
37 54 49 0.00219825  0.00220592  0.00293647
38 57 60 0.00232037  0.00270112  0.00293647
39 39 36 0.00158762  0.00162067  0.00186866
40 38 40 0.00154692  0.00180075  0.0027585
41 44 44 0.00179117  0.00198082  0.00249155
42 28 49 0.00113983  0.00220592  0.00142374
43 31 42 0.00126196  0.00189078  0.00169069
44 33 34 0.00134337  0.00153064  0.00115679
45 15 43 0.000610625  0.0019358  0.000622887
46 20 28 0.000814166  0.00126052  0.00142374
47 19 38 0.000773458  0.00171071  0.000800854
48 24 33 0.000977  0.00148562  0.000978822
49 13 27 0.000529208  0.0012155  0.000800854
50 15 19 0.000610625  0.000855355  0.000889838
51 8 28 0.000325667  0.00126052  0.000266951
52 14 38 0.000569917  0.00171071  0.000622887
53 12 32 0.0004885  0.0014406  0.000444919
54 13 25 0.000529208  0.00112547  0.000800854
55 8 16 0.000325667  0.000720299  0.000355935
56 13 20 0.000529208  0.000900374  0.000800854
57 6 19 0.00024425  0.000855355  8.89838e-05
58 5 19 0.000203542  0.000855355  0.000177968
59 8 14 0.000325667  0.000630262  8.89838e-05
60 6 22 0.00024425  0.000990411  0.000177968
61 3 18 0.000122125  0.000810336  0.000177968
62 7 27 0.000284958  0.0012155  0.000355935
63 5 20 0.000203542  0.000900374  8.89838e-05
64 8 17 0.000325667  0.000765318  0.000177968
65 2 20 8.14166e-05  0.000900374  8.89838e-05
66 1 13 4.07083e-05  0.000585243  8.89838e-05
67 1 12 4.07083e-05  0.000540224  8.89838e-05
68 1 19 4.07083e-05  0.000855355  0
69 5 14 0.000203542  0.000630262  8.89838e-05
70 2 12 8.14166e-05  0.000540224  8.89838e-05
71 3 13 0.000122125  0.000585243  0
72 2 17 8.14166e-05  0.000765318  0
73 3 15 0.000122125  0.00067528  0.000177968
74 1 12 4.07083e-05  0.000540224  0
75 0 13 0  0.000585243  0
76 2 11 8.14166e-05  0.000495206  0
77 0 10 0  0.000450187  0
78 1 11 4.07083e-05  0.000495206  0
79 1 7 4.07083e-05  0.000315131  8.89838e-05
80 1 15 4.07083e-05  0.00067528  0
81 0 14 0  0.000630262  0
82 1 9 4.07083e-05  0.000405168  0
83 1 12 4.07083e-05  0.000540224  0
84 2 8 8.14166e-05  0.000360149  8.89838e-05
85 1 11 4.07083e-05  0.000495206  0
86 0 5 0  0.000225093  0
87 0 8 0  0.000360149  0
88 0 13 0  0.000585243  0
89 1 3 4.07083e-05  0.000135056  8.89838e-05
90 1 4 4.07083e-05  0.000180075  0
91 0 7 0  0.000315131  0
92 0 13 0  0.000585243  0
93 0 10 0  0.000450187  0
94 0 10 0  0.000450187  0
95 0 18 0  0.000810336  0
96 0 18 0  0.000810336  0
97 0 10 0  0.000450187  0
98 0 19 0  0.000855355  0
99 0 1774 0  0.0798631  0
the  average length of crystalline segments is=20.8847 of  amorphous segments is =9.93365
the length weighted  average length of crystalline segments is=54.7405 of  amorphous segments is =19.1356
