k tiecount  Rex2  Rey2  Rez2  Ree2 
3 597 0.615928 0.651003 0.644203 1.91113
4 592 0.976582 1.04241 1.11589 3.13488
5 637 1.50599 1.60339 1.44801 4.55739
6 570 1.93595 1.74577 1.98293 5.66464
7 508 2.40901 2.23762 2.25518 6.9018
8 471 2.76245 2.56722 2.78471 8.11437
9 412 3.47765 3.32993 3.08696 9.89454
10 396 4.40071 3.56778 3.84755 11.816
11 340 4.86497 4.2569 3.81269 12.9346
12 312 5.05652 4.33046 5.95574 15.3427
13 256 6.40533 5.70796 5.76177 17.8751
14 268 6.9065 6.34606 6.73483 19.9874
15 200 6.64265 7.12255 7.35002 21.1152
16 178 7.30561 8.43081 7.09393 22.8303
17 194 8.09767 8.77125 8.08004 24.9489
18 140 8.64199 9.36288 10.3315 28.3364
19 145 11.5637 11.3925 8.44026 31.3965
20 122 10.026 11.238 11.0533 32.3172
21 110 12.8741 10.7304 10.7009 34.3054
22 90 10.1847 13.7213 12.8853 36.7913
23 73 15.0863 14.6037 12.0699 41.7599
24 59 15.0083 10.3314 15.6672 41.0069
25 70 11.8056 14.1967 12.6794 38.6818
26 67 15.6283 15.1152 15.0784 45.8219
27 59 16.4617 12.884 14.9079 44.2536
28 40 16.7428 22.925 22.1927 61.8605
29 44 19.6864 16.041 22.9994 58.7268
30 38 22.5102 13.0918 15.8507 51.4526
31 35 19.1831 13.3723 15.6296 48.185
32 21 29.3864 23.5364 18.1056 71.0284
33 23 27.4329 18.3927 19.9365 65.7621
34 24 23.0981 19.4517 21.9214 64.4712
35 27 26.1971 18.4646 11.4035 56.0652
36 13 27.7569 15.3049 45.5232 88.585
37 15 19.7142 21.5584 27.004 68.2766
38 16 27.0829 19.0752 18.7736 64.9317
39 9 42.3219 14.1065 33.7827 90.2111
40 4 17.4911 24.9457 23.909 66.3458
41 9 14.8066 14.3493 30.035 59.1909
42 7 19.2001 28.6799 22.2765 70.1565
43 10 28.0699 29.3128 13.8401 71.2227
44 4 2.20896 43.534 15.6243 61.3673
45 7 20.678 27.4642 19.2988 67.441
46 6 11.6666 45.15 20.429 77.2456
47 7 18.2451 4.98796 22.5769 45.81
48 3 54.4336 79.4622 82.3676 216.263
49 3 9.3568 4.84802 70.4923 84.6971
50 3 27.2895 24.5569 26.1732 78.0197
51 2 78.8147 44.354 11.2811 134.45
52 3 12.2392 53.2328 55.7306 121.202
53 2 57.6878 7.0036 10.697 75.3884
54 2 77.6528 48.322 52.4973 178.472
55 1 4.49652 115.769 5.13929 125.405
56 1 4.90268 17.5067 3.43732 25.8467
57 1 83.9771 0.410125 56.7566 141.144
58 1 13.1733 46.0655 106.632 165.871
59 1 6.09645 13.0386 17.2507 36.3858
60 1 34.226 14.1038 0.0217592 48.3515
62 1 18.1377 71.3297 7.44471 96.9121
63 1 65.9945 18.2575 110.719 194.971
67 1 93.8632 3.74113 3.54652 101.151
72 1 4.36225 50.2114 3.54279 58.1164
