m  countseg_amorph  countseg_crys  countseg_tie  pdfseg_amorph[m]  pdfseg_crys  pdfseg_tie
1 2440 1646 0.105545  0.0770383  0
2 2231 1508 0.0965049  0.0705794  0
3 1941 1406 0.0839606  0.0658055  0.0670979
4 1832 1670 0.0792456  0.0781616  0.0746283
5 1680 1448 0.0726706  0.0677712  0.0813864
6 1358 950 0.0587421  0.0444632  0.0685461
7 1286 796 0.0556276  0.0372555  0.0703804
8 1129 889 0.0488364  0.0416082  0.0644912
9 947 1007 0.0409638  0.047131  0.058409
10 962 769 0.0416126  0.0359918  0.0591813
11 781 706 0.0337832  0.0330432  0.0500097
12 686 774 0.0296738  0.0362258  0.0433481
13 634 938 0.0274245  0.0439015  0.0412242
14 561 681 0.0242668  0.0318731  0.0363004
15 481 667 0.0208063  0.0312178  0.0313767
16 453 700 0.0195951  0.0327623  0.0276115
17 367 752 0.0158751  0.0351961  0.0228809
18 324 598 0.0140151  0.0279884  0.0205638
19 313 424 0.0135392  0.0198446  0.0204673
20 285 451 0.0123281  0.0211083  0.0169917
21 233 402 0.0100787  0.0188149  0.0130334
22 217 378 0.00938663  0.0176917  0.0134196
23 201 278 0.00869452  0.0130113  0.0128403
24 190 196 0.0082187  0.00917345  0.0123576
25 138 203 0.00596937  0.00950108  0.00888202
26 141 152 0.00609914  0.00711411  0.00888202
27 120 158 0.00519076  0.00739493  0.00753041
28 105 103 0.00454192  0.00482074  0.00637189
29 94 102 0.0040661  0.00477394  0.00569608
30 96 82 0.00415261  0.00383787  0.00627534
31 80 69 0.00346051  0.00322943  0.00434447
32 96 68 0.00415261  0.00318263  0.00637189
33 76 47 0.00328748  0.00219976  0.00492373
34 74 67 0.00320097  0.00313582  0.00405484
35 48 48 0.0020763  0.00224656  0.00279977
36 50 41 0.00216282  0.00191894  0.00279977
37 38 45 0.00164374  0.00210615  0.00222051
38 40 39 0.00173025  0.00182533  0.00251014
39 31 34 0.00134095  0.00159131  0.00202742
40 28 42 0.00121118  0.00196574  0.00144816
41 28 22 0.00121118  0.00102967  0.00164124
42 37 51 0.00160048  0.00238697  0.00241359
43 26 52 0.00112466  0.00243377  0.00144816
44 20 40 0.000865127  0.00187213  0.00106198
45 16 33 0.000692101  0.00154451  0.000868894
46 14 45 0.000605589  0.00210615  0.000482719
47 21 42 0.000908383  0.00196574  0.00125507
48 15 39 0.000648845  0.00182533  0.000579262
49 22 40 0.000951639  0.00187213  0.000868894
50 13 40 0.000562332  0.00187213  0.00115852
51 14 31 0.000605589  0.0014509  0.000675806
52 10 32 0.000432563  0.00149771  0.000868894
53 7 36 0.000302794  0.00168492  0.000482719
54 7 21 0.000302794  0.00098287  9.65437e-05
55 8 36 0.000346051  0.00168492  0.000289631
56 8 24 0.000346051  0.00112328  0.000193087
57 8 42 0.000346051  0.00196574  0.000193087
58 5 19 0.000216282  0.000889263  0.000193087
59 5 24 0.000216282  0.00112328  0
60 2 25 8.65127e-05  0.00117008  9.65437e-05
61 6 20 0.000259538  0.000936067  0.000193087
62 8 18 0.000346051  0.00084246  0.000193087
63 1 24 4.32563e-05  0.00112328  9.65437e-05
64 0 23 0  0.00107648  0
65 2 20 8.65127e-05  0.000936067  0.000193087
66 4 22 0.000173025  0.00102967  9.65437e-05
67 1 10 4.32563e-05  0.000468033  0
68 3 19 0.000129769  0.000889263  0.000193087
69 3 22 0.000129769  0.00102967  9.65437e-05
70 2 21 8.65127e-05  0.00098287  9.65437e-05
71 0 20 0  0.000936067  0
72 2 18 8.65127e-05  0.00084246  0.000193087
73 1 9 4.32563e-05  0.00042123  0
74 1 20 4.32563e-05  0.000936067  0
75 0 11 0  0.000514837  0
76 1 11 4.32563e-05  0.000514837  0
77 1 7 4.32563e-05  0.000327623  0
78 3 9 0.000129769  0.00042123  0
79 0 12 0  0.00056164  0
80 0 8 0  0.000374427  0
81 1 12 4.32563e-05  0.00056164  0
82 0 10 0  0.000468033  0
83 0 10 0  0.000468033  0
84 1 5 4.32563e-05  0.000234017  0
85 0 12 0  0.00056164  0
86 2 8 8.65127e-05  0.000374427  9.65437e-05
87 0 8 0  0.000374427  0
88 0 11 0  0.000514837  0
89 1 10 4.32563e-05  0.000468033  0
90 0 4 0  0.000187213  0
91 0 13 0  0.000608443  0
92 0 12 0  0.00056164  0
93 0 10 0  0.000468033  0
94 0 10 0  0.000468033  0
95 0 8 0  0.000374427  0
96 0 13 0  0.000608443  0
97 0 27 0  0.00126369  0
98 0 16 0  0.000748853  0
99 1 1969 4.32563e-05  0.0921558  0
the  average length of crystalline segments is=22.9583 of  amorphous segments is =9.4131
the length weighted  average length of crystalline segments is=57.0059 of  amorphous segments is =18.4241
