theta count1[theta]pdf1[theta]count2[theta]pdf2[theta]count3[theta]pdf3[theta]
0  5 0.0123327 3 0.00739964 4 0.00986619
0.025  9 0.0221989 8 0.0197324 17 0.0419313
0.05  16 0.0394648 15 0.0369982 20 0.0493309
0.075  25 0.0616637 16 0.0394648 27 0.0665968
0.1  37 0.0912623 27 0.0665968 36 0.0887957
0.125  57 0.140593 29 0.0715299 42 0.103595
0.15  89 0.219523 25 0.0616637 47 0.115928
0.175  96 0.236789 37 0.0912623 64 0.157859
0.2  62 0.152926 37 0.0912623 74 0.182525
0.225  84 0.20719 49 0.120861 81 0.19979
0.25  71 0.175125 47 0.115928 78 0.192391
0.275  119 0.293519 73 0.180058 85 0.209657
0.3  124 0.305852 89 0.219523 105 0.258987
0.325  149 0.367516 99 0.244188 96 0.236789
0.35  163 0.402047 132 0.325584 112 0.276253
0.375  208 0.513042 166 0.409447 128 0.315718
0.4  192 0.473577 187 0.461244 164 0.404514
0.425  207 0.510575 239 0.589505 188 0.463711
0.45  193 0.476044 248 0.611704 234 0.577172
0.475  161 0.397114 255 0.62897 221 0.545107
0.5  177 0.436579 226 0.55744 229 0.564839
0.525  200 0.493309 241 0.594438 197 0.48591
0.55  168 0.41438 235 0.579639 192 0.473577
0.575  173 0.426713 244 0.601838 178 0.439045
0.6  203 0.500709 253 0.624037 187 0.461244
0.625  260 0.641302 273 0.673367 156 0.384781
0.65  259 0.638836 222 0.547574 211 0.520442
0.675  261 0.643769 258 0.636369 229 0.564839
0.7  309 0.762163 221 0.545107 268 0.661035
0.725  314 0.774496 257 0.633903 311 0.767096
0.75  306 0.754764 270 0.665968 289 0.712832
0.775  308 0.759697 308 0.759697 313 0.772029
0.8  284 0.700499 341 0.841093 288 0.710366
0.825  326 0.804094 375 0.924955 318 0.784362
0.85  258 0.636369 423 1.04335 313 0.772029
0.875  271 0.668434 443 1.09268 379 0.934821
0.9  343 0.846026 463 1.14201 392 0.966887
0.925  379 0.934821 496 1.22341 367 0.905223
0.95  363 0.895357 390 0.961954 344 0.848492
0.975  341 0.841093 349 0.860825 360 0.887957
1  330 0.813961 311 0.767096 328 0.809028
1.025  361 0.890424 325 0.801628 306 0.754764
1.05  376 0.927422 355 0.875624 311 0.767096
1.075  447 1.10255 362 0.89289 336 0.82876
1.1  460 1.13461 352 0.868225 352 0.868225
1.125  528 1.30234 386 0.952087 386 0.952087
1.15  437 1.07788 348 0.858359 408 1.00635
1.175  404 0.996485 347 0.855892 420 1.03595
1.2  389 0.959487 389 0.959487 418 1.03102
1.225  333 0.82136 403 0.994019 377 0.929888
1.25  357 0.880557 395 0.974286 425 1.04828
1.275  349 0.860825 391 0.96442 374 0.922489
1.3  407 1.00388 372 0.917556 397 0.979219
1.325  358 0.883024 348 0.858359 361 0.890424
1.35  359 0.885491 365 0.90029 426 1.05075
1.375  372 0.917556 318 0.784362 417 1.02855
1.4  364 0.897823 268 0.661035 444 1.09515
1.425  378 0.932355 287 0.707899 439 1.08281
1.45  378 0.932355 307 0.75723 406 1.00142
1.475  365 0.90029 350 0.863292 427 1.05322
1.5  349 0.860825 395 0.974286 420 1.03595
1.525  312 0.769563 395 0.974286 379 0.934821
1.55  234 0.577172 379 0.934821 316 0.779429
1.575  0 0 0 0 0 0
