clustersize volume  vol/VtotNcluster[i]  pdf1  volume-pdf
0 0 0 1 0 0 0
1 8.74818 3.05176e-05 1191 0.834618 0.0367207 0.0181732
2 17.4964 6.10352e-05 89 0.0623686 0.0082321 0.0040741
3 26.2445 9.15527e-05 22 0.015417 0.0033915 0.00167847
4 34.9927 0.00012207 9 0.00630694 0.00194241 0.000961304
5 43.7409 0.000152588 9 0.00630694 0.00249738 0.00123596
7 61.2373 0.000213623 11 0.00385424 0.0020349 0.00100708
10 87.4818 0.000305176 11 0.00256949 0.00192185 0.000951131
20 174.964 0.000610352 5 0.000350385 0.000462478 0.000228882
30 262.445 0.000915527 7 0.00049054 0.00107911 0.000534058
40 349.927 0.0012207 10 0.000700771 0.00215823 0.00106812
50 437.409 0.00152588 3 0.000210231 0.00083246 0.000411987
60 524.891 0.00183105 6 0.000420463 0.0020349 0.00100708
70 612.373 0.00213623 5 0.000350385 0.00200407 0.000991821
100 874.818 0.00305176 13 0.000303667 0.00227128 0.00112406
200 1749.64 0.00610352 17 0.000119131 0.00157242 0.000778198
300 2624.45 0.00915527 7 4.9054e-05 0.00107911 0.000534058
400 3499.27 0.012207 4 2.80308e-05 0.000863292 0.000427246
500 4374.09 0.0152588 2 1.40154e-05 0.000554973 0.000274658
700 6123.73 0.0213623 2 7.00771e-06 0.000369982 0.000183105
1000 8748.18 0.0305176 2 4.67181e-06 0.000349428 0.000172933
2000 17496.4 0.0610352 2 1.40154e-06 0.000184991 9.15527e-05
the total number of clusters with at least 2 elements is 236 nematic grid elements
 The total number of independent crystalline domains is:  1427
 The average cluster size of crystalline domains is :  11.3644
 The average volume fraction of crystalline domains is :  0.0160185
 The total number of  crystalline grid elements is:  16217
 S_Ree globalNem Vtotal  Ngrid  crystallinity  avenclust avecclust/Ngrid avevol  avevol/Vtot 
0.0271446 -0.039749 286660 32768 0.494904 11.3644 0.000346814 4591.87 0.0160185
