3 452
248 251 257 260 344 347 1897 1900 3160 3163 5559 5562 5661 5664 7597 7600 9128 9131 9682 9685 12197 12200 12619 12622 13194 13197 13838 13841 14150 14153 15379 15382 15870 15873 17169 17172 17324 17327 27116 27119 29397 29400 33397 33400 36563 36566 37797 37800 37822 37825 40705 40708 44697 44700 46012 46015 46492 46495 46542 46545 47166 47169 48350 48353 49322 49325 51015 51018 51820 51823 55076 55079 57937 57940 59290 59293 59497 59500 60927 60930 61979 61982 62021 62024 63148 63151 67397 67400 67934 67937 68651 68654 69595 69598 70759 70762 73489 73492 76297 76300 77369 77372 77489 77492 79097 79100 79397 79400 79497 79500 80267 80270 83830 83833 88816 88819 89686 89689 89769 89772 90472 90475 91092 91095 92604 92607 102497 102500 107665 107668 109106 109109 111358 111361 113408 113411 113739 113742 118240 118243 119285 119288 119497 119500 119803 119806 119835 119838 121936 121939 122352 122355 123313 123316 125697 125700 134570 134573 138507 138510 138987 138990 139204 139207 140997 141000 142797 142800 143497 143500 145397 145400 147342 147345 147504 147507 149087 149090 151309 151312 152246 152249 152997 153000 153628 153631 153850 153853 155507 155510 155542 155545 159724 159727 161018 161021 161224 161227 161638 161641 163415 163418 164293 164296 165307 165310 165997 166000 168197 168200 169414 169417 169491 169494 173578 173581 175097 175100 179141 179144 182645 182648 184177 184180 184964 184967 187561 187564 189539 189542 194618 194621 194997 195000 195485 195488 195897 195900 200585 200588 200897 200900 201019 201022 209495 209498 211097 211100 212197 212200 212860 212863 213171 213174 214720 214723 216031 216034 225349 225352 226697 226700 229797 229800 230879 230882 231197 231200 232643 232646 232780 232783 236697 236700 239297 239300 240632 240635 241788 241791 242303 242306 242560 242563 242632 242635 243040 243043 243217 243220 244197 244200 251481 251484 251522 251525 252048 252051 252397 252400 252546 252549 253097 253100 255964 255967 256093 256096 256722 256725 258189 258192 258557 258560 259374 259377 260008 260011 261446 261449 261647 261650 264910 264913 265932 265935 268115 268118 268604 268607 270076 270079 272191 272194 274597 274600 276909 276912 276916 276919 279297 279300 279741 279744 280312 280315 290279 290282 291762 291765 292297 292300 292548 292551 296445 296448 298754 298757 299883 299886 302494 302497 302754 302757 305303 305306 305325 305328 305397 305400 306894 306897 312124 312127 312497 312500 313397 313400 313963 313966 315197 315200 317850 317853 318539 318542 321037 321040 324297 324300 325079 325082 325384 325387 326418 326421 327209 327212 327797 327800 330193 330196 330965 330968 331336 331339 333297 333300 334087 334090 334291 334294 335081 335084 337276 337279 338978 338981 339607 339610 340676 340679 344503 344506 345019 345022 345222 345225 346423 346426 348026 348029 348754 348757 349364 349367 349406 349409 351991 351994 352497 352500 354105 354108 354631 354634 356347 356350 356356 356359 357397 357400 357497 357500 358793 358796 360157 360160 361997 362000 363797 363800 364007 364010 366797 366800 367064 367067 367562 367565 369931 369934 370097 370100 370989 370992 389135 389138 390697 390700 396177 396180 396184 396187 396997 397000 397997 398000 401297 401300 404802 404805 409397 409400 412078 412081 415297 415300 418848 418851 420254 420257 422697 422700 424131 424134 424973 424976 426022 426025 426952 426955 426989 426992 429396 429399 432774 432777 432793 432796 436797 436800 437211 437214 437274 437277 440208 440211 440230 440233 441752 441755 444308 444311 445273 445276 445283 445286 446125 446128 448497 448500 449395 449398 450297 450300 451705 451708 451897 451900 453849 453852 454597 454600 457174 457177 461597 461600 462287 462290 464638 464641 467395 467398 471452 471455 473497 473500 475646 475649 475874 475877 480985 480988 483097 483100 485344 485347 487283 487286 487731 487734 487871 487874 496812 496815 497728 497731 502590 502593 504066 504069 504097 504100 508365 508368 508761 508764 510248 510251 510677 510680 511917 511920 513849 513852 515897 515900 521234 521237 521259 521262 525268 525271 528234 528237 532081 532084 532797 532800 534897 534900 536577 536580 536736 536739 538250 538253 538911 538914 539823 539826 541658 541661 542716 542719 546006 546009 547582 547585 550610 550613 551170 551173 551356 551359 553029 553032 553297 553300 553503 553506 553945 553948 556397 556400 556718 556721 556738 556741 556918 556921 557397 557400 564097 564100 567028 567031 567221 567224 568608 568611 569492 569495 572163 572166 572297 572300 572691 572694 573097 573100 573393 573396 575480 575483 580138 580141 583404 583407 585597 585600 588762 588765 590397 590400 593451 593454 595160 595163 596597 596600 598009 598012 600797 600800 602097 602100 602653 602656 603288 603291 603297 603300 605514 605517 606497 606500 607953 607956 608197 608200 608455 608458 612624 612627 613060 613063 613074 613077 613097 613100 613147 613150 613270 613273 613548 613551 616825 616828 617483 617486 619397 619400 622816 622819 623283 623286 625297 625300 627297 627300 627981 627984 628597 628600 630897 630900 631243 631246 631297 631300 631697 631700 632018 632021 632179 632182 635237 635240 635597 635600 638593 638596 638627 638630 639982 639985 640597 640600 640822 640825 643597 643600 644816 644819 647224 647227 648588 648591 649345 649348 652073 652076 652554 652557 655597 655600 661728 661731 664302 664305 664497 664500 666102 666105 666797 666800 668024 668027 668288 668291 670111 670114 670770 670773 671897 671900 673408 673411 676297 676300 677097 677100 677297 677300 678366 678369 678784 678787 680889 680892 681010 681013 682897 682900 688027 688030 688667 688670 690402 690405 690413 690416 690897 690900 696758 696761 697057 697060 697139 697142 697297 697300 699020 699023 699197 699200 699640 699643 699897 699900 700837 700840 702197 702200 703581 703584 703797 703800 706782 706785 706953 706956 707297 707300 707636 707639 708075 708078 710284 710287 711297 711300 713767 713770 714016 714019 714897 714900 717451 717454 717480 717483 717930 717933 718522 718525 718923 718926 719308 719311 719797 719800 
4 476
1185 1189 2465 2469 3509 3513 7720 7724 9185 9189 9896 9900 11293 11297 15339 15343 15413 15417 19187 19191 25405 25409 25887 25891 30364 30368 31788 31792 32796 32800 34682 34686 34796 34800 35496 35500 40296 40300 40306 40310 47753 47757 50276 50280 51496 51500 51871 51875 52050 52054 63463 63467 65596 65600 69162 69166 69718 69722 69796 69800 72196 72200 73047 73051 73482 73486 74296 74300 75904 75908 76010 76014 76865 76869 78059 78063 83333 83337 85196 85200 85943 85947 87143 87147 87715 87719 88956 88960 90069 90073 90720 90724 91459 91463 94004 94008 95394 95398 98464 98468 99996 100000 100222 100226 100796 100800 101593 101597 102751 102755 103070 103074 103796 103800 105213 105217 105275 105279 108255 108259 111454 111458 111663 111667 113729 113733 117771 117775 117796 117800 118109 118113 119695 119699 121296 121300 123095 123099 124722 124726 126221 126225 128019 128023 128196 128200 128390 128394 129896 129900 130596 130600 133130 133134 138976 138980 139696 139700 140271 140275 141711 141715 143950 143954 144774 144778 147755 147759 149548 149552 150576 150580 153096 153100 154753 154757 154943 154947 156013 156017 157196 157200 159894 159898 162196 162200 162819 162823 163425 163429 166728 166732 166996 167000 168534 168538 168910 168914 173566 173570 178048 178052 179696 179700 181953 181957 182370 182374 182746 182750 182896 182900 183335 183339 186096 186100 187922 187926 190387 190391 191396 191400 192296 192300 195490 195494 197583 197587 198211 198215 198916 198920 199196 199200 200775 200779 201296 201300 203876 203880 205790 205794 208461 208465 208479 208483 212778 212782 215180 215184 215616 215620 216596 216600 217983 217987 221868 221872 222959 222963 223178 223182 227486 227490 228891 228895 231896 231900 232051 232055 232096 232100 233678 233682 233696 233700 233864 233868 235262 235266 235890 235894 235896 235900 236537 236541 238370 238374 239383 239387 239396 239400 240645 240649 243764 243768 247396 247400 248147 248151 251323 251327 251982 251986 253896 253900 255980 255984 256819 256823 259496 259500 259845 259849 260896 260900 261796 261800 264603 264607 266345 266349 267277 267281 268296 268300 270096 270100 270567 270571 271187 271191 271215 271219 272148 272152 274413 274417 275550 275554 276043 276047 276496 276500 278296 278300 279153 279157 279254 279258 279432 279436 280249 280253 280749 280753 282196 282200 283448 283452 283596 283600 283960 283964 287390 287394 288751 288755 290635 290639 290724 290728 292975 292979 294346 294350 294356 294360 297360 297364 299619 299623 299796 299800 301077 301081 303196 303200 305318 305322 307051 307055 307317 307321 307620 307624 307718 307722 307773 307777 309496 309500 310440 310444 311329 311333 312015 312019 312296 312300 312841 312845 314370 314374 314387 314391 315184 315188 316296 316300 319465 319469 319612 319616 325131 325135 325375 325379 329334 329338 330453 330457 331020 331024 333519 333523 336048 336052 337025 337029 340896 340900 342720 342724 346543 346547 349035 349039 351174 351178 352074 352078 352096 352100 353796 353800 353876 353880 356539 356543 357617 357621 359859 359863 361137 361141 363262 363266 364496 364500 365955 365959 366810 366814 369430 369434 370478 370482 371219 371223 373139 373143 373405 373409 374875 374879 375779 375783 377724 377728 378732 378736 379296 379300 380496 380500 381882 381886 382796 382800 382874 382878 383885 383889 384883 384887 385150 385154 387089 387093 387396 387400 394312 394316 395922 395926 396125 396129 398096 398100 398973 398977 400796 400800 400950 400954 401453 401457 403680 403684 405396 405400 405640 405644 405812 405816 408532 408536 411024 411028 412292 412296 415387 415391 418396 418400 420796 420800 422021 422025 422096 422100 423943 423947 425577 425581 425696 425700 427131 427135 427178 427182 427963 427967 429304 429308 429596 429600 431420 431424 434316 434320 437296 437300 438262 438266 438389 438393 439196 439200 440150 440154 443504 443508 443926 443930 445266 445270 445496 445500 448830 448834 451602 451606 452514 452518 454024 454028 455396 455400 457867 457871 461183 461187 462269 462273 467724 467728 474083 474087 474876 474880 475859 475863 476864 476868 481086 481090 481896 481900 483337 483341 484696 484700 486452 486456 487781 487785 488933 488937 491026 491030 496188 496192 498704 498708 502596 502600 504423 504427 507256 507260 511507 511511 511926 511930 512241 512245 514096 514100 514190 514194 515262 515266 515609 515613 515931 515935 519115 519119 519181 519185 519373 519377 519781 519785 520770 520774 520896 520900 521767 521771 522096 522100 522138 522142 522496 522500 524676 524680 525896 525900 527996 528000 528651 528655 531761 531765 533674 533678 534775 534779 536408 536412 537696 537700 538679 538683 538896 538900 541388 541392 542996 543000 543496 543500 543689 543693 543948 543952 545004 545008 548285 548289 549292 549296 550322 550326 551414 551418 551496 551500 556936 556940 557387 557391 557702 557706 561133 561137 562719 562723 563004 563008 565728 565732 568506 568510 568938 568942 569183 569187 569980 569984 573086 573090 575344 575348 576912 576916 577796 577800 578504 578508 578796 578800 579596 579600 579719 579723 580738 580742 583494 583498 584878 584882 586554 586558 586561 586565 588204 588208 589210 589214 594039 594043 594754 594758 594996 595000 597261 597265 597859 597863 599596 599600 600289 600293 600677 600681 600874 600878 604140 604144 609955 609959 615196 615200 615948 615952 619204 619208 619539 619543 620066 620070 622922 622926 627281 627285 627727 627731 629057 629061 629949 629953 634479 634483 634609 634613 635296 635300 635544 635548 635582 635586 638080 638084 638537 638541 638564 638568 640196 640200 641636 641640 641696 641700 645072 645076 646415 646419 647106 647110 647579 647583 647650 647654 647656 647660 650296 650300 651416 651420 653957 653961 655096 655100 658182 658186 659943 659947 660119 660123 660196 660200 663896 663900 665896 665900 666111 666115 667325 667329 667796 667800 670172 670176 670178 670182 671891 671895 674439 674443 675440 675444 675496 675500 675822 675826 679812 679816 681028 681032 681636 681640 682696 682700 685990 685994 686117 686121 688196 688200 690617 690621 696291 696295 696721 696725 697148 697152 697321 697325 699039 699043 699613 699617 699996 700000 700878 700882 703096 703100 706996 707000 707070 707074 707784 707788 707794 707798 708010 708014 709202 709206 711096 711100 713696 713700 714123 714127 717396 717400 717638 717642 718133 718137 719022 719026 719350 719354 
5 472
1495 1500 3095 3100 4452 4457 6058 6063 6155 6160 8095 8100 11595 11600 13216 13221 13933 13938 19558 19563 23204 23209 23874 23879 24867 24872 26492 26497 28109 28114 30032 30037 34514 34519 35673 35678 36526 36531 37333 37338 37753 37758 45222 45227 51444 51449 53595 53600 55362 55367 56249 56254 56995 57000 60382 60387 61852 61857 63423 63428 64985 64990 67161 67166 70710 70715 72895 72900 73442 73447 75380 75385 76422 76427 76695 76700 76851 76856 76895 76900 81235 81240 83821 83826 84316 84321 84726 84731 85995 86000 87693 87698 88977 88982 92123 92128 92410 92415 93359 93364 99623 99628 99637 99642 99928 99933 100478 100483 101260 101265 105386 105391 105395 105400 107617 107622 108495 108500 109019 109024 114495 114500 115037 115042 118878 118883 120128 120133 120641 120646 121495 121500 124715 124720 129095 129100 129710 129715 129763 129768 131095 131100 132737 132742 132752 132757 138595 138600 139172 139177 140164 140169 140395 140400 141795 141800 144702 144707 148195 148200 150519 150524 152617 152622 155662 155667 155777 155782 156773 156778 157686 157691 158662 158667 160695 160700 160809 160814 160895 160900 161630 161635 162830 162835 165035 165040 165045 165050 168083 168088 168572 168577 169626 169631 172529 172534 180243 180248 182002 182007 184695 184700 188518 188523 191231 191236 191570 191575 192514 192519 193423 193428 196720 196725 197206 197211 197446 197451 199044 199049 200279 200284 201593 201598 202930 202935 205936 205941 205995 206000 206057 206062 206172 206177 209279 209284 209936 209941 209984 209989 210026 210031 212131 212136 213295 213300 219277 219282 226595 226600 226649 226654 227084 227089 229217 229222 230652 230657 231159 231164 231388 231393 231575 231580 233123 233128 233563 233568 239150 239155 240939 240944 245095 245100 245195 245200 248168 248173 250495 250500 250770 250775 250895 250900 251338 251343 251762 251767 252690 252695 254095 254100 254471 254476 255308 255313 255395 255400 255844 255849 257159 257164 257295 257300 257479 257484 257792 257797 261652 261657 264224 264229 266218 266223 268795 268800 270488 270493 273895 273900 274495 274500 276079 276084 277795 277800 278115 278120 279861 279866 280840 280845 281795 281800 282807 282812 286590 286595 287610 287615 288249 288254 291068 291073 292078 292083 293855 293860 295794 295799 297719 297724 298788 298793 299752 299757 300916 300921 301353 301358 303236 303241 303395 303400 304152 304157 304477 304482 304518 304523 304581 304586 304675 304680 304716 304721 304976 304981 306829 306834 307295 307300 311111 311116 312792 312797 315495 315500 317637 317642 319407 319412 323736 323741 326044 326049 326444 326449 328541 328546 329966 329971 330641 330646 332129 332134 332314 332319 334695 334700 335467 335472 336055 336060 336745 336750 336781 336786 336792 336797 339472 339477 339703 339708 342022 342027 344789 344794 348077 348082 353931 353936 354123 354128 354845 354850 357268 357273 357455 357460 358516 358521 358925 358930 359838 359843 361395 361400 362195 362200 367023 367028 367055 367060 367717 367722 367909 367914 370471 370476 372162 372167 372190 372195 372795 372800 373175 373180 374638 374643 377236 377241 378428 378433 380878 380883 384316 384321 388572 388577 389406 389411 391754 391759 393252 393257 393303 393308 393751 393756 395307 395312 395352 395357 396732 396737 397713 397718 398334 398339 398995 399000 399224 399229 399233 399238 404619 404624 405621 405626 408595 408600 409011 409016 413152 413157 415895 415900 419221 419226 419554 419559 425202 425207 426836 426841 430620 430625 430628 430633 433483 433488 436242 436247 437622 437627 439144 439149 440274 440279 444266 444271 445967 445972 448253 448258 448567 448572 448921 448926 452630 452635 455595 455600 455616 455621 458555 458560 458577 458582 461118 461123 461151 461156 463218 463223 463414 463419 463924 463929 466689 466694 468613 468618 469515 469520 472742 472747 474786 474791 474806 474811 477461 477466 483720 483725 483843 483848 488618 488623 488966 488971 489869 489874 494319 494324 496046 496051 497125 497130 498043 498048 498595 498600 499012 499017 499041 499046 500278 500283 501844 501849 502413 502418 505195 505200 505738 505743 506595 506600 506995 507000 509395 509400 511558 511563 511795 511800 512538 512543 512584 512589 515250 515255 515395 515400 515721 515726 516440 516445 518067 518072 519246 519251 520395 520400 520415 520420 520551 520556 522118 522123 522160 522165 525103 525108 525782 525787 529710 529715 531018 531023 535320 535325 538980 538985 539283 539288 539880 539885 540826 540831 541193 541198 541839 541844 542178 542183 543295 543300 544120 544125 544295 544300 547564 547569 549417 549422 550226 550231 550331 550336 550738 550743 553015 553020 553022 553027 555757 555762 556110 556115 557735 557740 560740 560745 561075 561080 562052 562057 563272 563277 568915 568920 570795 570800 571332 571337 571888 571893 572568 572573 572670 572675 572738 572743 572819 572824 572988 572993 574371 574376 577681 577686 578443 578448 578645 578650 581783 581788 581792 581797 583445 583450 583814 583819 584184 584189 584895 584900 587649 587654 589583 589588 590783 590788 591536 591541 591923 591928 597051 597056 598671 598676 599510 599515 599902 599907 600251 600256 600648 600653 602074 602079 602416 602421 602915 602920 602970 602975 604313 604318 604320 604325 605395 605400 605504 605509 608389 608394 610823 610828 611295 611300 616178 616183 616814 616819 619044 619049 619884 619889 620417 620422 620536 620541 621095 621100 621268 621273 622520 622525 623750 623755 624395 624400 624986 624991 625490 625495 626770 626775 627264 627269 629224 629229 632842 632847 635603 635608 635730 635735 636195 636200 638117 638122 639669 639674 640876 640881 641274 641279 641548 641553 642054 642059 642227 642232 647295 647300 647631 647636 647674 647679 647694 647699 648791 648796 649063 649068 649389 649394 652466 652471 652536 652541 654682 654687 655405 655410 656941 656946 658735 658740 659117 659122 659786 659791 660882 660887 664003 664008 665258 665263 668467 668472 671150 671155 671295 671300 674793 674798 675970 675975 677695 677700 677849 677854 679213 679218 680295 680300 680956 680961 683216 683221 687044 687049 690748 690753 691174 691179 691186 691191 693079 693084 693950 693955 695422 695427 697156 697161 702079 702084 704746 704751 708695 708700 708995 709000 709264 709269 709276 709281 709726 709731 710495 710500 711067 711072 714339 714344 718531 718536 
6 395
1739 1745 10344 10350 10394 10400 17562 17568 18669 18675 19117 19123 24094 24100 24194 24200 25285 25291 27580 27586 28548 28554 31116 31122 31773 31779 36494 36500 40753 40759 44516 44522 49936 49942 50650 50656 51341 51347 52913 52919 55081 55087 57175 57181 59437 59443 60561 60567 60919 60925 62548 62554 62667 62673 66594 66600 67594 67600 69576 69582 70776 70782 78294 78300 78567 78573 80654 80660 81254 81260 82606 82612 83175 83181 85094 85100 85116 85122 91114 91120 93652 93658 96013 96019 99671 99677 102525 102531 104171 104177 104376 104382 111350 111356 115426 115432 119810 119816 122361 122367 122586 122592 123182 123188 123506 123512 125636 125642 129075 129081 129494 129500 132024 132030 133278 133284 138448 138454 139614 139620 140148 140154 140183 140189 141069 141075 141774 141780 141962 141968 145042 145048 147494 147500 151763 151769 151987 151993 153474 153480 154050 154056 155567 155573 156177 156183 156594 156600 159636 159642 160739 160745 162747 162753 164575 164581 168621 168627 174221 174227 183880 183886 186079 186085 186489 186495 186794 186800 187347 187353 188529 188535 191506 191512 192809 192815 192838 192844 192851 192857 198858 198864 199177 199183 200755 200761 202246 202252 205126 205132 205894 205900 212074 212080 212083 212089 212751 212757 213941 213947 216580 216586 218376 218382 218849 218855 219521 219527 220673 220679 223052 223058 223294 223300 227145 227151 227383 227389 228464 228470 228489 228495 229758 229764 232968 232974 233031 233037 233066 233072 233656 233662 236878 236884 241021 241027 241282 241288 245623 245629 251329 251335 252003 252009 252114 252120 253966 253972 257425 257431 258535 258541 260365 260371 260576 260582 262594 262600 263582 263588 263894 263900 264130 264136 264182 264188 265213 265219 271312 271318 274518 274524 276325 276331 276731 276737 276741 276747 277245 277251 278005 278011 278616 278622 278994 279000 279263 279269 288885 288891 289694 289700 289980 289986 292274 292280 292994 293000 293434 293440 296827 296833 297094 297100 298739 298745 299077 299083 299852 299858 301982 301988 302908 302914 307361 307367 308185 308191 309911 309917 311561 311567 315845 315851 316847 316853 317860 317866 318215 318221 318403 318409 321908 321914 321946 321952 322219 322225 325089 325095 326114 326120 327094 327100 327264 327270 328447 328453 330579 330585 331363 331369 332918 332924 333532 333538 336282 336288 337110 337116 339637 339643 339946 339952 342010 342016 342056 342062 342070 342076 347482 347488 347917 347923 348512 348518 351030 351036 353394 353400 357468 357474 357504 357510 357694 357700 358578 358584 360218 360224 361494 361500 362712 362718 363560 363566 363746 363752 369346 369352 370776 370782 372631 372637 372694 372700 372915 372921 378717 378723 383679 383685 384992 384998 385843 385849 389927 389933 391766 391772 393259 393265 393449 393455 401082 401088 405690 405696 413370 413376 414808 414814 417449 417455 419570 419576 420216 420222 422517 422523 423494 423500 429094 429100 434075 434081 437250 437256 439786 439792 440112 440118 441034 441040 447959 447965 448850 448856 449514 449520 450253 450259 450650 450656 451386 451392 451618 451624 452131 452137 453674 453680 456494 456500 456880 456886 457020 457026 461173 461179 463935 463941 466550 466556 467554 467560 469825 469831 470140 470146 471427 471433 475826 475832 476332 476338 481702 481708 483759 483765 486746 486752 486894 486900 488594 488600 490576 490582 491194 491200 493112 493118 494714 494720 496053 496059 498374 498380 499469 499475 502293 502299 504224 504230 505349 505355 506276 506282 512349 512355 512517 512523 516794 516800 516974 516980 517131 517137 519630 519636 521553 521559 522785 522791 525955 525961 527920 527926 528034 528040 529925 529931 530244 530250 530619 530625 533527 533533 535040 535046 535368 535374 535852 535858 535870 535876 537977 537983 538231 538237 539023 539029 539445 539451 541368 541374 542809 542815 542956 542962 543449 543455 544161 544167 547522 547528 549960 549966 557756 557762 559794 559800 564669 564675 567183 567189 567994 568000 570880 570886 571307 571313 574347 574353 574363 574369 575076 575082 575417 575423 577319 577325 577773 577779 581651 581657 581876 581882 584113 584119 586216 586222 586646 586652 591021 591027 592424 592430 594094 594100 594222 594228 594813 594819 595194 595200 595754 595760 595973 595979 599162 599168 609945 609951 609968 609974 610890 610896 619035 619041 619221 619227 620115 620121 620243 620249 620524 620530 621990 621996 622238 622244 623290 623296 623633 623639 626194 626200 626216 626222 627625 627631 629622 629628 629941 629947 630854 630860 631427 631433 631567 631573 632526 632532 634485 634491 635344 635350 635359 635365 635715 635721 639018 639024 641194 641200 643042 643048 643274 643280 644167 644173 644180 644186 647718 647724 649352 649358 653831 653837 654594 654600 658769 658775 660946 660952 664474 664480 668776 668782 668823 668829 668852 668858 669181 669187 670775 670781 671358 671364 672875 672881 680924 680930 681675 681681 682932 682938 684107 684113 684919 684925 689174 689180 691481 691487 693264 693270 694674 694680 694822 694828 695531 695537 695830 695836 698914 698920 699144 699150 700003 700009 700073 700079 700671 700677 700748 700754 702868 702874 703237 703243 704777 704783 707441 707447 707731 707737 707994 708000 708382 708388 709474 709480 713457 713463 715683 715689 719123 719129 
7 380
11671 11678 12560 12567 13405 13412 21038 21045 21080 21087 21583 21590 24065 24072 25481 25488 25717 25724 32060 32067 32693 32700 35353 35360 36793 36800 38165 38172 43644 43651 44155 44162 45093 45100 52968 52975 53123 53130 54244 54251 54632 54639 55172 55179 56274 56281 56393 56400 61993 62000 62524 62531 63958 63965 71223 71230 71409 71416 71584 71591 78427 78434 78925 78932 78934 78941 79974 79981 80350 80357 82054 82061 82449 82456 84115 84122 85965 85972 88516 88523 89839 89846 92609 92616 98993 99000 100302 100309 100487 100494 100812 100819 100993 101000 101582 101589 104106 104113 107335 107342 107393 107400 107715 107722 109889 109896 110430 110437 113547 113554 115414 115421 116716 116723 117305 117312 120612 120619 121757 121764 123246 123253 126611 126618 127318 127325 128710 128717 130369 130376 131124 131131 133044 133051 138922 138929 140110 140117 140688 140695 147940 147947 152143 152150 152273 152280 152723 152730 153974 153981 158493 158500 158829 158836 161758 161765 161793 161800 165660 165667 166247 166254 166425 166432 167659 167666 170431 170438 171277 171284 174165 174172 174764 174771 175342 175349 178916 178923 179429 179436 179618 179625 181224 181231 181321 181328 182152 182159 184269 184276 185640 185647 187845 187852 188368 188375 188545 188552 190719 190726 193323 193330 194987 194994 197893 197900 198087 198094 198269 198276 198479 198486 200269 200276 203953 203960 205555 205562 209416 209423 212921 212928 218019 218026 221483 221490 221842 221849 221891 221898 222761 222768 222783 222790 223080 223087 223493 223500 224622 224629 226674 226681 230553 230560 233684 233691 233909 233916 238581 238588 238693 238700 242293 242300 242323 242330 242578 242585 243368 243375 244379 244386 246015 246022 246051 246058 250731 250738 250779 250786 251257 251264 251468 251475 252075 252082 252136 252143 254515 254522 254588 254595 256885 256892 257527 257534 259539 259546 263042 263049 263916 263923 266226 266233 267243 267250 268455 268462 272326 272333 274571 274578 274780 274787 275213 275220 276193 276200 276479 276486 277536 277543 277714 277721 278714 278721 279193 279200 279476 279483 279749 279756 280782 280789 284464 284471 292521 292528 295319 295326 296040 296047 296220 296227 296782 296789 297790 297797 302476 302483 306983 306990 309450 309457 310293 310300 310466 310473 311867 311874 313969 313976 314326 314333 319628 319635 321047 321054 321110 321117 322158 322165 322393 322400 322413 322420 322568 322575 322770 322777 323416 323423 324228 324235 325879 325886 326452 326459 327411 327418 327438 327445 328677 328684 329577 329584 330864 330871 333443 333450 335508 335515 336071 336078 337161 337168 337707 337714 339628 339635 340186 340193 341660 341667 345993 346000 346827 346834 347356 347363 347805 347812 349474 349481 349993 350000 351623 351630 353372 353379 354587 354594 356649 356656 357038 357045 358633 358640 361685 361692 366521 366528 366993 367000 367130 367137 367493 367500 368093 368100 369408 369415 377193 377200 381184 381191 381545 381552 382446 382453 382563 382570 383338 383345 383979 383986 387936 387943 389360 389367 390977 390984 390989 390996 391188 391195 391408 391415 392311 392318 397986 397993 398627 398634 399674 399681 406351 406358 406624 406631 406893 406900 412279 412286 413160 413167 415030 415037 418893 418900 420590 420597 422045 422052 424041 424048 424529 424536 425509 425516 429862 429869 431613 431620 432136 432143 434061 434068 435793 435800 438064 438071 439364 439371 446893 446900 455375 455382 457673 457680 458271 458278 459730 459737 460874 460881 460941 460948 461531 461538 463393 463400 473941 473948 474054 474061 476790 476797 479181 479188 484406 484413 487130 487137 488975 488982 490893 490900 496612 496619 500085 500092 500252 500259 502144 502151 510893 510900 511062 511069 512070 512077 515488 515495 517169 517176 524348 524355 525808 525815 525871 525878 526693 526700 527576 527583 528225 528232 529321 529328 529543 529550 535093 535100 535880 535887 537818 537825 539893 539900 543314 543321 544109 544116 545426 545433 545693 545700 548293 548300 551291 551298 552710 552717 554845 554852 554964 554971 555023 555030 557542 557549 558093 558100 561293 561300 562574 562581 563833 563840 567909 567916 568737 568744 571804 571811 572254 572261 572779 572786 575152 575159 577809 577816 579666 579673 580993 581000 581659 581666 587315 587322 598776 598783 600712 600719 601668 601675 602020 602027 602565 602572 603024 603031 603893 603900 610616 610623 612864 612871 613048 613055 613083 613090 616470 616477 620916 620923 622044 622051 622228 622235 627252 627259 630125 630132 630293 630300 635268 635275 637634 637641 637921 637928 639993 640000 642544 642551 642749 642756 642767 642774 645227 645234 645750 645757 648392 648399 650973 650980 651519 651526 652078 652085 652508 652515 654042 654049 657259 657266 658786 658793 659891 659898 660759 660766 663046 663053 664952 664959 668679 668686 671279 671286 680870 680877 683142 683149 684893 684900 688487 688494 689962 689969 690192 690199 695215 695222 695674 695681 697106 697113 699968 699975 702717 702724 706675 706682 709093 709100 712809 712816 713558 713565 714641 714648 717153 717160 719173 719180 
8 345
2392 2400 6092 6100 6292 6300 6545 6553 7892 7900 9168 9176 12247 12255 16542 16550 19727 19735 26049 26057 26462 26470 32930 32938 41055 41063 41492 41500 44667 44675 46446 46454 48671 48679 49990 49998 55120 55128 56216 56224 56237 56245 56757 56765 58563 58571 59938 59946 62081 62089 62382 62390 71278 71286 77415 77423 77649 77657 83934 83942 84333 84341 84734 84742 86969 86977 90292 90300 90512 90520 90782 90790 96679 96687 97092 97100 98253 98261 100843 100851 101844 101852 101892 101900 102740 102748 110626 110634 117333 117341 118019 118027 119230 119238 119928 119936 120144 120152 120840 120848 121131 121139 128306 128314 129378 129386 129774 129782 137954 137962 141118 141126 144221 144229 145807 145815 147510 147518 150169 150177 150868 150876 152742 152750 153453 153461 154075 154083 154292 154300 157178 157186 159243 159251 161557 161565 166902 166910 174723 174731 180117 180125 182886 182894 183620 183628 186058 186066 186331 186339 187337 187345 189474 189482 194438 194446 194963 194971 195971 195979 196821 196829 197933 197941 198218 198226 198512 198520 199132 199140 202254 202262 202530 202538 207290 207298 207535 207543 208651 208659 210879 210887 211984 211992 212583 212591 220492 220500 221949 221957 222949 222957 225871 225879 225934 225942 227504 227512 229392 229400 235322 235330 237773 237781 239950 239958 245516 245524 248706 248714 249441 249449 249881 249889 251456 251464 256208 256216 256904 256912 258985 258993 265223 265231 267132 267140 267525 267533 269675 269683 270292 270300 272034 272042 272092 272100 273254 273262 274016 274024 274049 274057 274061 274069 275792 275800 276683 276691 278791 278799 280764 280772 281657 281665 281732 281740 282724 282732 284192 284200 284385 284393 284942 284950 287017 287025 287626 287634 290667 290675 296077 296085 297552 297560 300992 301000 301092 301100 301227 301235 301312 301320 302974 302982 303226 303234 303549 303557 307474 307482 308127 308135 313554 313562 314356 314364 315120 315128 316439 316447 316453 316461 317025 317033 318614 318622 320444 320452 323439 323447 324269 324277 327216 327224 328264 328272 332472 332480 333426 333434 334242 334250 337519 337527 344474 344482 348292 348300 348992 349000 351163 351171 353554 353562 361870 361878 362727 362735 363275 363283 363315 363323 364454 364462 365607 365615 366892 366900 369921 369929 370932 370940 381814 381822 382192 382200 382314 382322 389535 389543 389889 389897 392249 392257 393321 393329 393461 393469 393610 393618 395342 395350 395558 395566 398066 398074 398314 398322 398636 398644 400975 400983 403892 403900 404537 404545 405330 405338 406065 406073 408109 408117 408860 408868 410592 410600 412723 412731 414222 414230 420458 420466 422376 422384 425410 425418 427719 427727 428039 428047 429313 429321 431092 431100 431217 431225 433750 433758 439631 439639 447414 447422 450575 450583 456965 456973 457688 457696 458517 458525 462258 462266 462908 462916 470718 470726 472614 472622 474010 474018 480163 480171 482684 482692 483263 483271 483463 483471 485676 485684 486679 486687 488825 488833 497840 497848 498413 498421 500240 500248 500365 500373 501692 501700 504071 504079 507463 507471 510106 510114 512358 512366 516949 516957 518665 518673 519878 519886 523331 523339 523343 523351 525566 525574 526613 526621 526942 526950 529555 529563 540982 540990 546520 546528 554916 554924 554973 554981 557521 557529 558528 558536 561217 561225 561773 561781 562562 562570 565708 565716 567142 567150 569824 569832 571157 571165 571763 571771 578092 578100 579655 579663 580016 580024 580443 580451 582731 582739 587159 587167 591336 591344 592654 592662 595020 595028 595281 595289 595951 595959 596192 596200 597267 597275 598443 598451 601740 601748 603475 603483 605266 605274 608617 608625 608765 608773 609454 609462 609713 609721 610256 610264 612692 612700 613572 613580 619132 619140 622707 622715 623692 623700 623730 623738 624383 624391 625379 625387 626239 626247 626466 626474 627466 627474 630514 630522 632511 632519 634875 634883 635223 635231 636670 636678 636950 636958 639923 639931 641208 641216 641327 641335 641466 641474 647740 647748 647756 647764 648754 648762 654965 654973 655792 655800 657019 657027 657164 657172 660321 660329 664367 664375 666390 666398 667479 667487 668006 668014 668548 668556 669238 669246 670212 670220 675452 675460 676213 676221 678521 678529 679276 679284 683492 683500 686135 686143 687066 687074 687710 687718 688616 688624 688971 688979 689388 689396 691878 691886 692477 692485 693510 693518 695256 695264 699761 699769 699980 699988 700792 700800 701270 701278 704717 704725 705270 705278 707969 707977 708288 708296 710539 710547 711111 711119 715792 715800 717759 717767 719230 719238 
9 319
1345 1354 1785 1794 4046 4055 19491 19500 20622 20631 21908 21917 24491 24500 29820 29829 29952 29961 30875 30884 32074 32083 34668 34677 34691 34700 40112 40121 43011 43020 44678 44687 45874 45883 51417 51426 52518 52527 54577 54586 55581 55590 56710 56719 56860 56869 56918 56927 59475 59484 66228 66237 66456 66465 67328 67337 68663 68672 72131 72140 73449 73458 77126 77135 83581 83590 87485 87494 90591 90600 91854 91863 97879 97888 107649 107658 109591 109600 109802 109811 110403 110412 110455 110464 112008 112017 112248 112257 114410 114419 114791 114800 117066 117075 119818 119827 128328 128337 139854 139863 142691 142700 146967 146976 150416 150425 150439 150448 152056 152065 152419 152428 153947 153956 154760 154769 156220 156229 156269 156278 157054 157063 157116 157125 158240 158249 161209 161218 164340 164349 167333 167342 167983 167992 168981 168990 171913 171922 172578 172587 173278 173287 182121 182130 183323 183332 185172 185181 185270 185279 186221 186230 205191 205200 205880 205889 211137 211146 212518 212527 214791 214800 215146 215155 217563 217572 217970 217979 218264 218273 219650 219659 225125 225134 225147 225156 225849 225858 225919 225928 227119 227128 229767 229776 230381 230390 232913 232922 235223 235232 235380 235389 236437 236446 241665 241674 241955 241964 242232 242241 247035 247044 249585 249594 251237 251246 251791 251800 251971 251980 258575 258584 261215 261224 269153 269162 273654 273663 274644 274653 280080 280089 280091 280100 282166 282175 282768 282777 283891 283900 289803 289812 290119 290128 290867 290876 291129 291138 298723 298732 298977 298986 299425 299434 302272 302281 303271 303280 308972 308981 310415 310424 317181 317190 324279 324288 334212 334221 334758 334767 336014 336023 338338 338347 341882 341891 346657 346666 347614 347623 350782 350791 351112 351121 352009 352018 352960 352969 354091 354100 354315 354324 354875 354884 358045 358054 358723 358732 359780 359789 363449 363458 363678 363687 364068 364077 365816 365825 366418 366427 367877 367886 369380 369389 370317 370326 376626 376635 378673 378682 379136 379145 380954 380963 382330 382339 383636 383645 390763 390772 393068 393077 395521 395530 395579 395588 396134 396143 398826 398835 400750 400759 406680 406689 414917 414926 415311 415320 417957 417966 417978 417987 418365 418374 421707 421716 423410 423419 429537 429546 429878 429887 431282 431291 434474 434483 435119 435128 437652 437661 438074 438083 438938 438947 444979 444988 448591 448600 449123 449132 450421 450430 451959 451968 456065 456074 462579 462588 463361 463370 466328 466337 468511 468520 473762 473771 473773 473782 477091 477100 486566 486575 489640 489649 489745 489754 492141 492150 499562 499571 504819 504828 507581 507590 510127 510136 515446 515455 524091 524100 526470 526479 526630 526639 529091 529100 529791 529800 532191 532200 532639 532648 535340 535349 540114 540123 540864 540873 541647 541656 541664 541673 541878 541887 542539 542548 546737 546746 547191 547200 548071 548080 549782 549791 550374 550383 553417 553426 553430 553439 556743 556752 561391 561400 562432 562441 565262 565271 569935 569944 570626 570635 571773 571782 576875 576884 577234 577243 579169 579178 580267 580276 580725 580734 580747 580756 581691 581700 584591 584600 584865 584874 585222 585231 585250 585259 587903 587912 589080 589089 589462 589471 590065 590074 591312 591321 591391 591400 594291 594300 594313 594322 595165 595174 596125 596134 599933 599942 599948 599957 602452 602461 603591 603600 610841 610850 611233 611242 613251 613260 613342 613351 618017 618026 622079 622088 625283 625292 626812 626821 628191 628200 632007 632016 632038 632047 632121 632130 635764 635773 635775 635784 639178 639187 640446 640455 645052 645061 645082 645091 651467 651476 651583 651592 653558 653567 658747 658756 658860 658869 659615 659624 664937 664946 666855 666864 667224 667233 668664 668673 672006 672015 675580 675589 677013 677022 677059 677068 679475 679484 680388 680397 681091 681100 682133 682142 682291 682300 682549 682558 685163 685172 685846 685855 686563 686572 688310 688319 688628 688637 688763 688772 692091 692100 692240 692249 693274 693283 697350 697359 697907 697916 699655 699664 700060 700069 704173 704182 705132 705141 706314 706323 708941 708950 713323 713332 713370 713379 713876 713885 715413 715422 716571 716580 717440 717449 719413 719422 
10 329
1812 1822 2827 2837 5514 5524 6065 6075 10482 10492 18441 18451 19415 19425 20587 20597 22790 22800 23159 23169 25263 25273 25676 25686 26421 26431 27031 27041 28163 28173 29149 29159 32363 32373 34542 34552 36771 36781 43367 43377 43666 43676 44280 44290 47461 47471 50109 50119 55830 55840 62947 62957 64190 64200 64968 64978 69827 69837 70433 70443 70490 70500 74062 74072 76672 76682 78590 78600 86326 86336 88965 88975 91336 91346 92874 92884 93337 93347 96790 96800 98241 98251 98281 98291 100286 100296 101814 101824 105827 105837 106121 106131 107790 107800 111625 111635 113565 113575 118365 118375 119167 119177 119790 119800 122474 122484 127641 127651 128268 128278 136623 136633 139017 139027 139190 139200 140369 140379 142170 142180 145072 145082 145177 145187 145747 145757 149390 149400 153828 153838 155451 155461 159315 159325 161573 161583 161682 161692 163550 163560 164089 164099 164883 164893 165314 165324 166222 166232 166449 166459 168942 168952 173553 173563 174670 174680 174790 174800 182865 182875 184080 184090 185730 185740 187237 187247 187744 187754 188981 188991 190317 190327 191219 191229 191468 191478 191767 191777 193411 193421 198727 198737 199154 199164 202711 202721 205812 205822 206218 206228 206812 206822 208523 208533 209873 209883 210381 210391 210980 210990 211663 211673 213012 213022 214555 214565 216036 216046 217990 218000 218659 218669 220051 220061 221914 221924 223357 223367 224019 224029 226170 226180 236678 236688 240612 240622 241681 241691 245052 245062 246820 246830 259056 259066 264503 264513 269113 269123 269214 269224 269507 269517 270851 270861 276612 276622 277335 277345 278238 278248 279876 279886 280011 280021 283927 283937 284345 284355 284367 284377 285738 285748 288835 288845 289168 289178 292863 292873 298232 298242 299352 299362 299653 299663 305160 305170 308466 308476 311212 311222 312309 312319 312819 312829 314976 314986 316416 316426 316834 316844 317679 317689 318553 318563 319971 319981 331749 331759 332826 332836 334223 334233 339354 339364 342434 342444 346442 346452 347369 347379 349417 349427 355010 355020 357404 357414 357442 357452 359676 359686 361643 361653 365878 365888 366457 366467 366922 366932 369325 369335 370445 370455 372216 372226 372348 372358 373481 373491 375090 375100 378180 378190 378414 378424 379077 379087 380515 380525 381671 381681 383647 383657 384219 384229 384324 384334 385168 385178 386710 386720 389424 389434 390367 390377 398223 398233 398886 398896 398957 398967 403616 403626 407367 407377 409834 409844 411353 411363 413342 413352 416670 416680 417165 417175 418806 418816 422080 422090 422302 422312 425675 425685 426282 426292 440037 440047 442818 442828 454554 454564 456520 456530 467114 467124 467350 467360 467712 467722 468145 468155 468649 468659 472013 472023 472029 472039 475018 475028 475772 475782 476365 476375 478222 478232 478810 478820 480630 480640 488290 488300 495852 495862 496034 496044 496890 496900 497716 497726 497967 497977 498315 498325 499417 499427 499863 499873 502549 502559 510047 510057 511377 511387 513876 513886 514167 514177 515752 515762 515780 515790 520173 520183 524386 524396 529970 529980 532677 532687 534642 534652 539655 539665 540275 540285 541848 541858 543121 543131 544646 544656 547307 547317 552063 552073 555736 555746 556954 556964 566069 566079 566978 566988 567963 567973 571740 571750 572189 572199 572514 572524 573035 573045 577465 577475 578007 578017 578221 578231 579970 579980 581490 581500 582940 582950 583360 583370 584832 584842 585080 585090 589552 589562 591947 591957 593144 593154 595740 595750 595812 595822 597546 597556 598712 598722 598850 598860 598873 598883 598965 598975 599636 599646 603412 603422 605531 605541 608631 608641 613390 613400 613852 613862 617048 617058 618031 618041 619236 619246 623954 623964 625690 625700 627113 627123 630023 630033 630911 630921 631260 631270 633872 633882 636427 636437 637646 637656 638647 638657 640405 640415 641239 641249 642027 642037 644966 644976 645819 645829 647365 647375 648625 648635 649371 649381 651790 651800 653186 653196 653854 653864 653907 653917 656617 656627 656765 656775 668833 668843 670158 670168 670525 670535 675556 675566 676526 676536 677181 677191 678447 678457 684867 684877 684928 684938 688674 688684 691146 691156 692990 693000 693057 693067 698142 698152 699475 699485 699517 699527 700190 700200 701728 701738 704732 704742 705249 705259 705538 705548 707667 707677 708905 708915 710990 711000 711190 711200 713735 713745 
11 281
1114 1125 2723 2734 3267 3278 18320 18331 18781 18792 19048 19059 22722 22733 24876 24887 31518 31529 35789 35800 36481 36492 40353 40364 40771 40782 47271 47282 48538 48549 49923 49934 50669 50680 51366 51377 53830 53841 55530 55541 55560 55571 59864 59875 60315 60326 61783 61794 62220 62231 66209 66220 76241 76252 77670 77681 77775 77786 81770 81781 93316 93327 96744 96755 96769 96780 103726 103737 105281 105292 107115 107126 114936 114947 115612 115623 117317 117328 118122 118133 118319 118330 122832 122843 122919 122930 123763 123774 129673 129684 129750 129761 130117 130128 139071 139082 139314 139325 144189 144200 144264 144275 146714 146725 147289 147300 150504 150515 152104 152115 154521 154532 154536 154547 157082 157093 166832 166843 167939 167950 168018 168029 168669 168680 169763 169774 172025 172036 176777 176788 176917 176928 179029 179040 180332 180343 183920 183931 185524 185535 186271 186282 186558 186569 190964 190975 191579 191590 191744 191755 193389 193400 195939 195950 196005 196016 196025 196036 198281 198292 199065 199076 200389 200400 200607 200618 207520 207531 208958 208969 211418 211429 212144 212155 213304 213315 216767 216778 221802 221813 225239 225250 227649 227660 231470 231481 231658 231669 235421 235432 238050 238061 239159 239170 240080 240091 240524 240535 243102 243113 245760 245771 247062 247073 247119 247130 248322 248333 248651 248662 249147 249158 249568 249579 257340 257351 257455 257466 258781 258792 258955 258966 259469 259480 268510 268521 268543 268554 268939 268950 269647 269658 271148 271159 272173 272184 272617 272628 272924 272935 281577 281588 290150 290161 294369 294380 295519 295530 296589 296600 303258 303269 305243 305254 309334 309345 309767 309778 309929 309940 312260 312271 314420 314431 316875 316886 316954 316965 317916 317927 317941 317952 319253 319264 319674 319685 320765 320776 325857 325868 326209 326220 326918 326929 333283 333294 335761 335772 337558 337569 342033 342044 351257 351268 351712 351723 352421 352432 353046 353057 353358 353369 354571 354582 357811 357822 362885 362896 368017 368028 372557 372568 374556 374567 374576 374587 375706 375717 377510 377521 381620 381631 387915 387926 391152 391163 392289 392300 393638 393649 396436 396447 397731 397742 399683 399694 401268 401279 403638 403649 407750 407761 408972 408983 409054 409065 410529 410540 411428 411439 411540 411551 413389 413400 419923 419934 420167 420178 420516 420527 420750 420761 422027 422038 422389 422400 428145 428156 428524 428535 429567 429578 434217 434228 439168 439179 440373 440384 442325 442336 447733 447744 451915 451926 456952 456963 459421 459432 464525 464536 465278 465289 471643 471654 474270 474281 478341 478352 482618 482629 484671 484682 496115 496126 498135 498146 502066 502077 505836 505847 517906 517917 518463 518474 522771 522782 529518 529529 529589 529600 530516 530527 534719 534730 535354 535365 537506 537517 537519 537530 538920 538931 540156 540167 541354 541365 544672 544683 545347 545358 546071 546082 546475 546486 553989 554000 555121 555132 565557 565568 566756 566767 573072 573083 576065 576076 578035 578046 578525 578536 578538 578549 579313 579324 582144 582155 589275 589286 592263 592274 593036 593047 597230 597241 597920 597931 599650 599661 601717 601728 602437 602448 607070 607081 609530 609541 609564 609575 610756 610767 612011 612022 616118 616129 617216 617227 620083 620094 620981 620992 621164 621175 624205 624216 627023 627034 631851 631862 635520 635531 635660 635671 637752 637763 640883 640894 641520 641531 647089 647100 650720 650731 657389 657400 659134 659145 664967 664978 667126 667137 668717 668728 678217 678228 682779 682790 687082 687093 696443 696454 699746 699757 705145 705156 706469 706480 708752 708763 708922 708933 709004 709015 709544 709555 710020 710031 716879 716890 717935 717946 719970 719981 
12 238
142 154 2024 2036 2423 2435 2854 2866 3744 3756 4925 4937 7768 7780 9657 9669 9880 9892 11127 11139 11482 11494 16873 16885 23238 23250 24913 24925 28118 28130 35177 35189 43067 43079 43280 43292 46303 46315 46668 46680 48563 48575 51503 51515 62478 62490 63888 63900 70261 70273 76044 76056 76280 76292 78012 78024 81451 81463 82688 82700 84953 84965 87410 87422 90766 90778 99114 99126 99683 99695 101426 101438 110811 110823 118530 118542 122443 122455 129026 129038 132049 132061 132424 132436 137888 137900 141879 141891 142480 142492 145015 145027 151959 151971 152188 152200 160346 160358 162867 162879 163776 163788 168116 168128 168369 168381 172537 172549 173027 173039 181459 181471 181825 181837 183824 183836 184658 184670 187567 187579 199567 199579 201062 201074 205134 205146 208537 208549 213179 213191 213959 213971 215313 215325 216940 216952 218966 218978 219147 219159 220609 220621 224665 224677 226970 226982 227527 227539 232976 232988 237077 237089 237352 237364 242441 242453 242649 242661 243314 243326 246873 246885 249942 249954 257826 257838 258856 258868 258927 258939 260255 260267 260624 260636 261112 261124 262231 262243 270430 270442 271359 271371 272045 272057 273673 273685 273871 273883 276052 276064 278221 278233 281642 281654 282817 282829 282937 282949 284166 284178 289023 289035 299447 299459 307688 307700 310530 310542 324250 324262 328841 328853 336619 336631 340515 340527 340642 340654 342161 342173 343064 343076 343751 343763 346738 346750 349431 349443 353317 353329 353770 353782 355733 355745 361539 361551 361715 361727 361739 361751 362044 362056 370488 370500 370975 370987 372228 372240 373052 373064 373439 373451 373754 373766 375060 375072 376571 376583 385629 385641 386315 386327 391875 391887 393488 393500 396952 396964 396982 396994 410344 410356 412817 412829 421131 421143 426372 426384 429056 429068 431075 431087 435866 435878 436688 436700 436941 436953 446363 446375 449137 449149 469020 469032 470456 470468 470525 470537 472088 472100 481170 481182 481956 481968 485510 485522 488661 488673 492568 492580 493680 493692 502157 502169 503358 503370 504039 504051 504488 504500 508767 508779 511130 511142 516419 516431 518159 518171 519639 519651 522735 522747 522749 522761 524024 524036 524371 524383 527933 527945 527961 527973 528208 528220 529362 529374 532617 532629 538561 538573 540525 540537 541288 541300 542974 542986 548139 548151 553759 553771 555169 555181 556370 556382 565159 565171 566030 566042 567584 567596 570688 570700 573812 573824 578679 578691 581140 581152 588424 588436 589852 589864 592707 592719 594161 594173 594835 594847 605217 605229 605649 605661 606443 606455 611306 611318 618367 618379 638517 638529 643945 643957 644625 644637 648557 648569 650624 650636 652727 652739 656713 656725 658275 658287 661830 661842 663013 663025 663345 663357 663363 663375 665268 665280 665952 665964 669275 669287 670229 670241 670538 670550 670712 670724 671678 671690 671918 671930 675945 675957 676754 676766 679442 679454 685869 685881 688650 688662 689477 689489 689688 689700 690623 690635 695713 695725 697026 697038 697614 697626 698116 698128 699717 699729 699864 699876 703752 703764 707715 707727 709768 709780 710244 710256 714688 714700 
13 229
1236 1249 6230 6243 13260 13273 23144 23157 23859 23872 23954 23967 34417 34430 37768 37781 37923 37936 40146 40159 44135 44148 45051 45064 46653 46666 47144 47157 47231 47244 49887 49900 53483 53496 58359 58372 60417 60430 71542 71555 77625 77638 79446 79459 81951 81964 84921 84934 89671 89684 92816 92829 101244 101257 109116 109129 112228 112241 115080 115093 117411 117424 118515 118528 119621 119634 128117 128130 128145 128158 128545 128558 135860 135873 140922 140935 143113 143126 143337 143350 144231 144244 148624 148637 148657 148670 152011 152024 152646 152659 159222 159235 163573 163586 165850 165863 168960 168973 169670 169683 172687 172700 173465 173478 180075 180088 183215 183228 184063 184076 185251 185264 185760 185773 186941 186954 190538 190551 193054 193067 193458 193471 194338 194351 195839 195852 201046 201059 210917 210930 212548 212561 216833 216846 219670 219683 222746 222759 224913 224926 228858 228871 236459 236472 237972 237985 238532 238545 242263 242276 243276 243289 249780 249793 250812 250825 251433 251446 251656 251669 252720 252733 255444 255457 256732 256745 265270 265283 267442 267455 269078 269091 269452 269465 272127 272140 274477 274490 282708 282721 283865 283878 284313 284326 288974 288987 290202 290215 290219 290232 292052 292065 292087 292100 294331 294344 295358 295371 296265 296278 299228 299241 302550 302563 304944 304957 306914 306927 308412 308425 309657 309670 312280 312293 312360 312373 319487 319500 327272 327285 329276 329289 332852 332865 338154 338167 343207 343220 343736 343749 344536 344549 345228 345241 347336 347349 350765 350778 355087 355100 361816 361829 365551 365564 366631 366644 367724 367737 369035 369048 374506 374519 380542 380555 383233 383246 384087 384100 384433 384446 389910 389923 393878 393891 395532 395545 396656 396669 398265 398278 399565 399578 402754 402767 408505 408518 413876 413889 415257 415270 418830 418843 420469 420482 421650 421663 421950 421963 430922 430935 435764 435777 436963 436976 438351 438364 442309 442322 442361 442374 452735 452748 455160 455173 455976 455989 466450 466463 471542 471555 474829 474842 476811 476824 480711 480724 484125 484138 487320 487333 487825 487838 492187 492200 498154 498167 498504 498517 502123 502136 503172 503185 512467 512480 514812 514825 516329 516342 517652 517665 517973 517986 521358 521371 522075 522088 523087 523100 528166 528179 530175 530188 535620 535633 535725 535738 539744 539757 540575 540588 542779 542792 545245 545258 546717 546730 547010 547023 553915 553928 557874 557887 560921 560934 569914 569927 571968 571981 576730 576743 576753 576766 581163 581176 582534 582547 585282 585295 587610 587623 587628 587641 592173 592186 592470 592483 594938 594951 604071 604084 606378 606391 609425 609438 611625 611638 614183 614196 621568 621581 623675 623688 624513 624526 627175 627188 640032 640045 640366 640379 641152 641165 659768 659781 670506 670519 671343 671356 673317 673330 676271 676284 677074 677087 678005 678018 685915 685928 690856 690869 692315 692328 694131 694144 694332 694345 695641 695654 702454 702467 709421 709434 713530 713543 713671 713684 715326 715339 
14 198
3345 3359 9530 9544 12647 12661 19066 19080 31607 31621 33512 33526 39676 39690 42732 42746 45286 45300 47172 47186 47514 47528 47543 47557 47972 47986 48520 48534 49063 49077 50618 50632 52576 52590 53186 53200 53871 53885 57975 57989 58760 58774 59252 59266 61861 61875 70449 70463 73424 73438 73521 73535 79354 79368 84181 84195 86155 86169 89230 89244 89262 89276 89564 89578 91369 91383 93414 93428 94511 94525 107672 107686 108231 108245 110772 110786 112173 112187 115328 115342 121773 121787 123779 123793 128830 128844 133022 133036 139867 139881 145827 145841 149065 149079 149362 149376 158266 158280 169071 169085 172286 172300 172657 172671 173357 173371 174121 174135 175059 175073 186409 186423 187309 187323 187945 187959 198250 198264 198866 198880 199215 199229 202223 202237 202540 202554 205238 205252 210946 210960 213067 213081 223435 223449 224521 224535 230337 230351 231969 231983 243341 243355 245068 245082 250634 250648 253113 253127 257581 257595 258886 258900 263844 263858 266731 266745 270786 270800 278073 278087 280864 280878 281705 281719 285848 285862 286542 286556 287840 287854 291709 291723 292820 292834 297180 297194 298255 298269 298770 298784 299162 299176 300934 300948 303809 303823 307166 307180 309170 309184 311151 311165 311584 311598 317255 317269 319135 319149 320486 320500 325841 325855 326472 326486 328913 328927 330281 330295 330930 330944 331423 331437 332014 332028 345379 345393 347284 347298 347449 347463 348215 348229 357527 357541 361418 361432 367642 367656 372256 372270 373455 373469 382742 382756 382825 382839 390808 390822 400157 400171 401361 401375 406143 406157 407545 407559 408917 408931 416686 416700 416808 416822 421571 421585 422316 422330 423159 423173 427931 427945 432408 432422 433570 433584 438310 438324 442018 442032 443318 443332 452164 452178 457545 457559 467316 467330 475065 475079 486475 486489 486729 486743 489214 489228 495968 495982 502522 502536 514931 514945 517513 517527 536358 536372 536944 536958 537135 537149 537443 537457 541217 541231 547736 547750 555786 555800 556068 556082 559073 559087 562135 562149 566269 566283 567121 567135 570112 570126 577828 577842 579637 579651 581116 581130 581211 581225 586029 586043 587386 587400 599741 599755 602215 602229 603549 603563 609545 609559 614070 614084 614154 614168 621286 621300 624304 624318 624346 624360 635786 635800 639956 639970 642811 642825 643461 643475 648714 648728 649075 649089 654216 654230 656655 656669 659182 659196 659474 659488 660582 660596 664918 664932 665819 665833 670884 670898 672426 672440 672845 672859 682708 682722 693220 693234 695275 695289 700154 700168 701453 701467 706621 706635 709315 709329 712344 712358 
15 190
6719 6734 11462 11477 18250 18265 22122 22137 28176 28191 29248 29263 29352 29367 29872 29887 33730 33745 33979 33994 37385 37400 47310 47325 55849 55864 59215 59230 63112 63127 63978 63993 67359 67374 72812 72827 79819 79834 87728 87743 91824 91839 102247 102262 102559 102574 113257 113272 118847 118862 121942 121957 124464 124479 125616 125631 129728 129743 137974 137989 140120 140135 141373 141388 143131 143146 143446 143461 144137 144152 150452 150467 153930 153945 154016 154031 154251 154266 155547 155562 156072 156087 163525 163540 171183 171198 172770 172785 179731 179746 179847 179862 186974 186989 192123 192138 192148 192163 192167 192182 196755 196770 197321 197336 199251 199266 200022 200037 203575 203590 204973 204988 207255 207270 207823 207838 215471 215486 216919 216934 220726 220741 224382 224397 227058 227073 229464 229479 253073 253088 257639 257654 259770 259785 267770 267785 271473 271488 274081 274096 276753 276768 278961 278976 280214 280229 281333 281348 284328 284343 285885 285900 290704 290719 296115 296130 298915 298930 301105 301120 304724 304739 309467 309482 310227 310242 310479 310494 313033 313048 317832 317847 319111 319126 319273 319288 337356 337371 346127 346142 346638 346653 347510 347525 359219 359234 363465 363480 364016 364031 366678 366693 370428 370443 373872 373887 382228 382243 383507 383522 385813 385828 389951 389966 390026 390041 396154 396169 416268 416283 416850 416865 420269 420284 422919 422934 428619 428634 438370 438385 439110 439125 445339 445354 449638 449653 453344 453359 453816 453831 457770 457785 459318 459333 459659 459674 462462 462477 462975 462990 468666 468681 489244 489259 489876 489891 493648 493663 494326 494341 495616 495631 500954 500969 502572 502587 512936 512951 517344 517359 524648 524663 525285 525300 527463 527478 528461 528476 539625 539640 545158 545173 548521 548536 561145 561160 567867 567882 582558 582573 583427 583442 584025 584040 586114 586129 586133 586148 586823 586838 589242 589257 589432 589447 589531 589546 592859 592874 594064 594079 598064 598079 602346 602361 611416 611431 623266 623281 625772 625787 626851 626866 628536 628551 628931 628946 629285 629300 629574 629589 634620 634635 634672 634687 634826 634841 635174 635189 648771 648786 656870 656885 658251 658266 658716 658731 660357 660372 661844 661859 666968 666983 667451 667466 668966 668981 678076 678091 678157 678172 686917 686932 691119 691134 691714 691729 692458 692473 694446 694461 695876 695891 701425 701440 702057 702072 702485 702500 703374 703389 705217 705232 712263 712278 716161 716176 717855 717870 718502 718517 
16 168
1674 1690 10705 10721 11534 11550 16712 16728 21145 21161 24033 24049 29054 29070 29171 29187 33884 33900 38975 38991 46370 46386 46572 46588 47118 47134 51113 51129 54123 54139 54540 54556 60638 60654 61284 61300 69724 69740 72163 72179 76816 76832 83959 83975 96923 96939 111471 111487 112567 112583 115215 115231 115371 115387 118219 118235 123714 123730 138954 138970 142084 142100 145376 145392 148349 148365 160545 160561 162917 162933 165627 165643 166710 166726 168484 168500 171113 171129 172313 172329 176467 176483 186039 186055 188565 188581 196863 196879 203553 203569 206064 206080 212930 212946 217525 217541 220459 220475 225882 225898 227360 227376 228344 228360 242118 242134 247605 247621 256222 256238 256641 256657 259269 259285 264156 264172 269745 269761 278016 278032 279162 279178 283073 283089 283514 283530 285720 285736 286370 286386 292148 292164 293869 293885 296749 296765 307369 307385 308917 308933 309732 309748 310252 310268 312218 312234 321017 321033 327464 327480 327720 327736 328223 328239 335869 335885 350621 350637 352044 352060 354019 354035 361342 361358 365567 365583 365626 365642 375879 375895 385418 385434 385459 385475 391132 391148 391784 391800 397345 397361 409379 409395 410148 410164 410371 410387 416618 416634 416718 416734 422974 422990 425356 425372 429237 429253 432968 432984 436811 436827 437216 437232 441872 441888 442608 442624 447157 447173 460969 460985 463857 463873 473214 473230 476713 476729 487235 487251 488848 488864 495820 495836 501653 501669 502761 502777 509060 509076 511726 511742 515270 515286 516246 516262 516910 516926 520919 520935 526411 526427 533810 533826 536754 536770 539938 539954 547778 547794 549562 549578 554575 554591 554720 554736 557177 557193 557334 557350 557837 557853 575524 575540 578867 578883 581275 581291 587213 587229 591227 591243 592730 592746 603238 603254 604045 604061 605666 605682 607768 607784 609913 609929 610770 610786 612378 612394 623711 623727 626826 626842 627425 627441 627865 627881 631274 631290 636449 636465 637174 637190 640839 640855 643772 643788 644823 644839 660337 660353 665064 665080 669420 669436 678705 678721 679584 679600 686278 686294 689526 689542 696484 696500 698741 698757 700040 700056 703553 703569 705865 705881 713608 713624 716739 716755 717416 717432 
17 147
1610 1627 4969 4986 6656 6673 9842 9859 11871 11888 14967 14984 15875 15892 17421 17438 20925 20942 23583 23600 27061 27078 34638 34655 45824 45841 48417 48434 51842 51859 75938 75955 78038 78055 82573 82590 84755 84772 92555 92572 116347 116364 118343 118360 138316 138333 145862 145879 152919 152936 155637 155654 168136 168153 170245 170262 171151 171168 174838 174855 180866 180883 184219 184236 189770 189787 196521 196538 201218 201235 211243 211260 211764 211781 217721 217738 225016 225033 235118 235135 244730 244747 250356 250373 252024 252041 254528 254545 256169 256186 259448 259465 259746 259763 259971 259988 260557 260574 261163 261180 262759 262776 262974 262991 263510 263527 267475 267492 267748 267765 268238 268255 279772 279789 282260 282277 282914 282931 287219 287236 295238 295255 312377 312394 314551 314568 316275 316292 320346 320363 320746 320763 334459 334476 335062 335079 336144 336161 339333 339350 340041 340058 346060 346077 355946 355963 356138 356155 356233 356250 367848 367865 381050 381067 385718 385735 392349 392366 399139 399156 400007 400024 407958 407975 412114 412131 412747 412764 417338 417355 420671 420688 425650 425667 426221 426238 426931 426948 438030 438047 438326 438343 438483 438500 447974 447991 449318 449335 450672 450689 451514 451531 452521 452538 455868 455885 456171 456188 469067 469084 476453 476470 479657 479674 484066 484083 484625 484642 487852 487869 489269 489286 501554 501571 509539 509556 516227 516244 519829 519846 529124 529141 531318 531335 533627 533644 540405 540422 541508 541525 544615 544632 546972 546989 549751 549768 550069 550086 551431 551448 554517 554534 554752 554769 565066 565083 567523 567540 567921 567938 590708 590725 591361 591378 592276 592293 593120 593137 596563 596580 602930 602947 603908 603925 606844 606861 609075 609092 613775 613792 622530 622547 629466 629483 644528 644545 652615 652632 656968 656985 679870 679887 698662 698679 706531 706548 706924 706941 711014 711031 711239 711256 716062 716079 
18 116
21961 21979 30841 30859 38751 38769 51073 51091 61760 61778 84225 84243 87550 87568 105229 105247 107354 107372 112039 112057 116419 116437 136469 136487 139043 139061 142022 142040 143960 143978 151374 151392 152467 152485 159259 159277 166613 166631 173041 173059 175075 175093 177611 177629 181555 181573 183260 183278 196233 196251 201860 201878 204363 204381 205826 205844 222316 222334 232933 232951 233543 233561 236635 236653 236963 236981 238076 238094 249453 249471 252640 252658 253133 253151 267538 267556 268135 268153 276770 276788 280438 280456 299805 299823 306745 306763 309348 309366 311531 311549 325959 325977 328425 328443 332239 332257 338360 338378 343711 343729 347537 347555 351553 351571 358082 358100 367663 367681 378609 378627 387648 387666 390059 390077 397116 397134 403659 403677 406122 406140 414405 414423 418013 418031 433536 433554 442677 442695 447860 447878 465746 465764 469041 469059 470119 470137 472756 472774 477241 477259 477351 477369 479252 479270 481262 481280 483648 483666 486866 486884 489818 489836 503453 503471 507845 507863 512036 512054 519128 519146 543339 543357 544136 544154 547068 547086 550203 550221 551258 551276 557307 557325 558570 558588 561721 561739 564044 564062 571232 571250 583455 583473 586360 586378 597154 597172 597416 597434 601839 601857 604369 604387 608648 608666 608777 608795 622977 622995 629117 629135 643919 643937 646349 646367 646511 646529 646964 646982 652118 652136 660129 660147 678724 678742 680982 681000 681034 681052 686977 686995 689257 689275 689563 689581 698235 698253 708168 708186 710264 710282 714162 714180 
19 126
4014 4033 6819 6838 19166 19185 25443 25462 27540 27559 29844 29863 30638 30657 31137 31156 35153 35172 39171 39190 39615 39634 49624 49643 50126 50145 57251 57270 59344 59363 67664 67683 72969 72988 86668 86687 97226 97245 97781 97800 101714 101733 110834 110853 110965 110984 128357 128376 140278 140297 151226 151245 168450 168469 181437 181456 182703 182722 198020 198039 204081 204100 216415 216434 235017 235036 235458 235477 238926 238945 242510 242529 246066 246085 259854 259873 260061 260080 260823 260842 263713 263732 264555 264574 283475 283494 287367 287386 292176 292195 309674 309693 316247 316266 340711 340730 345831 345850 346842 346861 352446 352465 356109 356128 356274 356293 361365 361384 370369 370388 376130 376149 381356 381375 386425 386444 390118 390137 400062 400081 419007 419026 431712 431731 441237 441256 454368 454387 455836 455855 460231 460250 467633 467652 475676 475695 480733 480752 481065 481084 485758 485777 496129 496148 497818 497837 501474 501493 502830 502849 506241 506260 510070 510089 510481 510500 511426 511445 514260 514279 514908 514927 521567 521586 528914 528933 531037 531056 533854 533873 541264 541283 549528 549547 550642 550661 552934 552953 561343 561362 562031 562050 566923 566942 567941 567960 575366 575385 575551 575570 575955 575974 578920 578939 580913 580932 594868 594887 595352 595371 604564 604583 608463 608482 610481 610500 613217 613236 619351 619370 619463 619482 620251 620270 634167 634186 638730 638749 642830 642849 643323 643342 646913 646932 650234 650253 657140 657159 661209 661228 661549 661568 667419 667438 671966 671985 681540 681559 695224 695243 700360 700379 700981 701000 704670 704689 711923 711942 716411 716430 717565 717584 
20 103
1157 1177 26435 26455 31675 31695 36862 36882 37722 37742 41165 41185 45342 45362 50210 50230 56735 56755 61215 61235 71716 71736 77272 77292 80235 80255 81467 81487 88532 88552 98013 98033 107580 107600 108921 108941 114219 114239 141413 141433 145117 145137 166648 166668 166924 166944 180259 180279 194316 194336 205913 205933 210672 210692 214754 214774 218921 218941 223750 223770 230738 230758 231861 231881 241472 241492 244354 244374 265944 265964 276020 276040 280546 280566 289835 289855 299133 299153 299719 299739 308618 308638 322275 322295 330612 330632 332276 332296 339718 339738 348950 348970 365162 365182 368866 368886 373115 373135 377346 377366 407564 407584 412956 412976 414738 414758 421915 421935 423424 423444 426957 426977 431548 431568 448231 448251 464329 464349 471153 471173 475834 475854 481836 481856 484644 484664 488264 488284 490141 490161 500125 500145 504448 504468 511638 511658 518040 518060 523037 523057 530318 530338 532756 532776 534361 534381 534737 534757 537832 537852 540472 540492 545758 545778 547156 547176 548722 548742 550338 550358 568712 568732 570180 570200 575450 575470 588369 588389 613969 613989 615926 615946 616933 616953 628959 628979 629753 629773 631818 631838 643710 643730 651033 651053 651545 651565 656020 656040 661118 661138 679820 679840 681056 681076 692053 692073 699436 699456 701633 701653 714310 714330 715921 715941 717519 717539 
21 92
30043 30064 39906 39927 50164 50185 67523 67544 67626 67647 82539 82560 103367 103388 111379 111400 115234 115255 126533 126554 144466 144487 165963 165984 175017 175038 175952 175973 176443 176464 177523 177544 178070 178091 179879 179900 185615 185636 191545 191566 194639 194660 198318 198339 202749 202770 211561 211582 211617 211638 216970 216991 221819 221840 226615 226636 227770 227791 237315 237336 247347 247368 276947 276968 279630 279651 283317 283338 287954 287975 299967 299988 304745 304766 306708 306729 307233 307254 308072 308093 319726 319747 320712 320733 321517 321538 328562 328583 330352 330373 357351 357372 367533 367554 367916 367937 372360 372381 376023 376044 376752 376773 390513 390534 395377 395398 412167 412188 413302 413323 428113 428134 430231 430252 448427 448448 465863 465884 479419 479440 485533 485554 486503 486524 488558 488579 496062 496083 507769 507790 508342 508363 517609 517630 525742 525763 528276 528297 532019 532040 567254 567275 579233 579254 584243 584264 591553 591574 596919 596940 601769 601790 613829 613850 616264 616285 635145 635166 635955 635976 652147 652168 654922 654943 657760 657781 661625 661646 669251 669272 672551 672572 676144 676165 680433 680454 681648 681669 699256 699277 705468 705489 715517 715538 
22 93
3016 3038 16060 16082 18919 18941 21164 21186 22267 22289 33025 33047 63252 63274 64555 64577 90253 90275 108640 108662 114426 114448 119707 119729 122954 122976 131037 131059 131258 131280 142324 142346 148231 148253 152069 152091 159554 159576 160659 160681 176164 176186 177259 177281 183934 183956 191315 191337 195124 195146 214574 214596 219618 219640 227163 227185 235956 235978 237611 237633 252751 252773 260732 260754 273330 273352 278034 278056 287508 287530 288647 288669 288848 288870 291767 291789 291949 291971 300161 300183 301041 301063 313067 313089 313529 313551 317064 317086 321670 321692 322460 322482 328073 328095 331713 331735 336524 336546 338920 338942 348728 348750 357578 357600 357655 357677 362114 362136 373324 373346 383524 383546 397841 397863 401058 401080 417311 417333 427730 427752 441724 441746 455340 455362 458216 458238 477637 477659 483732 483754 490255 490277 517930 517952 531153 531175 543812 543834 549429 549451 570729 570751 572611 572633 576948 576970 577939 577961 578714 578736 582856 582878 592519 592541 595062 595084 599531 599553 600457 600479 611378 611400 611845 611867 628145 628167 643250 643272 645241 645263 663171 663193 675115 675137 693553 693575 697920 697942 700315 700337 707458 707480 717541 717563 718152 718174 
23 84
1549 1572 12521 12544 28514 28537 29428 29451 31177 31200 31635 31658 43317 43340 57019 57042 57277 57300 67117 67140 74256 74279 79056 79079 98961 98984 100431 100454 123735 123758 123855 123878 127342 127365 139961 139984 141025 141048 152823 152846 167113 167136 176346 176369 180718 180741 182065 182088 185962 185985 201944 201967 205577 205600 208139 208162 215113 215136 233571 233594 239557 239580 241844 241867 251859 251882 264944 264967 270215 270238 275955 275978 278638 278661 279540 279563 288519 288542 309707 309730 313160 313183 345928 345951 350210 350233 371010 371033 383260 383283 398009 398032 400122 400145 402074 402097 413811 413834 426856 426879 438268 438291 450529 450552 456913 456936 462043 462066 509351 509374 522908 522931 530260 530283 546436 546459 565118 565141 568631 568654 571130 571153 580238 580261 591426 591449 592568 592591 598461 598484 602577 602600 602659 602682 615760 615783 618145 618168 622851 622874 623217 623240 627825 627848 630260 630283 631577 631600 645277 645300 649614 649637 652040 652063 663271 663294 673370 673393 682736 682759 685034 685057 698942 698965 702225 702248 709356 709379 
24 97
426 450 2313 2337 8923 8947 11754 11778 18012 18036 23356 23380 30240 30264 39031 39055 44164 44188 45960 45984 46417 46441 50019 50043 52775 52799 55131 55155 58029 58053 63153 63177 72076 72100 77456 77480 81022 81046 81915 81939 82325 82349 87451 87475 94574 94598 96954 96978 97013 97037 103023 103047 109176 109200 114961 114985 117353 117377 129045 129069 131358 131382 140951 140975 141337 141361 147720 147744 147761 147785 151625 151649 153676 153700 156469 156493 158625 158649 167233 167257 174137 174161 186436 186460 195754 195778 212326 212350 220240 220264 223114 223138 226465 226489 228716 228740 237019 237043 239529 239553 241361 241385 243233 243257 244153 244177 249113 249137 254222 254246 263963 263987 266155 266179 277955 277979 318238 318262 333457 333481 333620 333644 341135 341159 360106 360130 373367 373391 385237 385261 414863 414887 416966 416990 436910 436934 455562 455586 479460 479484 492029 492053 497913 497937 504908 504932 508012 508036 521059 521083 530450 530474 541113 541137 545860 545884 547033 547057 548257 548281 559112 559136 566215 566239 573316 573340 574603 574627 575036 575060 577419 577443 577727 577751 617524 617548 621665 621689 630042 630066 633318 633342 660966 660990 671526 671550 694219 694243 697532 697556 706331 706355 710959 710983 
25 65
6435 6460 6945 6970 37354 37379 45847 45872 47762 47787 79851 79876 81742 81767 87924 87949 97925 97950 113752 113777 118548 118573 123350 123375 131309 131334 167822 167847 169315 169340 169955 169980 178019 178044 183125 183150 190352 190377 209367 209392 217221 217246 246229 246254 253761 253786 269715 269740 277810 277835 287552 287577 314948 314973 323709 323734 336711 336736 340536 340561 355323 355348 359427 359452 365844 365869 371118 371143 377659 377684 385853 385878 390550 390575 403823 403848 409527 409552 424564 424589 451357 451382 453458 453483 459141 459166 465052 465077 479820 479845 517668 517693 543154 543179 545564 545589 549211 549236 551143 551168 556535 556560 559256 559281 561246 561271 586844 586869 587718 587743 597761 597786 618861 618886 637057 637082 660720 660745 672019 672044 678035 678060 691007 691032 701347 701372 706218 706243 717352 717377 
26 60
15910 15936 18710 18736 20519 20545 55015 55041 66674 66700 71641 71667 76635 76661 80414 80440 82065 82091 85310 85336 85912 85938 120540 120566 121574 121600 122324 122350 133326 133352 141435 141461 167348 167374 172731 172757 181359 181385 191819 191845 215926 215952 229163 229189 237569 237595 247519 247545 248115 248141 256761 256787 261274 261300 301557 301583 309958 309984 312847 312873 332425 332451 348345 348371 349641 349667 360410 360436 395120 395146 417724 417750 447455 447481 456423 456449 457713 457739 477766 477792 518120 518146 519563 519589 552825 552851 563013 563039 574847 574873 577163 577189 582911 582937 583330 583356 598642 598668 600429 600455 601340 601366 613016 613042 618822 618848 619059 619085 641914 641940 647974 648000 660374 660400 678174 678200 691614 691640 716453 716479 
27 52
20763 20790 25827 25854 95221 95248 113173 113200 121024 121051 136655 136682 141847 141874 160313 160340 180131 180158 189505 189532 231312 231339 237161 237188 260766 260793 267861 267888 270813 270840 275743 275770 316211 316238 322326 322353 341619 341646 346025 346052 359749 359776 363809 363836 371054 371081 381073 381100 382573 382600 391815 391842 430645 430672 447927 447954 459619 459646 462433 462460 466521 466548 480345 480372 505046 505073 514958 514985 519749 519776 525825 525852 526260 526287 559042 559069 563203 563230 570528 570555 583119 583146 583222 583249 585815 585842 595236 595263 596655 596682 612832 612859 625056 625083 625226 625253 639441 639468 678746 678773 703649 703676 714352 714379 
28 50
55043 55071 94041 94069 122223 122251 148313 148341 164642 164670 178254 178282 183633 183661 191429 191457 207947 207975 223455 223483 256457 256485 268564 268592 271224 271252 302847 302875 330118 330146 334608 334636 356545 356573 384003 384031 396863 396891 399746 399774 405927 405955 408337 408365 418853 418881 421522 421550 421672 421700 448262 448290 455310 455338 456539 456567 481021 481049 482231 482259 483045 483073 495763 495791 525149 525177 545828 545856 563956 563984 566868 566896 584655 584683 587113 587141 608732 608760 610655 610683 613936 613964 615828 615856 624561 624589 644264 644292 649538 649566 651003 651031 667164 667192 680261 680289 719512 719540 719760 719788 
29 44
7847 7876 20956 20985 31419 31448 32328 32357 79213 79242 82139 82168 111414 111443 118035 118064 136223 136252 146317 146346 155827 155856 170922 170951 177942 177971 190627 190656 196831 196860 239420 239449 293723 293752 310137 310166 357058 357087 373245 373274 392766 392795 393013 393042 401129 401158 404119 404148 439926 439955 446756 446785 452811 452840 489113 489142 491749 491778 495657 495686 504838 504867 540231 540260 592671 592700 614025 614054 625310 625339 629364 629393 643959 643988 654234 654263 667614 667643 676850 676879 698616 698645 699351 699380 712708 712737 714850 714879 
30 32
3056 3086 9465 9495 21667 21697 62348 62378 73362 73392 73839 73869 85243 85273 117724 117754 123260 123290 132455 132485 139125 139155 153126 153156 166463 166493 246609 246639 294118 294148 335129 335159 356704 356734 377308 377338 377566 377596 456754 456784 481924 481954 487353 487383 487411 487441 499257 499287 510432 510462 610160 610190 611245 611275 621229 621259 660160 660190 662260 662290 679125 679155 682229 682259 
31 39
16013 16044 41002 41033 56661 56692 61714 61745 76932 76963 80369 80400 121409 121440 146246 146277 168047 168078 220639 220670 224956 224987 231019 231050 232724 232755 241622 241653 261933 261964 286953 286984 313231 313262 335018 335049 343629 343660 359250 359281 397254 397285 422625 422656 432916 432947 441954 441985 443934 443965 478529 478560 493569 493600 516461 516492 522028 522059 538616 538647 544448 544479 553253 553284 568657 568688 573854 573885 607110 607141 608069 608100 649010 649041 659414 659445 715055 715086 
32 44
3868 3900 38625 38657 60506 60538 65634 65666 73127 73159 76452 76484 78068 78100 109518 109550 140206 140238 152331 152363 161720 161752 198360 198392 252552 252584 275639 275671 289560 289592 312026 312058 315144 315176 318630 318662 341814 341846 342529 342561 367457 367489 369614 369646 401463 401495 402551 402583 410068 410100 417268 417300 429168 429200 446951 446983 467021 467053 475717 475749 488627 488659 509317 509349 527611 527643 530349 530381 534254 534286 553314 553346 616729 616761 628228 628260 631948 631980 637021 637053 651355 651387 670116 670148 680718 680750 692549 692581 
33 37
13352 13385 60667 60700 69931 69964 102964 102997 121520 121553 149936 149969 185016 185049 217332 217365 224441 224474 229230 229263 257225 257258 260418 260451 272209 272242 317726 317759 436842 436875 440236 440269 441046 441079 441815 441848 446913 446946 454122 454155 472046 472079 494847 494880 504312 504345 504950 504983 516750 516783 538508 538541 554413 554446 592960 592993 609158 609191 654356 654389 680032 680065 680315 680348 681333 681366 684027 684060 702817 702850 704038 704071 712941 712974 
34 33
1415 1449 16817 16851 22420 22454 61349 61383 77739 77773 87149 87183 91044 91078 97314 97348 140314 140348 159736 159770 262366 262400 263766 263800 267707 267741 289643 289677 302440 302474 321750 321784 356408 356442 365316 365350 393656 393690 398660 398694 431312 431346 445710 445744 455235 455269 462107 462141 471559 471593 513238 513272 534214 534248 534815 534849 569145 569179 616520 616554 646151 646185 693445 693479 715958 715992 
35 23
32017 32052 48463 48498 60118 60153 67837 67872 93749 93784 119738 119773 175516 175551 178830 178865 211518 211553 295744 295779 326228 326263 345261 345296 358749 358784 386622 386657 411948 411983 419633 419668 491043 491078 541423 541458 545619 545654 671613 671648 677133 677168 686022 686057 709054 709089 
36 24
10432 10468 21516 21552 30324 30360 58522 58558 81339 81375 180952 180988 206017 206053 227223 227259 274255 274291 288928 288964 339264 339300 426048 426084 467748 467784 484415 484451 514058 514094 521264 521300 537650 537686 579258 579294 588238 588274 592757 592793 603430 603466 657715 657751 671818 671854 705428 705464 
37 16
163 200 16648 16685 78446 78483 120336 120373 204022 204059 209207 209244 279112 279149 308238 308275 309613 309650 371227 371264 400439 400476 417812 417849 502628 502665 635914 635951 647534 647571 709953 709990 
38 17
51025 51063 78514 78552 87752 87790 102114 102152 140033 140071 226013 226051 228219 228257 253614 253652 256842 256880 261535 261573 276633 276671 357144 357182 404051 404089 480554 480592 526429 526467 611054 611092 685940 685978 
39 20
19436 19475 26338 26377 62243 62282 80039 80078 128614 128653 149622 149661 169448 169487 206832 206871 238947 238986 330516 330555 342615 342654 397138 397177 404636 404675 520319 520358 601128 601167 616632 616671 622359 622398 676046 676085 683237 683276 712741 712780 
40 10
73733 73773 101515 101555 169213 169253 171960 172000 219707 219747 221222 221262 269326 269366 289124 289164 375723 375763 673213 673253 
41 12
55234 55275 212959 213000 262524 262565 266245 266286 277054 277095 295542 295583 314837 314878 316622 316663 414118 414159 507419 507460 509135 509176 542735 542776 
42 19
31727 31769 33835 33877 104044 104086 115437 115479 126558 126600 155733 155775 200345 200387 213525 213567 321414 321456 393343 393385 432034 432076 454509 454551 509632 509674 534142 534184 571640 571682 596951 596993 614724 614766 648134 648176 671228 671270 
43 10
103803 103846 126443 126486 140641 140684 163726 163769 216229 216272 239626 239669 297736 297779 590811 590854 607722 607765 634120 634163 
44 7
7219 7263 116525 116569 161433 161477 311906 311950 349316 349360 475426 475470 585356 585400 
45 7
129119 129164 139626 139671 334345 334390 395420 395465 463428 463473 521506 521551 712018 712063 
46 9
95610 95656 116054 116100 235137 235183 329654 329700 350433 350479 437735 437781 443839 443885 634536 634582 710423 710469 
47 7
38835 38882 80515 80562 294739 294786 442127 442174 474942 474989 558636 558683 609108 609155 
48 6
17352 17400 183344 183392 198423 198471 473436 473484 529252 529300 624252 624300 
49 7
53951 54000 100924 100973 193919 193968 272412 272461 621939 621988 657326 657375 708116 708165 
50 3
290806 290856 322032 322082 390617 390667 
51 9
98549 98600 123036 123087 130313 130364 146908 146959 205734 205785 407224 407275 659228 659279 677717 677768 708624 708675 
52 5
188709 188761 210616 210668 218713 218765 257718 257770 508108 508160 
53 3
138530 138583 316518 316571 380430 380483 
56 3
196925 196981 649644 649700 711122 711178 
57 1
690026 690083 
58 1
90529 90587 
59 1
443641 443700 
60 1
345040 345100 
62 2
303938 304000 696024 696086 
65 2
472831 472896 600126 600191 
66 1
534434 534500 
68 1
490802 490870 
69 3
182231 182300 236014 236083 298622 298691 
70 1
653414 653484 
73 1
440412 440485 
78 1
197213 197291 
