rho rho_amorph rho_nem v_mon v_amorph v_nem 2.51168 1.38629 1.52385 0.398139 0.721351 0.656231
i  S count[S] pdf[S]
75  -0.51 46 0.0701904
74  -0.49 207 0.315857
73  -0.47 132 0.201416
72  -0.45 114 0.17395
71  -0.43 152 0.231934
70  -0.41 176 0.268555
69  -0.39 160 0.244141
68  -0.37 180 0.274658
67  -0.35 195 0.297546
66  -0.33 204 0.311279
65  -0.31 158 0.241089
64  -0.29 140 0.213623
63  -0.27 148 0.22583
62  -0.25 118 0.180054
61  -0.23 92 0.140381
60  -0.21 90 0.137329
59  -0.19 63 0.0961304
58  -0.17 39 0.0595093
57  -0.15 32 0.0488281
56  -0.13 25 0.038147
55  -0.11 10 0.0152588
54  -0.09 4 0.00610352
53  -0.07 0 0
52  -0.05 1 0.00152588
51  -0.03 0 0
50  -0.01 0 0
0  0.01 0 0
1  0.03 0 0
2  0.05 0 0
3  0.07 1 0.00152588
4  0.09 2 0.00305176
5  0.11 12 0.0183105
6  0.13 9 0.0137329
7  0.15 26 0.0396729
8  0.17 41 0.062561
9  0.19 61 0.0930786
10  0.21 65 0.0991821
11  0.23 104 0.158691
12  0.25 141 0.215149
13  0.27 174 0.265503
14  0.29 212 0.323486
15  0.31 256 0.390625
16  0.33 300 0.457764
17  0.35 311 0.474548
18  0.37 330 0.50354
19  0.39 382 0.582886
20  0.41 390 0.595093
21  0.43 448 0.683594
22  0.45 474 0.723267
23  0.47 432 0.65918
24  0.49 523 0.798035
25  0.51 497 0.758362
26  0.53 506 0.772095
27  0.55 504 0.769043
28  0.57 453 0.691223
29  0.59 437 0.666809
30  0.61 509 0.776672
31  0.63 471 0.718689
32  0.65 518 0.790405
33  0.67 484 0.738525
34  0.69 520 0.793457
35  0.71 554 0.845337
36  0.73 550 0.839233
37  0.75 490 0.747681
38  0.77 503 0.767517
39  0.79 540 0.823975
40  0.81 520 0.793457
41  0.83 519 0.791931
42  0.85 537 0.819397
43  0.87 544 0.830078
44  0.89 546 0.83313
45  0.91 569 0.868225
46  0.93 617 0.941467
47  0.95 724 1.10474
48  0.97 3692 5.63354
49  0.99 7949 12.1292
