# z = 0
0 0 0 0 0 1 0 0 0 0 0 0 0 1 1 1 0 0 0 0 0 1 0 0 0 0 0 0 0 0 0 0 0 0
0 0 0 1 1 0 1 0 0 0 0 0 0 1 0 0 0 0 0 1 1 1 1 1 0 0 0 0 0 0 1 0 0 0
0 0 1 0 0 0 0 0 0 0 0 0 0 0 0 1 1 1 1 1 1 1 1 1 0 0 1 1 0 1 0 1 0 0
1 0 0 0 1 1 0 0 0 0 1 1 0 0 0 1 1 1 0 1 1 1 1 1 0 0 1 1 1 0 1 0 1 0
1 0 0 1 1 1 1 0 0 0 1 1 0 0 1 1 1 1 1 1 1 1 1 0 0 0 0 1 1 1 1 1 1 0
1 0 0 1 1 1 0 0 0 0 1 1 1 0 1 1 1 1 1 1 0 1 0 0 0 0 0 0 1 1 1 1 0 0
0 0 0 0 0 0 0 0 0 0 0 0 1 0 0 1 1 1 1 0 0 0 1 1 1 0 0 0 0 0 0 1 1 0
0 0 1 0 0 0 0 0 0 0 0 0 0 0 0 1 1 1 0 0 1 0 0 1 1 1 0 0 0 0 0 0 0 0
0 1 1 1 0 0 0 0 0 0 0 0 0 0 0 1 1 0 0 1 0 0 0 0 1 1 0 0 0 1 1 0 0 0
0 1 1 1 1 1 1 0 0 0 0 0 0 0 1 1 0 0 1 1 0 0 0 0 0 0 0 0 0 1 1 0 0 0
0 1 1 1 1 1 0 0 0 0 0 0 0 0 1 0 0 1 1 1 1 0 0 0 0 0 0 0 0 0 1 1 1 0
0 1 1 1 1 1 0 0 0 0 0 0 0 0 1 0 0 0 1 1 0 0 1 1 0 0 0 0 1 0 0 0 1 0
0 0 0 1 0 0 0 0 0 0 0 0 0 0 0 0 0 0 1 1 0 0 0 1 0 0 0 1 1 1 1 0 0 0
0 1 0 0 0 0 0 0 0 0 0 0 0 0 0 0 0 1 1 1 0 0 0 1 0 1 1 1 1 1 1 0 0 0
0 1 1 1 0 0 0 0 0 0 0 0 1 0 0 1 0 0 0 0 0 0 0 0 0 1 0 0 0 0 0 0 0 0
0 1 1 1 1 0 1 1 0 0 0 0 1 0 0 0 0 0 0 0 0 0 0 0 0 1 1 0 0 1 1 0 0 0
0 1 1 1 1 1 1 1 1 0 0 0 0 1 0 0 0 0 0 0 0 0 0 0 1 0 0 0 0 0 1 1 0 0
0 1 1 1 1 0 1 1 1 0 0 0 0 0 0 0 0 0 0 0 1 1 1 0 0 0 0 0 0 1 1 1 0 0
0 0 0 1 1 1 1 1 0 0 0 0 0 0 1 1 0 0 0 0 0 1 1 1 0 1 0 0 0 1 1 1 1 0
0 1 0 0 1 1 1 0 0 0 0 0 0 0 0 1 0 0 0 1 0 1 1 1 0 0 0 0 0 0 1 0 0 0
0 1 1 1 1 1 0 1 0 0 0 0 0 0 0 0 0 0 0 0 0 0 0 0 0 0 0 0 0 0 0 0 1 0
0 1 0 1 1 1 0 0 0 0 0 0 0 0 0 1 1 1 1 1 0 0 0 0 0 0 0 0 0 0 0 1 0 0
0 1 0 0 0 0 0 0 0 0 1 1 0 0 1 1 1 1 1 1 1 0 1 0 0 0 0 1 0 0 1 0 1 0
0 0 0 1 0 0 0 0 1 1 1 1 0 0 1 1 1 1 1 1 0 0 1 1 1 1 1 1 1 1 1 0 0 0
0 0 0 0 1 1 0 0 1 1 0 1 0 0 1 1 1 1 0 0 0 0 1 1 1 1 1 1 1 1 0 0 0 0
0 0 1 1 1 1 0 0 1 0 1 0 0 0 1 1 0 0 0 0 0 1 1 1 1 1 1 1 1 1 0 0 0 0
1 0 0 1 0 0 0 0 0 0 0 0 0 0 0 0 0 0 0 0 0 1 0 0 0 0 1 1 0 0 0 1 1 0
1 0 0 1 0 0 1 0 0 0 0 0 0 0 0 0 0 1 1 0 1 0 0 0 0 0 0 0 0 0 0 1 0 0
1 1 0 0 0 0 1 1 1 1 1 0 0 0 0 0 1 1 1 1 1 0 1 0 0 0 0 0 0 0 1 1 0 0
1 1 0 0 0 0 1 1 1 1 0 0 0 1 0 0 1 1 1 1 1 1 0 0 0 1 1 0 0 0 1 1 0 0
0 1 1 0 0 1 0 1 1 0 0 0 0 0 0 1 0 0 0 1 0 1 0 0 0 1 1 1 1 0 0 0 0 1400568960
0 1 1 0 0 0 0 0 0 1 0 0 0 1 1 0 0 0 1 0 0 0 0 0 1 1 1 1 0 0 0 0 0 9
0 0 0 0 0 1 1 1 0 1 0 0 1 1 1 1 0 0 0 0 0 0 0 1 0 0 1 0 1 0 1 0 0 0
0 0 0 0 0 0 0 0 0 0 0 0 0 0 0 0 0 0 0 0 0 0 0 0 0 0 0 0 0 0 0 0 0 1402471708

# z = 1
0 0 0 0 0 0 0 0 0 0 0 0 1 1 0 0 0 0 0 1 1 1 1 1 1 0 0 0 0 0 1 0 1 0
0 1 1 1 1 1 1 0 0 1 1 0 0 1 0 1 1 1 1 1 1 1 1 0 0 0 1 1 1 1 1 0 0 0
1 1 1 0 1 0 1 0 0 1 1 0 0 0 1 0 0 1 1 1 1 1 1 0 0 0 0 1 0 1 1 1 0 0
0 0 0 1 0 0 1 1 0 0 0 0 0 0 0 0 1 1 1 1 0 0 0 0 0 0 0 1 1 1 1 1 0 0
0 0 0 0 0 0 0 1 0 0 0 1 1 0 0 0 1 1 1 1 1 0 0 0 1 0 0 1 1 1 1 1 0 0
1 0 0 0 0 0 0 0 1 1 0 1 0 0 0 0 1 1 1 1 0 0 0 0 1 0 0 1 0 1 0 1 0 0
0 0 0 0 0 0 0 0 0 0 0 0 0 0 1 1 1 0 0 1 0 0 1 0 0 0 0 0 0 0 0 0 0 0
0 0 0 0 1 1 0 0 0 1 1 1 1 0 1 1 1 0 0 0 0 0 1 0 1 0 0 0 0 0 0 0 0 0
0 1 1 1 0 0 0 0 1 1 1 1 1 0 0 0 1 0 0 1 1 1 1 0 0 1 0 0 0 0 0 0 0 0
0 1 1 0 0 0 0 0 0 1 0 0 0 0 0 0 0 0 1 1 0 1 0 1 1 1 1 1 1 1 0 0 0 0
0 1 1 1 0 0 1 1 0 1 0 0 1 0 1 0 0 0 1 1 1 1 0 0 0 1 1 1 1 0 1 1 0 0
0 0 1 1 1 0 0 1 0 1 0 1 1 1 1 1 0 0 0 0 0 0 0 1 0 1 1 1 1 1 1 0 0 0
0 1 0 0 0 0 1 1 1 1 0 1 1 1 1 1 0 0 0 1 0 0 0 0 0 0 1 1 1 1 1 0 0 0
0 1 0 0 0 0 1 1 1 1 0 0 1 1 1 0 0 0 0 0 0 0 0 0 0 0 0 0 0 0 0 0 1 0
0 1 0 0 0 0 0 0 1 1 0 0 1 1 0 0 0 0 0 0 1 0 0 0 1 1 0 1 0 0 1 1 1 0
0 0 0 0 1 1 0 0 0 1 0 0 1 1 0 0 0 0 0 0 0 0 0 0 0 0 0 0 0 1 1 1 1 0
0 1 1 0 0 1 1 0 0 0 0 0 1 1 1 0 0 0 1 0 1 1 1 0 0 0 1 0 0 0 1 1 0 0
0 0 0 0 0 1 0 0 0 0 0 0 0 1 1 0 0 1 1 1 1 1 1 1 1 0 0 1 1 1 1 0 1 0
0 0 0 0 0 0 0 0 0 0 0 0 0 1 1 1 0 1 1 1 1 1 1 1 1 0 0 1 1 1 1 1 1 0
0 0 0 0 0 0 0 0 0 0 0 1 0 0 0 1 0 0 0 0 1 1 1 1 1 1 0 1 1 1 0 0 0 0
0 1 0 0 0 0 1 0 1 1 1 1 1 0 0 0 0 0 0 0 0 0 0 0 0 0 0 0 0 1 1 0 0 0
1 1 1 0 0 0 0 1 0 0 1 1 1 1 0 0 0 1 0 0 0 1 0 0 0 0 0 0 0 0 0 0 0 0
1 1 0 0 0 0 0 1 1 1 1 0 0 0 0 1 1 1 1 0 1 0 1 0 0 0 0 1 1 0 0 0 0 0
1 0 0 1 1 0 1 1 1 1 1 1 0 0 1 0 0 0 1 0 1 1 0 1 1 0 1 0 1 0 1 0 1 0
0 0 0 1 1 0 0 1 1 1 1 0 0 0 1 1 0 0 0 0 0 1 1 1 1 0 1 1 1 0 0 0 0 0
0 0 1 0 1 1 0 1 1 1 1 1 0 0 0 0 0 1 0 0 1 1 1 1 1 0 1 1 1 0 0 1 0 0
0 0 1 1 0 0 0 0 0 1 1 0 1 1 0 0 0 1 0 1 0 1 0 0 0 0 1 1 0 0 0 0 0 0
1 0 1 0 0 0 0 0 0 0 0 1 1 1 0 0 0 1 1 0 0 1 0 0 0 0 0 0 0 0 0 0 0 0
1 0 1 1 0 0 1 1 0 1 1 1 1 0 1 0 1 1 1 0 0 0 0 0 0 0 0 1 0 0 0 0 1 0
1 0 1 1 0 0 0 1 1 1 1 1 1 0 0 1 0 1 0 0 0 0 0 0 1 1 1 1 1 0 0 1 0 0
1 0 1 1 0 1 1 0 1 1 1 0 1 1 0 0 0 0 0 0 0 0 0 1 0 1 1 1 1 0 0 1 1 32623
1 0 0 1 0 0 0 0 0 0 1 0 1 0 0 1 0 0 0 0 1 1 1 0 1 0 1 0 0 0 0 0 1 0
0 0 0 1 0 0 0 0 1 1 1 0 0 0 0 1 0 0 0 1 1 1 1 0 1 1 0 0 1 0 0 1 0 0
0 0 0 0 0 0 0 0 0 0 0 0 0 0 0 0 0 0 0 0 0 0 0 0 0 0 0 0 0 0 0 0 0 32623

# z = 2
0 0 0 0 1 0 0 0 0 0 0 0 1 1 0 0 0 0 0 0 1 1 1 1 0 0 0 0 1 1 1 0 0 0
0 0 1 1 0 0 0 1 1 1 1 0 0 0 0 1 1 0 0 1 1 1 1 1 0 0 0 1 1 1 1 0 0 0
0 1 1 1 0 0 0 1 1 1 1 0 1 0 0 0 0 0 1 1 1 1 1 1 1 0 1 1 1 1 1 0 0 0
0 1 0 0 0 0 1 1 1 1 0 0 0 0 0 0 0 0 1 0 0 0 0 0 0 0 0 0 1 1 1 0 0 0
0 0 0 0 1 0 1 1 0 1 1 0 0 0 1 1 1 1 0 0 1 0 0 0 0 1 0 0 0 1 1 0 0 0
0 0 0 0 1 1 1 1 0 0 0 0 0 0 0 0 0 0 0 0 1 1 1 1 1 0 1 0 1 0 0 0 0 0
0 0 0 0 1 1 1 0 0 0 0 0 0 0 0 0 0 0 0 0 0 0 0 1 0 0 0 0 0 0 0 1 1 0
0 1 1 1 0 1 0 0 1 1 1 1 1 0 0 0 0 0 0 1 1 1 0 0 0 0 0 0 0 0 0 0 0 0
0 1 1 0 0 0 0 0 1 1 1 1 0 0 0 0 0 0 0 0 1 1 1 0 1 0 1 1 0 0 0 0 0 0
0 1 1 1 0 0 0 0 1 1 1 0 0 0 0 1 0 1 1 1 1 1 1 1 0 1 1 1 1 0 0 0 0 0
0 0 1 1 0 1 1 0 0 1 0 0 0 1 1 1 0 1 1 1 0 1 0 0 0 1 1 0 0 1 0 0 0 0
0 0 0 1 0 0 0 0 0 0 0 1 1 1 1 1 0 0 0 0 0 0 0 0 0 0 1 1 1 1 1 0 1 0
1 1 0 1 1 1 1 1 1 0 0 1 1 1 1 1 1 0 0 0 1 0 0 0 0 0 1 1 1 1 0 0 1 0
1 1 1 1 1 0 0 1 1 1 0 1 1 1 1 0 0 0 1 0 0 1 1 0 0 0 1 0 0 0 0 0 1 0
0 0 0 0 0 0 0 0 0 1 0 1 1 1 1 0 0 0 1 0 0 1 1 0 0 0 0 1 0 1 1 1 0 0
0 0 0 0 0 0 1 0 0 1 0 0 1 1 1 0 0 0 0 0 0 0 1 0 0 0 0 0 1 1 1 1 1 0
0 0 0 0 1 0 0 0 0 0 0 1 1 1 1 0 0 0 1 0 1 1 1 0 1 0 1 0 0 0 1 0 1 0
1 0 0 0 0 1 0 1 0 0 0 0 0 0 1 1 0 1 1 1 1 1 1 1 1 0 0 0 0 1 1 1 1 0
1 0 1 1 0 1 1 0 0 0 0 0 0 0 1 1 0 1 1 1 1 1 1 1 0 1 0 0 0 0 0 1 1 0
0 0 1 1 0 0 1 0 0 0 1 1 1 0 0 0 0 0 1 1 1 1 1 1 0 1 1 0 0 0 1 0 0 0
0 0 1 1 0 0 1 1 0 1 1 1 1 1 0 0 0 0 0 0 0 0 0 0 1 1 0 0 0 1 1 1 1 0
1 1 0 0 0 0 0 0 0 1 1 1 1 1 0 0 0 0 0 0 0 0 0 0 0 1 0 0 0 0 1 1 1 0
0 1 0 1 1 0 0 0 1 0 1 1 1 1 1 1 0 0 0 0 0 0 0 0 0 0 0 1 0 0 1 1 0 0
0 0 0 1 1 0 0 1 1 1 0 0 0 0 0 0 0 0 0 0 0 0 1 1 1 1 0 0 0 1 0 1 1 0
0 1 0 1 1 0 0 0 1 1 1 0 0 0 0 0 0 1 0 0 1 1 1 1 1 1 0 0 0 1 0 1 0 0
0 0 0 0 0 0 1 0 1 1 0 0 1 1 0 0 1 1 1 0 0 1 1 1 1 1 0 0 0 0 0 1 1 0
0 0 0 0 0 1 1 0 1 0 0 1 1 1 1 0 1 1 1 0 0 0 0 0 0 0 0 0 0 0 0 0 0 0
1 0 1 0 0 0 1 1 0 0 0 1 1 1 1 0 0 0 0 1 0 0 0 0 0 0 0 0 0 1 1 1 0 0
1 0 1 0 0 0 0 0 0 0 1 1 1 1 1 0 0 1 0 1 1 0 0 1 0 0 0 0 0 0 0 0 1 0
1 0 1 0 0 0 0 0 1 1 0 0 0 0 0 0 0 0 0 0 0 0 0 0 0 0 0 1 1 0 1 1 1 0
1 0 1 0 0 1 0 0 1 1 0 0 0 1 0 0 0 0 0 0 0 0 0 1 0 0 0 1 0 1 1 1 1 144
1 1 0 0 0 1 0 0 1 0 0 1 0 0 1 0 1 0 0 0 1 1 1 1 1 0 0 0 1 1 1 1 1 7
1 0 0 0 0 0 0 0 0 0 1 0 1 1 0 1 1 0 0 0 1 1 1 1 1 0 0 1 1 1 1 1 0 124
0 0 0 0 0 0 0 0 0 0 0 0 0 0 0 0 0 0 0 0 0 0 0 0 0 0 0 0 0 0 0 0 0 -72916120

# z = 3
0 0 0 0 0 0 0 0 0 0 1 0 0 1 0 0 0 1 0 0 1 1 1 1 1 0 0 0 0 0 0 0 0 0
0 1 0 1 0 0 0 1 1 1 0 0 1 0 0 0 0 0 0 0 1 1 1 1 0 0 1 1 1 0 1 0 0 0
0 1 0 1 0 0 0 1 1 1 1 0 0 0 0 0 0 0 0 0 0 0 0 1 0 0 1 1 1 1 0 1 1 0
1 1 0 0 0 0 1 1 1 1 0 0 0 0 0 1 1 0 0 0 0 0 0 0 0 1 0 0 1 1 0 1 1 0
0 0 0 0 1 1 1 1 1 0 0 1 0 0 1 1 1 0 0 1 1 0 1 1 1 0 1 0 0 0 0 0 0 0
0 0 0 1 1 1 1 1 1 0 1 1 0 0 1 1 1 0 0 0 1 1 1 1 1 1 0 1 0 0 0 0 0 0
0 1 1 1 0 0 1 1 0 0 1 1 0 0 1 1 1 0 0 1 0 0 1 1 1 1 1 1 0 0 0 0 0 0
0 1 1 1 1 0 0 0 1 1 1 1 0 0 0 0 0 1 1 1 0 0 0 0 1 0 0 0 0 0 1 0 1 0
0 1 1 1 1 1 0 0 1 1 1 1 1 0 0 1 0 0 0 1 1 1 1 0 0 0 0 0 0 0 0 0 0 0
0 1 1 1 0 0 0 0 0 1 1 0 0 1 1 1 0 0 1 1 1 0 1 0 0 1 1 1 0 0 0 0 0 0
0 0 1 0 0 1 1 0 0 0 0 0 0 1 1 1 0 0 1 1 1 1 1 0 0 1 1 1 1 1 0 0 0 0
0 0 0 0 1 1 0 0 0 0 0 1 1 1 1 1 0 0 0 1 1 0 0 1 0 1 1 1 1 1 0 0 1 0
1 0 0 0 0 1 0 0 0 0 0 1 1 1 1 1 0 0 1 0 0 0 0 0 1 1 1 1 1 0 0 1 1 0
0 1 0 0 1 1 0 0 0 1 0 1 1 1 1 0 0 1 1 1 1 1 0 0 0 0 0 0 0 0 1 0 1 0
0 0 0 1 1 1 1 0 0 0 0 1 1 1 1 0 1 1 1 1 1 1 1 0 0 0 0 1 1 1 1 1 0 0
0 0 0 0 0 1 1 0 0 0 0 0 1 1 1 0 0 1 1 1 1 1 1 1 1 0 0 0 0 0 1 1 0 0
0 0 1 1 0 1 0 0 0 0 0 1 1 0 0 0 0 1 1 1 1 1 1 1 1 1 0 0 0 0 0 1 0 0
0 0 1 0 0 0 1 1 1 1 0 0 0 0 0 0 0 1 1 1 1 1 1 1 1 0 1 0 0 0 0 0 0 0
0 0 0 0 1 1 1 1 0 0 0 0 0 0 0 1 0 1 1 1 1 1 1 0 0 0 0 0 0 0 0 0 0 0
0 0 0 0 1 1 1 1 1 0 0 1 0 0 0 0 1 0 1 1 0 0 0 0 1 1 0 0 0 1 1 0 0 0
0 0 1 1 0 1 1 0 0 0 1 1 1 1 0 0 0 0 0 0 0 0 1 1 1 1 0 1 1 1 1 0 0 0
0 0 0 1 1 1 1 1 0 0 0 1 1 1 0 0 0 0 0 1 1 0 0 0 1 1 0 1 1 0 1 1 1 0
0 0 0 1 1 0 0 0 0 0 0 1 1 1 0 0 0 0 0 0 0 0 0 0 0 0 0 1 0 1 1 1 0 0
0 0 0 0 1 0 0 0 0 0 0 0 1 0 0 0 0 0 0 0 0 1 0 0 0 0 0 1 1 1 0 0 0 0
0 1 0 0 0 0 0 0 0 0 0 0 0 0 0 0 0 0 1 0 0 1 1 1 1 0 0 0 0 0 0 0 0 0
0 0 0 1 0 0 0 1 0 0 0 0 1 1 1 0 1 1 1 0 0 0 0 1 1 0 0 0 0 0 1 0 1 0
0 0 0 0 1 0 1 0 1 0 0 0 1 1 1 0 1 1 1 1 0 0 0 0 0 0 1 0 0 1 1 0 1 0
0 1 0 0 1 0 0 1 1 0 0 1 1 1 1 0 1 1 1 0 1 0 1 0 0 0 1 0 0 1 1 0 1 0
0 0 1 1 1 1 0 0 1 0 0 0 1 1 0 0 0 0 0 0 0 0 1 0 0 1 0 0 1 1 1 1 1 0
0 1 1 1 1 0 0 0 0 0 0 0 0 0 0 0 0 0 0 0 1 1 0 0 0 1 1 1 0 1 1 0 1 0
0 1 1 1 0 0 0 0 0 0 0 0 0 1 1 1 1 0 0 0 1 1 1 0 0 0 0 0 0 0 1 0 0 0
0 1 0 1 1 0 0 0 0 0 1 1 0 1 1 1 1 1 0 1 1 1 1 1 1 0 0 1 1 1 1 1 0 0
1 0 0 1 0 0 0 0 0 1 1 1 1 1 0 0 1 0 0 1 1 1 1 1 1 0 0 0 1 1 1 1 1 119
0 0 0 0 0 0 0 0 0 0 0 0 0 0 0 0 0 0 0 0 0 0 0 0 0 0 0 0 0 0 0 0 0 21932

# z = 4
0 0 0 0 0 0 0 0 0 0 1 1 1 1 0 0 1 0 0 0 0 1 1 1 0 0 0 0 1 1 0 0 0 0
1 1 1 1 0 0 0 1 1 1 0 0 0 0 0 0 0 0 1 0 0 0 0 0 0 1 0 1 1 0 0 0 0 0
1 1 0 1 0 0 0 1 1 0 0 0 0 0 0 0 1 0 0 1 0 0 0 0 0 0 0 1 0 0 0 0 1 0
0 1 0 0 0 0 0 1 1 1 0 1 0 1 1 1 1 0 0 0 0 0 0 0 0 0 0 0 0 0 1 0 1 0
0 0 0 0 0 1 1 1 0 0 1 1 0 0 1 1 1 1 1 0 0 1 1 1 1 1 1 1 1 0 0 0 0 0
0 0 0 1 1 1 1 1 0 0 1 1 0 1 1 1 1 0 1 0 0 1 1 1 1 1 1 1 1 0 0 1 0 0
0 1 1 1 1 1 1 1 0 0 1 1 0 0 0 1 1 1 1 0 0 0 1 1 1 1 1 1 1 1 0 0 0 0
0 1 1 1 1 1 0 0 0 1 1 1 1 0 0 0 1 0 0 0 0 0 0 0 0 0 0 0 1 1 1 0 0 0
0 1 1 1 1 0 0 0 0 1 1 1 0 0 0 1 0 0 0 1 0 1 0 1 0 0 0 0 0 0 1 0 0 0
0 1 1 1 0 0 1 1 0 0 0 0 0 1 1 1 0 0 0 1 0 0 0 0 0 1 1 1 1 0 0 0 0 0
0 0 0 1 0 0 0 0 0 0 1 1 1 1 1 1 0 0 0 0 0 1 1 0 1 1 1 1 1 1 0 0 0 0
0 0 0 0 0 1 0 0 0 0 0 1 1 1 1 1 0 0 1 0 0 0 0 0 1 1 1 1 1 0 0 0 1 0
1 0 1 0 0 1 0 1 0 0 0 1 1 1 1 1 0 1 1 1 1 1 0 0 1 1 1 1 1 0 0 1 1 0
0 0 0 1 1 1 0 0 0 0 0 1 1 1 1 0 1 1 1 1 1 1 0 0 0 0 0 0 0 0 1 0 0 0
0 0 1 1 1 1 1 0 0 0 0 1 1 1 1 0 1 1 1 1 1 1 1 0 0 0 0 0 1 1 1 0 0 0
0 0 1 1 1 1 0 0 0 0 0 1 1 1 0 0 0 1 1 1 1 1 1 1 1 1 1 0 0 1 1 0 1 0
0 0 1 1 0 0 0 1 1 1 0 0 1 0 0 0 0 1 1 1 1 1 1 1 1 1 1 1 0 0 0 0 0 0
0 0 1 1 0 1 1 1 1 0 0 1 1 1 0 0 0 0 1 1 1 1 0 1 1 1 1 1 0 0 0 0 0 0
0 1 1 1 1 1 1 1 1 0 0 0 0 0 0 0 0 0 1 1 1 0 1 0 1 0 0 0 1 0 1 1 1 0
1 1 1 1 1 1 1 1 1 0 0 0 0 0 0 0 0 0 1 0 0 0 0 0 0 1 0 0 1 1 1 1 1 0
0 0 0 1 1 1 1 1 1 0 0 1 1 1 0 0 0 0 0 1 0 0 1 1 1 1 1 1 1 1 1 0 1 0
0 0 1 1 1 1 1 0 0 0 0 1 1 1 0 0 1 0 0 0 0 0 1 1 1 1 1 1 1 0 1 1 0 0
0 0 1 1 1 1 0 0 0 0 0 0 1 0 1 1 1 1 0 0 0 0 1 1 1 0 1 1 1 1 1 1 1 0
0 1 1 1 1 0 0 0 0 0 0 0 0 0 0 1 1 0 0 0 0 0 0 0 0 0 0 1 1 0 0 0 0 0
0 1 1 0 1 0 0 1 0 1 1 1 0 0 0 1 1 0 1 0 0 0 0 0 0 0 0 1 0 0 0 0 0 0
1 0 1 1 0 0 0 1 1 1 1 1 0 1 1 1 0 0 1 0 0 0 0 0 0 0 0 0 0 0 1 1 0 0
1 0 0 0 0 0 0 0 0 0 0 0 1 1 0 0 0 1 0 0 0 0 1 0 0 0 0 0 1 1 1 0 1 0
1 1 0 1 0 0 1 1 1 0 0 0 1 1 1 0 0 1 0 1 0 0 1 0 1 1 0 0 1 1 1 1 1 0
1 1 1 0 0 0 0 1 1 0 0 0 0 0 0 0 0 0 1 0 0 1 0 1 1 1 0 0 1 1 1 1 1 0
1 1 1 0 1 1 1 1 0 0 0 0 0 0 1 1 1 1 0 0 0 0 0 1 1 0 0 0 1 1 1 1 0 0
1 0 0 0 0 0 1 1 0 0 1 0 1 1 1 1 1 1 0 0 1 1 0 0 0 1 0 0 1 1 1 1 0 80
1 0 1 0 0 0 1 0 0 0 1 1 1 1 1 1 1 1 0 1 1 1 0 0 0 0 0 0 1 1 1 1 1 1399036125
0 0 0 1 0 0 0 1 0 1 1 1 1 1 0 0 1 1 1 0 0 1 1 1 0 0 0 0 1 1 1 0 0 110
0 0 0 0 0 0 0 0 0 0 0 0 0 0 0 0 0 0 0 0 0 0 0 0 0 0 0 0 0 0 0 0 0 -915731621

# z = 5
0 0 1 1 1 0 0 0 0 1 1 1 1 0 0 0 1 0 0 0 0 0 0 0 0 0 1 0 1 1 0 0 1 0
0 0 0 0 1 1 0 0 0 1 1 0 0 0 0 0 0 0 1 1 1 1 0 0 0 1 1 0 0 0 0 0 1 0
1 0 0 0 0 0 0 0 0 0 0 0 0 0 1 0 1 0 0 1 1 0 0 0 0 0 0 0 0 0 1 1 0 0
1 0 0 0 0 0 0 0 0 0 0 0 0 1 1 1 1 1 0 0 0 0 0 0 0 0 0 0 0 1 0 1 1 0
1 1 0 0 0 1 0 1 0 1 1 0 1 0 1 1 1 1 0 1 1 1 0 0 1 1 1 1 1 0 1 0 0 0
0 0 0 1 1 1 1 1 0 0 1 0 0 1 1 1 1 1 1 0 0 0 0 0 1 1 1 1 1 1 1 0 0 0
0 1 1 1 1 1 0 0 0 0 1 1 1 0 1 1 1 1 1 0 0 0 0 0 1 1 0 1 1 1 1 0 0 0
0 1 1 1 1 0 0 0 0 1 1 1 1 0 0 0 0 1 1 0 0 0 0 1 0 0 0 1 1 1 1 0 0 0
0 0 1 1 1 0 0 0 0 0 1 1 1 0 0 0 1 1 0 0 0 0 1 1 1 1 0 0 1 0 0 0 0 0
1 0 1 1 0 1 1 1 1 0 0 0 0 0 1 1 0 0 1 1 0 0 0 1 0 0 0 1 1 0 0 0 0 0
0 0 0 0 0 0 1 1 1 0 0 0 1 1 1 1 0 0 0 0 0 0 0 0 0 1 1 1 1 0 1 1 0 0
0 1 0 0 0 0 1 1 1 0 0 1 1 1 1 1 0 0 1 1 0 0 0 0 1 1 1 1 1 0 0 0 0 0
0 1 1 1 1 1 0 1 0 0 0 0 1 1 1 0 0 1 1 1 1 0 0 0 1 1 1 1 1 0 0 0 1 0
0 1 0 1 1 1 0 0 0 0 1 0 1 1 1 0 0 1 1 1 1 1 0 0 1 0 0 0 0 0 0 0 0 0
0 0 0 0 1 0 0 0 0 0 0 0 1 1 1 0 1 1 1 1 1 1 1 0 0 0 0 0 0 0 1 0 0 0
0 0 0 1 1 0 0 0 0 0 0 1 1 1 1 0 1 1 1 1 1 1 1 1 1 1 1 1 0 0 0 1 1 0
1 0 0 0 0 0 0 0 1 0 0 0 1 1 1 0 0 1 1 1 1 1 1 1 1 1 1 1 1 0 0 1 1 0
1 0 0 0 0 1 1 1 1 1 1 1 1 1 0 0 0 0 0 1 1 0 1 1 1 1 1 1 1 0 0 1 1 0
0 0 0 1 1 1 1 1 1 0 0 1 1 1 0 0 0 0 0 0 0 0 0 0 0 0 1 1 0 1 1 1 1 0
1 1 1 1 1 1 1 1 1 0 0 0 0 0 0 0 0 0 0 0 0 0 0 1 0 0 0 0 1 0 1 1 1 0
0 0 1 1 0 0 1 1 1 1 0 0 0 0 0 0 0 0 0 0 0 0 1 1 1 1 1 1 1 1 1 1 1 0
1 0 1 1 0 1 1 1 0 1 0 1 1 1 0 1 1 0 0 0 1 1 1 1 1 0 1 1 1 0 1 1 0 0
1 1 1 1 0 1 1 0 0 0 0 0 0 0 1 1 1 1 0 1 1 1 1 1 1 0 1 1 1 1 1 1 1 0
0 1 1 1 1 1 0 0 0 1 1 0 0 0 1 1 1 1 0 0 0 1 1 0 0 1 1 1 1 0 0 1 0 0
0 1 1 1 1 0 0 0 1 1 1 1 1 0 1 1 1 0 0 0 0 0 0 0 0 0 0 1 0 0 0 0 0 0
1 1 1 1 1 0 0 1 1 1 1 0 0 1 1 1 0 0 0 1 1 0 0 0 0 1 0 0 0 0 0 1 0 0
1 0 1 1 0 0 0 0 0 1 1 0 0 0 0 0 0 0 0 0 1 0 0 0 0 0 0 0 0 1 1 1 1 0
1 0 0 0 1 0 0 0 0 0 0 0 0 1 0 0 0 0 0 0 0 0 1 1 1 0 0 0 1 1 1 1 1 0
1 1 1 0 0 0 0 0 0 0 0 0 0 0 0 0 1 0 0 0 0 0 0 1 1 0 0 1 0 1 1 1 1 0
0 0 0 0 0 0 1 0 0 0 1 0 0 1 1 1 1 0 0 0 0 0 0 0 0 0 1 0 1 0 1 1 0 0
0 0 1 1 0 0 0 0 0 0 1 0 0 1 1 1 1 1 0 0 1 0 0 0 0 1 1 0 1 1 1 0 0 0
0 0 0 0 0 0 0 0 0 0 1 1 1 1 0 1 1 1 1 0 0 0 0 0 0 0 0 0 1 1 0 0 0 32623
0 0 1 0 1 0 0 0 1 1 1 1 1 1 0 1 1 0 0 0 0 0 0 0 0 0 0 0 1 1 0 0 0 91
0 0 0 0 0 0 0 0 0 0 0 0 0 0 0 0 0 0 0 0 0 0 0 0 0 0 0 0 0 0 0 0 0 21932

# z = 6
0 0 0 1 1 1 0 0 0 1 1 1 1 1 0 0 1 1 1 0 0 0 0 0 0 1 1 0 0 0 0 1 0 0
1 0 1 1 0 1 1 0 0 1 1 1 1 0 0 0 0 0 1 1 1 1 1 0 0 1 1 0 0 0 0 1 1 0
1 0 1 0 0 0 0 1 0 1 0 1 0 0 0 1 1 0 1 1 1 1 1 0 0 1 0 0 0 0 0 0 0 0
1 1 1 0 0 0 0 1 1 1 0 0 0 0 1 1 1 0 1 1 1 1 0 0 1 0 1 1 0 1 1 0 1 0
1 1 1 0 0 0 0 0 0 0 0 0 0 0 1 1 0 1 0 0 0 1 0 0 0 0 1 0 0 0 1 0 1 0
0 0 0 1 0 0 0 0 0 0 0 1 0 1 1 0 0 0 0 0 0 0 0 0 1 0 1 1 1 1 1 0 0 0
0 0 1 1 0 0 0 0 0 0 0 1 0 1 1 0 0 0 0 0 0 0 0 0 0 0 0 1 1 1 0 0 0 0
0 1 1 0 0 1 0 0 0 0 0 0 0 0 0 1 1 1 1 0 0 1 1 1 1 0 0 1 1 1 0 1 0 0
0 1 0 0 0 1 1 1 1 0 0 0 0 0 0 0 1 1 1 0 0 1 1 1 1 1 0 0 0 0 1 0 0 0
0 0 0 0 0 1 1 1 1 1 0 0 0 0 1 1 0 1 1 1 0 1 1 1 0 0 1 1 1 0 1 0 0 0
0 1 0 0 0 1 1 1 1 0 0 0 1 0 1 1 0 0 0 0 0 0 0 1 1 1 1 1 1 0 0 1 0 0
0 1 1 1 0 1 1 1 1 0 0 0 1 1 1 1 1 0 1 1 0 0 0 0 1 1 1 1 1 0 0 0 1 0
0 1 1 1 1 0 0 1 0 0 0 0 0 1 1 1 0 1 1 1 1 0 0 1 1 1 1 1 1 0 0 0 0 0
0 0 1 0 0 0 0 0 0 0 0 0 0 0 0 0 0 1 1 1 0 0 0 0 0 0 0 0 0 0 0 0 0 0
0 1 1 0 1 0 0 1 1 0 0 0 1 0 0 0 1 1 1 1 0 0 0 0 1 0 0 0 0 0 0 0 1 0
0 1 1 1 0 0 0 1 0 0 0 0 1 0 0 0 0 0 1 0 0 0 0 1 1 1 0 1 1 1 1 0 0 0
1 0 0 1 0 0 0 0 0 0 0 0 1 0 0 0 0 0 0 0 0 0 0 1 1 0 1 1 1 1 1 0 1 0
1 0 0 0 0 0 0 1 1 1 0 1 1 1 0 0 0 0 0 0 0 0 0 1 1 1 1 1 1 1 1 1 1 0
0 1 0 0 0 1 0 1 1 1 1 1 0 1 0 0 0 0 0 0 0 0 0 0 0 1 1 1 0 0 0 1 1 0
0 0 0 1 0 0 0 0 0 1 0 0 1 0 0 0 0 0 0 0 0 0 0 0 0 1 0 0 0 0 0 1 1 0
0 1 0 0 1 0 1 0 1 0 1 0 0 0 1 0 0 0 0 0 0 0 1 1 1 1 0 0 1 1 1 1 1 0
1 0 1 0 0 0 0 0 1 1 1 0 0 1 0 0 0 0 0 1 0 0 1 1 1 0 1 1 1 0 0 0 1 0
0 0 0 0 0 0 0 0 0 0 0 0 0 0 0 1 1 0 1 1 1 1 1 1 1 0 1 0 0 1 1 1 0 0
0 0 0 1 1 0 0 0 0 0 0 0 0 0 1 1 1 1 0 1 1 1 1 0 0 0 0 0 0 0 0 1 0 0
0 0 0 0 1 0 0 0 1 1 1 1 0 0 0 1 0 0 0 0 0 1 1 0 0 0 1 0 0 0 0 0 0 0
1 0 0 0 0 0 0 1 1 1 1 0 1 1 1 1 1 0 1 1 0 0 0 0 0 0 1 0 0 0 0 1 1 0
1 0 0 1 0 0 0 0 1 1 1 0 0 0 0 0 0 0 1 1 1 0 1 0 0 1 0 0 0 0 1 1 1 0
1 1 0 0 1 1 0 0 0 0 0 0 0 0 0 0 0 1 1 1 1 1 1 1 0 1 1 0 0 0 1 1 1 0
0 0 1 1 0 1 1 0 1 0 1 0 0 0 0 0 0 0 1 1 1 1 1 1 0 1 0 1 0 1 0 1 1 0
0 0 0 0 0 0 0 0 0 0 0 0 0 1 1 1 1 0 0 0 1 1 1 1 0 1 1 0 1 0 0 0 0 0
0 0 0 0 0 1 0 0 0 0 1 0 0 1 1 1 1 1 0 0 0 0 0 0 0 0 0 0 1 1 0 0 0 1399027142
0 0 0 0 1 0 0 0 0 1 1 1 1 1 1 1 0 1 1 0 0 0 0 0 1 0 0 1 0 0 0 1 0 0
0 0 0 1 1 1 0 0 0 1 1 1 1 0 0 1 1 0 1 0 0 1 0 0 0 0 0 0 0 0 1 0 0 0
0 0 0 0 0 0 0 0 0 0 0 0 0 0 0 0 0 0 0 0 0 0 0 0 0 0 0 0 0 0 0 0 0 264

# z = 7
0 0 0 0 1 1 0 0 0 1 1 1 1 1 0 0 1 1 1 0 1 1 0 0 0 1 1 0 0 0 0 0 0 0
1 0 1 1 1 1 1 1 0 0 1 1 1 1 0 1 0 0 1 1 1 1 1 0 0 1 1 0 0 1 0 1 0 0
1 0 0 1 0 1 1 1 0 0 1 1 0 0 0 1 1 0 1 1 1 1 1 0 0 1 0 0 0 0 0 0 1 0
1 1 0 0 1 1 1 1 1 0 1 0 0 0 0 1 1 0 1 1 1 1 1 0 0 0 0 1 0 0 1 1 1 0
1 1 0 1 1 1 1 1 0 0 0 1 0 1 0 1 0 0 0 0 0 0 0 0 0 0 0 0 0 0 0 0 1 0
1 1 0 0 0 1 1 1 0 0 0 0 0 1 1 0 0 0 0 0 0 1 1 1 0 0 0 1 1 1 0 0 1 0
0 0 0 0 0 0 0 0 0 0 0 0 0 0 1 0 1 1 0 0 1 1 1 0 0 0 0 0 1 1 0 0 0 0
0 0 0 0 0 0 0 1 1 0 0 1 0 0 0 0 0 1 0 0 0 0 0 0 0 0 0 0 0 0 0 1 1 0
0 0 0 0 0 1 1 1 1 1 0 1 0 0 0 0 1 1 1 0 0 0 1 1 1 1 0 0 0 0 1 0 1 0
1 1 1 0 0 1 1 1 1 1 1 0 0 0 0 0 0 1 1 1 0 1 1 1 1 0 0 0 0 0 1 0 0 0
0 1 1 1 1 1 1 1 1 1 1 0 0 0 1 0 0 0 0 0 0 0 1 0 0 0 0 0 0 0 0 0 0 0
1 1 1 1 1 0 1 1 1 1 0 0 0 0 0 0 0 0 0 0 0 0 0 0 0 1 1 1 1 0 0 0 0 0
1 1 1 1 1 0 1 0 0 0 0 0 0 0 0 0 0 0 0 0 0 0 0 1 0 0 1 1 1 0 0 0 0 0
0 0 1 0 0 1 0 0 0 0 0 0 0 0 0 0 0 0 1 0 0 0 1 0 0 0 0 0 0 0 0 0 1 0
0 1 1 1 1 1 0 0 0 0 0 0 0 1 0 0 0 0 0 0 1 0 0 0 1 1 0 0 0 0 0 0 0 0
1 1 1 1 1 0 0 0 0 0 0 0 0 1 0 0 1 0 0 0 0 1 1 1 1 1 0 1 0 0 1 1 1 0
1 0 1 1 1 0 1 0 0 0 0 0 0 0 0 0 0 0 0 0 0 0 0 1 1 1 1 1 1 0 1 1 1 0
0 0 0 0 0 0 0 0 1 1 0 0 0 0 0 0 0 0 0 1 0 0 0 0 1 1 1 1 1 1 1 1 1 0
0 0 0 0 1 1 1 0 1 1 1 0 0 0 0 0 0 0 0 0 0 0 0 0 0 0 0 0 0 0 0 0 0 0
0 0 0 1 1 1 1 0 1 1 1 1 0 0 1 1 1 0 0 0 1 0 0 0 0 0 0 0 1 0 1 0 0 0
0 0 0 0 1 1 0 0 1 1 1 1 0 0 1 1 0 0 0 1 0 0 0 0 0 0 0 0 0 0 0 1 1 0
0 0 0 0 1 1 1 0 0 1 1 1 0 1 0 0 0 0 1 1 0 0 0 1 1 0 0 0 0 0 0 0 0 0
0 0 1 0 0 1 1 0 0 0 0 0 0 0 0 0 0 1 1 1 1 1 1 1 1 0 0 0 0 1 0 0 0 0
1 0 1 0 0 1 1 1 0 0 0 0 0 0 0 1 1 1 0 0 1 1 1 1 0 0 0 0 0 0 1 0 1 0
0 0 0 0 0 0 1 1 0 0 0 0 0 0 0 0 0 0 0 0 0 0 0 1 0 0 0 0 0 0 0 0 0 0
0 0 0 0 0 0 0 1 1 1 0 0 0 1 1 0 0 0 1 1 0 0 0 0 0 1 1 1 1 0 0 0 0 0
0 0 1 1 1 1 0 0 1 1 1 0 0 0 0 0 1 0 1 1 1 1 1 1 0 1 1 1 0 1 1 0 0 0
0 0 1 1 1 1 0 0 1 1 1 0 0 0 0 0 0 1 1 1 1 1 1 0 1 1 1 1 1 1 0 0 0 0
0 1 1 1 1 1 0 0 1 1 1 0 0 0 0 0 0 0 0 1 1 1 1 0 1 1 1 1 0 1 0 1 1 0
0 0 1 1 1 1 1 0 0 0 0 0 0 1 1 1 1 0 0 0 1 1 1 0 1 0 0 0 1 1 1 0 0 0
0 1 1 0 0 0 1 1 0 0 1 0 0 1 0 0 1 1 1 0 0 0 0 0 0 0 1 1 0 0 0 0 0 32623
0 0 1 0 0 0 0 0 0 1 1 0 1 1 0 1 0 1 1 1 0 0 0 0 0 0 1 1 0 0 0 0 1 0
0 0 1 1 1 0 1 0 0 1 1 0 0 0 0 1 1 1 0 1 1 1 0 0 0 0 0 0 0 0 0 0 1 0
0 0 0 0 0 0 0 0 0 0 0 0 0 0 0 0 0 0 0 0 0 0 0 0 0 0 0 0 0 0 0 0 0 0

# z = 8
0 0 0 0 0 0 0 1 0 1 1 1 1 1 0 0 1 1 0 0 1 1 0 0 0 1 1 0 0 0 0 0 0 0
0 0 0 1 1 1 1 1 0 1 1 0 1 0 0 1 0 0 0 1 1 1 1 0 0 1 1 0 0 1 0 0 0 0
1 0 0 0 1 1 1 1 0 0 0 0 0 1 0 0 0 1 0 1 1 1 1 1 1 1 1 0 0 0 0 1 1 0
1 1 0 1 1 1 1 1 0 0 1 1 0 0 0 0 0 0 1 1 1 1 1 1 0 0 1 0 0 0 1 1 1 0
1 1 0 0 1 1 1 1 0 1 1 1 1 1 0 0 0 0 0 0 0 0 0 0 0 0 0 0 0 0 0 1 1 0
1 1 0 0 0 1 1 1 0 0 1 1 0 1 1 0 0 0 0 1 1 1 1 1 0 0 0 0 0 0 0 1 1 0
0 0 0 0 0 0 0 0 0 1 1 1 0 0 0 0 1 0 0 1 1 1 1 0 0 0 0 0 0 0 0 0 0 0
1 0 0 0 0 0 1 1 1 0 1 1 1 0 0 0 1 1 1 0 0 0 0 0 0 1 1 0 0 0 0 1 0 0
0 1 0 0 0 1 1 1 1 1 1 1 1 0 0 0 1 1 1 1 0 0 1 1 1 0 1 0 0 0 1 0 0 0
0 1 1 1 1 1 1 1 1 1 1 1 0 0 0 0 1 1 1 1 0 1 1 1 1 0 1 1 1 0 1 0 0 0
0 1 1 1 0 0 1 1 1 1 1 0 0 0 0 0 0 0 1 1 0 0 1 1 0 0 0 0 1 0 0 0 0 0
0 1 1 1 1 1 1 1 1 1 1 0 0 0 0 0 0 0 0 0 0 0 0 0 1 1 1 1 0 0 0 0 0 0
1 1 1 1 1 1 1 0 1 1 1 0 0 1 1 0 0 0 0 0 1 1 1 1 1 0 1 1 1 0 0 1 0 0
0 0 0 0 0 0 0 0 0 0 1 0 0 1 1 1 1 0 0 1 1 1 1 0 0 0 0 1 0 0 0 0 1 0
0 1 1 1 1 1 0 0 0 0 1 1 0 0 1 1 1 0 0 1 1 1 1 0 0 0 0 0 0 0 1 0 1 0
0 0 1 1 1 1 0 0 0 1 1 1 1 0 1 1 0 0 0 0 1 1 1 1 1 1 1 1 1 1 0 0 0 0
0 0 0 1 1 1 1 0 0 0 1 1 1 0 1 1 0 0 0 0 1 1 0 0 0 1 1 1 1 0 0 0 1 0
0 0 1 1 1 1 1 1 0 0 1 1 1 0 0 0 0 0 0 0 0 0 0 0 0 0 0 0 1 0 0 1 0 0
0 0 1 1 1 1 1 0 0 1 0 0 0 0 1 1 1 1 1 1 1 0 0 0 0 0 0 0 0 0 0 0 0 0
0 0 1 1 1 1 1 0 0 1 1 1 0 1 1 1 1 1 1 1 1 0 0 0 0 0 0 0 0 1 0 0 0 0
0 0 0 1 1 1 1 0 0 1 1 0 0 0 1 1 1 1 1 1 1 1 0 0 0 0 0 0 0 1 0 0 0 0
0 0 0 1 1 1 1 0 0 0 0 0 0 0 0 1 1 1 1 1 1 1 0 0 1 0 0 0 1 1 1 0 1 0
0 0 0 0 0 1 1 0 0 0 1 1 1 1 0 0 1 1 1 0 1 1 1 0 1 0 1 1 1 1 0 0 1 0
0 1 0 0 0 1 1 0 0 1 1 1 1 1 0 0 1 0 0 0 0 0 1 0 1 0 0 0 1 1 1 0 1 0
0 0 0 0 0 0 1 1 0 0 1 0 0 0 0 0 0 0 1 1 0 0 0 1 0 1 0 0 0 1 0 0 1 0
0 1 0 0 0 0 0 0 1 0 0 0 0 0 0 0 0 0 1 1 1 1 1 0 0 0 0 0 1 1 0 0 0 0
0 0 1 0 1 1 0 0 1 1 0 0 0 0 0 0 1 0 1 1 1 1 1 1 0 1 1 1 1 1 1 0 0 0
0 0 1 1 1 1 0 0 1 1 0 0 0 0 0 0 0 0 1 1 1 1 1 0 1 1 1 1 1 1 1 0 0 0
0 0 1 1 1 1 1 0 1 1 1 0 0 0 0 0 0 0 0 1 1 1 0 0 1 1 0 1 1 1 1 0 0 0
1 1 1 1 1 1 1 1 0 0 0 0 0 0 1 0 0 0 0 1 0 0 0 0 1 1 1 0 0 1 1 0 0 0
0 1 1 1 1 1 1 0 0 0 0 1 0 0 0 1 1 1 0 0 0 0 0 1 0 1 1 0 1 0 1 0 1 0
0 1 1 0 0 0 0 0 1 0 0 1 1 0 1 0 0 1 0 0 0 1 0 1 0 1 1 1 1 0 0 0 0 144
0 0 0 1 1 1 1 1 0 1 0 1 1 0 0 0 1 1 0 0 1 1 1 0 1 1 1 1 0 1 1 0 0 0
0 0 0 0 0 0 0 0 0 0 0 0 0 0 0 0 0 0 0 0 0 0 0 0 0 0 0 0 0 0 0 0 0 0

# z = 9
0 0 0 0 0 0 0 1 0 0 1 1 1 1 1 0 0 0 0 0 0 1 0 0 1 1 1 0 0 0 1 1 1 0
0 0 0 0 0 1 1 1 0 0 0 0 0 0 0 0 0 0 0 0 0 0 0 0 1 1 1 1 0 1 1 0 0 0
0 1 0 0 1 0 1 1 0 0 0 0 0 0 0 0 0 0 0 0 0 0 0 0 1 1 1 1 0 0 1 0 0 0
1 1 0 0 0 1 1 1 0 1 1 1 1 0 0 0 0 0 0 0 1 0 1 0 1 1 1 0 0 0 1 1 1 0
1 1 0 0 0 0 1 1 1 1 1 1 1 1 0 0 0 1 0 0 0 0 0 0 0 0 0 0 0 0 0 1 1 0
1 1 0 1 0 0 1 0 0 1 1 1 1 1 1 0 0 1 0 0 1 1 1 0 0 0 1 1 0 0 0 1 0 0
0 0 0 1 0 0 0 0 1 0 1 1 1 1 0 0 0 0 0 1 1 1 1 0 0 0 1 1 0 1 0 0 0 0
0 0 0 0 0 0 0 1 1 0 0 1 1 1 0 0 1 0 0 0 0 0 0 0 0 1 1 1 0 0 1 0 0 0
0 1 1 0 0 0 1 1 1 1 1 1 1 1 0 0 0 0 1 1 0 0 1 0 0 1 1 1 1 1 1 0 1 0
0 1 1 0 0 0 1 1 1 1 1 1 0 0 0 0 0 1 1 1 0 1 1 1 0 0 1 1 1 0 0 0 1 0
0 1 1 0 0 0 1 1 1 1 1 0 0 0 0 0 0 1 1 1 0 0 1 0 0 0 0 1 1 0 0 0 0 0
0 1 1 1 1 1 1 1 1 1 1 0 0 0 0 1 1 0 1 1 0 0 0 0 0 0 0 0 0 0 1 0 0 0
0 1 1 1 0 0 0 1 1 1 1 0 0 1 1 1 1 0 1 1 1 0 1 1 0 0 0 0 1 1 1 1 1 0
1 0 0 0 0 0 0 1 0 0 0 0 0 0 1 1 1 0 1 1 1 1 1 1 0 0 0 0 0 0 1 1 1 0
1 1 1 0 1 1 0 0 0 1 1 1 0 0 1 1 1 0 1 1 1 1 1 0 0 0 1 0 0 0 0 0 1 0
1 1 1 1 1 1 0 0 1 1 1 1 1 0 1 1 1 0 1 1 1 1 1 0 0 0 0 1 0 0 0 1 1 0
0 0 1 1 0 1 1 0 0 1 1 1 1 0 0 1 0 0 0 0 0 0 0 0 0 1 1 1 1 0 0 0 1 0
0 0 1 1 1 1 1 1 0 0 1 1 1 1 1 0 0 0 0 0 0 0 0 0 0 0 0 1 0 0 0 0 0 0
0 1 0 1 1 1 1 0 0 0 0 0 0 1 1 1 1 1 1 1 1 1 0 0 1 0 0 1 0 0 1 1 0 0
0 1 1 1 1 1 1 1 0 0 0 0 0 0 1 1 1 1 1 1 1 1 1 0 0 0 1 1 0 1 1 1 1 0
0 0 1 1 1 1 1 1 0 0 1 0 0 0 1 1 1 1 1 1 1 1 1 0 0 0 1 0 1 1 1 1 0 0
0 0 0 1 1 1 1 0 0 0 0 1 1 1 0 1 1 1 1 1 1 1 1 0 1 1 0 1 1 1 1 1 0 0
0 1 0 0 1 1 1 0 0 1 1 1 1 1 0 0 0 1 0 0 1 1 1 1 1 1 0 1 1 0 0 0 0 0
0 1 1 0 0 0 0 0 1 1 1 1 1 1 0 0 0 0 0 0 0 0 0 0 0 0 0 0 0 0 0 0 1 0
0 0 0 0 0 0 1 1 0 1 1 1 1 0 0 0 0 1 1 1 1 1 0 0 1 0 0 0 0 0 0 0 0 0
0 0 0 0 0 0 0 0 0 0 0 0 0 0 0 0 1 0 1 1 1 1 1 0 0 0 0 0 1 1 0 0 0 0
0 1 1 1 1 1 0 0 0 0 0 1 1 0 0 0 0 0 1 1 1 1 1 0 0 0 0 0 1 1 1 0 0 0
0 1 1 1 1 1 1 1 0 0 0 1 1 0 0 0 0 0 0 1 1 1 1 0 1 1 0 0 1 1 1 0 0 0
0 1 1 0 1 1 1 0 0 0 0 0 1 0 0 1 1 0 0 1 1 0 0 0 0 0 0 0 1 1 1 0 0 0
0 0 1 0 1 1 0 1 1 1 0 1 0 1 0 1 0 1 0 0 0 0 0 0 0 1 0 0 0 1 1 0 0 0
1 1 0 0 1 1 0 0 0 1 1 1 1 1 0 0 0 0 0 0 0 1 0 0 1 0 1 0 0 0 0 0 0 0
1 1 1 1 0 0 1 0 0 1 1 1 1 1 1 0 0 0 0 0 1 1 0 0 0 0 0 0 0 0 0 0 1 0
1 0 0 0 0 0 0 1 0 0 1 1 1 1 1 0 0 1 0 0 1 1 0 1 1 1 1 0 0 0 1 0 0 0
0 0 0 0 0 0 0 0 0 0 0 0 0 0 0 0 0 0 0 0 0 0 0 0 0 0 0 0 0 0 0 0 0 34

# z = 10
1 0 0 0 0 1 1 0 0 0 0 0 0 0 0 0 0 0 0 0 0 0 0 0 0 0 0 0 0 1 0 1 1 0
0 1 0 1 1 1 0 1 0 0 0 0 0 0 0 0 1 1 0 0 0 0 0 0 1 1 1 1 0 1 1 0 0 0
0 1 0 0 1 1 1 1 0 0 0 0 0 1 0 1 1 1 1 0 0 1 0 0 1 1 1 1 0 1 0 0 1 0
1 1 0 0 0 1 1 1 0 0 0 0 0 0 0 1 1 1 1 0 0 1 0 0 1 1 1 0 0 0 0 1 1 0
1 1 0 0 0 1 0 0 0 1 1 1 1 0 0 1 1 1 1 0 0 0 0 0 0 1 0 0 1 0 0 1 1 0
1 1 0 1 0 0 0 0 0 1 1 1 0 0 0 1 1 1 1 0 0 1 1 0 0 0 0 1 0 0 1 1 1 0
0 0 0 1 1 0 1 0 0 0 0 0 1 1 0 0 0 0 0 0 0 1 1 0 0 1 0 1 0 0 0 0 0 0
0 0 0 1 1 1 1 1 1 1 0 1 1 1 0 0 0 0 0 0 0 1 1 1 0 1 1 0 0 1 0 0 0 0
0 1 1 0 0 0 1 1 1 1 1 1 1 1 1 1 0 0 0 0 0 0 1 0 0 0 1 1 1 1 0 0 0 0
0 1 1 0 0 0 1 1 0 0 0 1 1 0 1 0 0 0 1 0 0 1 1 1 0 0 1 1 1 1 0 0 0 0
0 1 1 1 1 0 1 1 0 0 0 0 0 0 0 1 1 0 1 0 0 1 0 0 0 0 0 0 0 0 0 1 0 0
0 1 1 1 0 0 0 1 0 0 0 0 0 1 1 1 1 1 0 1 0 0 0 0 0 0 1 0 0 0 0 0 0 0
1 1 0 0 0 0 1 0 0 0 0 0 0 1 1 1 1 1 0 1 1 1 1 1 0 0 0 1 1 1 1 1 1 0
1 0 0 0 0 0 0 0 0 0 0 0 0 1 1 1 1 1 0 1 1 1 1 1 0 1 0 0 1 1 1 1 1 0
0 1 0 0 1 1 0 0 0 0 1 0 0 0 1 1 1 0 0 1 1 1 1 1 0 1 1 1 1 0 0 0 1 0
1 1 0 1 1 0 0 0 0 1 1 1 1 0 0 1 1 0 0 1 1 1 1 1 0 0 0 0 1 0 0 1 1 0
1 0 0 1 1 1 1 0 0 1 1 1 1 0 0 0 0 0 0 0 0 0 1 1 1 0 0 0 0 0 0 0 1 0
0 0 1 1 0 1 1 0 0 0 1 1 1 1 1 0 0 0 0 0 0 0 0 1 1 1 0 0 1 0 0 0 0 0
0 0 1 1 1 1 1 0 0 0 1 1 0 1 1 1 1 1 1 1 1 1 0 1 1 0 0 1 0 0 0 1 0 0
0 1 1 1 1 1 1 1 0 0 0 0 0 0 1 1 1 1 1 1 1 1 1 0 0 0 0 1 0 0 1 1 0 0
0 0 1 1 1 1 1 1 0 0 0 0 0 0 1 1 1 1 1 1 1 1 1 0 0 0 0 0 0 1 1 1 0 0
0 1 0 0 1 1 0 0 0 0 1 1 1 0 0 0 0 0 1 1 1 1 1 1 0 0 0 1 1 0 1 0 0 0
0 0 0 0 0 0 1 0 1 1 1 1 1 1 0 0 0 0 0 0 0 0 1 1 1 0 0 0 0 0 0 0 0 0
0 0 0 0 0 0 0 0 1 1 1 1 1 1 0 0 0 0 0 0 0 0 0 1 1 0 0 0 0 0 0 0 0 0
0 0 1 0 0 0 0 0 0 0 1 1 1 1 0 0 0 0 0 1 1 1 0 0 0 1 0 0 0 0 1 1 0 0
0 1 0 1 0 0 1 1 1 1 0 0 0 0 0 0 0 0 0 1 1 1 0 0 0 0 0 0 1 0 1 1 0 0
0 1 1 1 1 0 1 1 1 1 0 1 1 1 0 0 0 0 0 1 1 1 1 0 0 0 0 0 1 0 1 0 0 0
0 1 1 1 1 1 1 1 1 0 0 1 1 1 0 1 1 1 0 0 1 1 1 1 0 0 0 0 1 0 0 0 0 0
0 0 1 1 1 1 1 1 1 1 0 0 0 0 0 1 1 1 0 1 1 1 0 1 1 1 0 0 0 0 0 0 0 0
0 0 1 1 1 1 1 0 0 1 0 0 0 0 1 1 1 1 0 0 1 0 0 0 1 1 0 0 0 0 0 0 0 0
0 1 1 0 1 0 1 0 0 0 0 1 1 1 1 1 0 0 0 1 1 0 0 0 0 0 0 0 0 0 0 0 0 1399031289
1 0 0 0 1 0 1 0 0 0 1 1 0 1 0 0 0 0 0 1 1 1 1 1 0 0 0 1 0 0 0 0 1 1400569056
1 0 0 1 0 0 1 0 0 0 0 0 0 0 0 0 0 1 0 0 1 1 0 0 0 0 0 0 0 0 1 0 0 1400568960
0 0 0 0 0 0 0 0 0 0 0 0 0 0 0 0 0 0 0 0 0 0 0 0 0 0 0 0 0 0 0 0 0 272

# z = 11
0 0 0 0 0 0 0 0 0 0 0 0 0 0 0 0 0 0 0 0 0 0 0 0 1 0 0 0 0 0 0 1 1 0
0 0 0 0 0 0 0 1 1 0 0 1 1 1 0 0 1 1 0 0 0 0 0 0 1 1 1 1 0 1 0 0 0 0
0 0 0 0 0 0 1 1 1 1 0 1 1 1 1 0 1 1 0 0 0 1 1 1 1 1 1 1 1 0 0 0 1 0
1 1 0 0 0 0 0 1 1 0 0 0 0 1 0 1 1 1 1 0 0 1 1 0 0 1 1 1 0 0 0 1 1 0
1 1 0 0 0 0 1 0 0 0 1 0 0 0 0 1 1 1 1 0 0 0 0 0 0 1 0 0 1 1 0 1 1 0
1 0 0 0 0 0 0 0 0 1 1 1 0 0 0 0 1 1 1 0 0 0 0 0 0 0 0 1 0 0 0 1 1 0
0 0 1 1 1 0 0 0 0 1 1 1 1 1 0 0 1 1 1 0 0 1 1 1 0 0 0 1 1 1 0 0 1 0
0 0 1 1 0 0 1 1 0 1 1 1 1 1 0 0 1 1 1 0 0 1 1 1 0 1 1 0 1 1 0 0 0 0
0 1 1 0 0 0 1 1 0 0 1 1 1 0 0 0 0 1 1 0 0 1 1 0 0 0 1 1 1 1 0 0 1 0
1 1 1 0 0 0 1 1 0 0 0 0 0 0 0 0 0 0 0 0 0 0 1 0 0 0 0 0 1 0 0 0 0 0
1 1 1 0 1 0 1 0 0 0 0 0 0 0 0 0 1 0 0 0 0 0 0 0 0 0 0 0 0 0 0 0 0 0
0 1 1 0 0 0 1 1 0 1 1 1 1 1 1 1 1 1 0 0 0 1 1 0 0 1 1 0 0 1 0 0 0 0
0 0 0 0 0 0 0 0 0 1 1 0 1 1 1 1 1 0 0 0 0 0 1 1 0 1 1 0 0 1 1 0 0 0
0 0 0 0 0 0 0 0 0 0 1 0 1 1 1 1 1 0 0 1 1 1 1 1 0 0 0 0 0 0 1 0 0 0
0 0 0 0 0 1 0 0 0 0 0 0 0 0 1 1 1 0 0 1 1 1 1 1 0 1 1 1 1 0 1 0 0 0
1 0 0 0 0 0 0 0 0 0 0 1 0 0 0 0 1 0 0 0 1 1 1 1 0 1 1 1 1 0 0 0 0 0
0 0 0 0 0 0 0 0 0 0 1 1 1 0 0 0 0 0 0 0 0 0 0 0 1 0 0 0 1 0 0 0 0 0
0 0 0 0 1 1 0 0 0 0 1 1 1 0 0 0 0 0 0 0 0 0 1 1 1 1 0 0 1 1 0 0 0 0
0 0 1 1 1 1 1 0 0 0 1 1 1 0 0 1 1 1 0 0 0 0 0 1 1 1 0 0 0 0 0 0 0 0
0 1 1 1 1 1 1 0 0 0 0 0 0 0 0 0 1 0 0 0 0 0 0 0 0 1 0 0 0 0 0 0 1 0
0 1 1 1 1 1 0 0 0 0 0 0 0 0 0 0 0 0 0 1 1 1 1 0 0 0 0 0 0 0 0 1 1 0
0 0 0 0 0 0 0 0 0 1 1 1 0 0 0 0 0 0 0 1 1 1 0 0 0 0 0 0 0 0 0 0 0 0
0 0 0 0 1 0 0 0 0 1 1 1 1 1 0 0 0 1 0 0 0 0 1 1 1 0 0 0 0 1 0 1 0 0
0 1 1 0 0 0 0 0 0 1 1 1 1 1 0 0 0 0 0 0 0 0 0 1 1 0 0 1 1 1 1 1 0 0
0 0 1 1 0 0 0 0 0 0 1 0 0 0 0 1 0 0 0 0 0 0 0 0 1 0 0 0 1 0 1 1 0 0
0 1 1 0 0 0 0 1 1 1 0 0 0 0 0 0 0 1 0 1 1 1 1 0 0 1 0 0 0 1 1 0 0 0
0 1 1 0 0 1 1 1 1 1 0 1 1 0 0 1 1 1 0 1 1 1 1 0 0 1 0 1 0 0 0 1 0 0
0 1 0 0 1 1 1 1 1 1 0 1 0 0 1 1 1 1 1 0 1 1 1 0 0 0 0 1 0 1 0 0 0 0
1 1 1 1 1 1 1 1 1 1 0 0 0 0 1 1 1 1 1 1 0 0 0 0 1 0 0 0 1 1 0 1 1 0
1 0 0 1 1 1 1 1 0 0 1 0 0 1 1 1 1 1 1 0 0 0 0 0 0 0 0 1 1 1 1 0 0 0
0 0 1 0 0 0 0 0 0 0 0 1 1 1 1 1 1 0 0 0 1 1 1 0 0 0 0 1 1 1 0 0 0 32623
1 1 1 0 0 0 0 0 0 0 0 0 0 1 0 0 0 0 0 0 1 1 1 1 1 1 1 1 1 1 0 1 0 32623
1 0 0 0 0 1 0 0 0 1 1 0 0 0 0 0 0 0 0 0 1 1 1 1 1 1 0 0 1 1 0 0 1 32623
0 0 0 0 0 0 0 0 0 0 0 0 0 0 0 0 0 0 0 0 0 0 0 0 0 0 0 0 0 0 0 0 0 0

# z = 12
0 0 0 0 0 0 1 0 0 1 1 0 0 0 0 0 0 0 0 0 0 0 0 1 0 0 0 0 0 0 0 1 1 0
0 1 0 0 0 0 1 1 1 1 0 1 1 1 0 1 1 1 1 0 0 0 0 1 1 1 1 1 1 0 0 0 0 0
0 0 0 0 0 0 1 1 1 1 1 1 1 1 1 0 1 1 1 1 0 1 0 1 1 1 1 1 1 0 0 0 0 0
1 0 0 0 0 0 1 1 1 1 0 0 1 1 1 1 1 1 1 1 0 1 0 0 1 1 0 1 1 0 0 1 1 0
0 0 0 1 0 0 1 1 1 1 1 0 0 0 0 1 1 1 1 0 1 1 0 0 0 0 0 0 0 0 0 1 1 0
0 0 0 0 0 0 1 0 0 0 1 1 1 0 0 1 1 1 1 1 0 0 0 1 1 0 0 0 1 0 0 1 0 0
0 1 1 0 0 0 0 0 0 0 0 1 1 1 0 1 1 1 1 1 0 1 1 1 1 0 0 1 1 1 0 1 0 0
1 1 1 0 0 0 0 0 0 0 0 0 1 1 0 0 1 1 1 0 0 1 1 1 0 0 1 1 1 0 0 1 1 0
1 1 1 0 0 0 0 1 0 0 0 1 1 0 0 0 0 1 1 0 0 1 1 0 0 0 0 1 1 0 0 1 0 0
0 1 1 0 0 0 1 0 0 0 0 0 0 0 0 0 0 0 0 0 0 0 0 0 0 0 0 0 0 0 1 0 1 0
1 1 1 0 0 0 0 0 0 1 0 0 0 0 0 0 0 0 0 0 0 1 1 0 0 1 1 0 0 1 1 0 1 0
0 1 1 0 0 0 0 0 1 1 1 1 0 0 0 0 1 0 0 0 0 0 1 1 0 1 1 1 1 1 1 0 0 0
0 0 1 0 0 1 0 0 0 1 1 1 1 0 0 1 1 0 0 0 0 0 1 0 0 1 1 1 0 1 1 0 0 0
0 0 0 0 0 0 0 0 0 1 1 1 1 0 0 1 0 0 0 0 0 1 1 1 0 0 0 0 0 1 1 0 0 0
0 0 0 1 1 1 0 0 0 0 0 0 0 0 1 1 0 0 0 0 0 1 1 1 0 1 1 0 0 1 1 0 0 0
0 0 1 0 1 0 0 0 0 0 0 0 0 0 0 0 0 0 0 0 0 1 0 0 0 1 1 1 0 0 0 0 0 0
1 0 0 1 0 0 0 0 0 0 0 1 1 0 0 0 0 0 0 0 0 0 0 0 0 0 0 0 0 0 0 1 1 0
1 1 1 0 0 0 0 0 0 1 1 1 0 0 0 0 0 0 0 0 0 0 0 0 1 1 0 0 1 0 0 1 1 0
0 0 0 0 0 0 1 0 0 0 1 1 0 0 1 0 0 0 0 1 1 0 0 1 1 1 1 1 0 0 0 1 1 0
0 1 1 1 0 0 0 0 0 0 0 0 0 0 1 0 0 1 1 0 0 0 0 0 0 0 0 1 0 0 0 0 0 0
0 1 0 0 0 0 0 0 0 0 0 0 0 0 1 0 0 0 0 0 0 0 0 0 0 0 0 0 0 0 0 0 0 0
0 0 0 0 0 1 1 1 0 0 0 0 0 0 0 0 0 0 0 0 1 1 0 0 0 0 0 0 1 1 0 0 1 0
0 0 0 0 1 1 1 1 0 0 0 1 0 0 0 0 1 0 1 0 0 0 0 1 1 1 0 1 1 1 1 1 1 0
0 1 1 1 0 0 1 1 1 0 0 1 0 0 0 1 1 0 0 0 0 0 0 1 1 1 1 1 1 1 1 1 1 0
0 1 1 0 0 0 0 0 0 0 0 0 0 0 0 0 0 0 0 0 0 0 0 0 0 1 1 1 1 0 1 1 0 0
1 1 1 0 0 0 1 1 0 0 0 0 0 0 0 1 0 0 0 0 0 1 1 0 0 0 0 0 0 1 0 0 0 0
0 1 1 0 0 1 1 1 1 0 0 0 0 0 0 1 1 1 1 0 1 1 1 0 0 1 1 0 1 0 1 0 0 0
0 1 1 0 1 1 1 1 1 1 0 0 0 1 0 1 1 1 1 0 0 1 1 0 0 0 1 1 1 1 0 0 0 0
1 0 1 1 1 1 1 1 1 1 1 0 1 1 1 1 1 1 1 1 0 0 0 0 0 0 0 1 1 1 1 1 1 0
1 0 1 0 1 1 1 1 1 0 0 1 1 1 1 1 1 1 1 0 1 0 0 0 1 0 0 1 1 1 1 1 0 0
0 1 1 1 0 0 0 0 0 0 0 1 1 1 1 1 1 1 0 0 1 0 0 0 0 1 1 1 1 1 1 1 0 -73003008
0 0 1 0 0 0 0 0 0 0 0 1 1 1 1 1 1 0 0 1 1 1 1 1 0 0 1 1 1 1 0 0 0 1400569056
1 0 0 0 0 0 1 0 0 1 1 0 0 1 0 0 0 0 0 1 1 1 1 0 1 1 0 0 1 0 0 0 0 136
0 0 0 0 0 0 0 0 0 0 0 0 0 0 0 0 0 0 0 0 0 0 0 0 0 0 0 0 0 0 0 0 0 -73087472

# z = 13
0 1 1 0 0 0 1 1 0 0 1 0 0 0 0 0 0 0 0 0 0 1 1 1 1 1 0 0 0 1 1 1 0 0
0 1 1 0 0 1 1 0 1 0 0 1 1 1 1 0 0 1 1 0 0 0 0 1 1 1 1 1 1 0 1 0 0 0
0 0 1 1 0 0 1 1 1 1 1 1 1 1 1 0 1 1 1 0 0 0 0 1 1 1 1 1 1 0 1 1 0 0
0 1 1 1 1 0 1 1 1 1 0 1 1 1 0 0 1 1 1 0 1 1 0 0 1 1 1 1 0 1 1 0 0 0
0 1 1 1 1 0 1 1 1 1 0 0 0 0 0 1 1 1 1 0 1 1 0 0 0 1 0 0 0 0 1 1 1 0
0 1 1 1 1 0 1 1 0 0 1 0 0 0 0 1 1 1 1 0 0 0 0 0 1 0 0 1 1 0 0 0 0 0
0 1 1 1 0 0 0 0 0 0 0 0 1 0 0 0 1 1 1 1 0 0 1 1 1 0 0 1 1 0 0 0 0 0
1 1 0 0 0 0 0 0 0 0 0 0 0 0 0 0 1 1 1 1 0 1 1 0 0 0 0 1 1 1 0 1 0 0
1 1 0 0 0 0 0 0 0 0 1 0 0 1 1 0 0 1 1 1 1 0 0 0 0 0 0 0 1 1 0 1 1 0
1 1 0 0 0 1 1 0 0 0 0 0 0 1 1 1 0 0 0 1 1 1 1 1 0 0 0 0 0 0 0 0 1 0
0 0 0 0 0 1 1 0 1 1 0 0 0 1 1 1 0 0 0 1 1 1 1 1 0 1 1 1 0 1 1 0 1 0
0 0 0 1 1 1 1 0 0 1 1 1 0 1 1 1 0 0 0 0 0 1 1 1 0 1 1 1 0 1 1 0 0 0
0 0 1 1 1 1 0 0 0 1 1 1 0 1 0 0 0 0 0 0 0 0 1 0 0 1 1 1 0 1 1 1 0 0
0 0 0 1 1 1 0 0 0 1 1 1 0 0 0 0 0 0 0 0 0 1 1 0 0 1 1 0 0 1 1 0 0 0
0 0 0 1 1 0 1 0 1 0 0 0 0 0 0 0 0 1 0 0 0 1 1 0 0 1 0 0 0 0 0 0 0 0
1 0 0 0 0 0 1 1 1 0 0 0 0 0 0 0 0 1 0 0 1 1 0 0 0 0 0 0 0 0 0 1 1 0
1 0 0 0 0 0 1 1 1 1 0 0 0 0 0 0 0 1 0 0 1 1 0 0 0 0 0 0 0 0 1 1 1 0
1 1 0 0 0 0 0 1 1 1 0 0 0 0 0 0 0 1 1 1 1 0 1 1 0 0 1 1 0 0 1 1 1 0
1 0 0 0 0 0 0 0 1 1 0 0 0 1 1 0 0 1 1 1 1 1 1 1 0 0 1 1 1 0 0 1 0 0
0 0 0 0 0 0 0 0 0 0 0 0 1 1 1 0 0 1 1 1 1 1 1 1 0 1 1 1 0 0 0 0 0 0
0 0 0 0 0 0 1 1 0 0 0 0 1 1 1 1 0 0 1 1 0 0 0 1 0 0 0 0 0 0 0 0 0 0
0 0 0 0 1 1 1 1 1 0 0 0 1 1 1 0 0 0 0 0 0 0 0 0 0 0 0 0 0 1 0 0 0 0
0 1 1 0 1 1 1 1 1 0 0 0 0 0 1 0 1 0 0 0 1 0 0 0 1 1 1 1 1 1 1 0 0 0
0 1 1 0 1 1 0 0 1 0 0 0 0 0 1 0 1 1 1 0 0 0 0 0 1 1 1 1 1 1 1 0 0 0
0 1 1 0 0 0 0 0 0 0 1 0 0 0 0 0 0 1 1 0 0 0 0 0 0 0 1 1 1 0 1 1 0 0
0 1 1 0 0 0 1 0 1 1 0 0 0 0 0 0 0 0 0 0 1 0 1 1 0 0 0 0 1 1 1 0 0 0
0 1 1 0 0 1 1 1 1 0 0 0 0 0 1 1 0 0 0 0 1 1 1 1 0 0 0 1 0 1 0 0 0 0
0 1 0 0 1 1 1 1 1 1 0 0 0 1 1 1 1 1 0 0 1 0 0 0 0 1 0 1 1 1 1 0 0 0
1 1 0 0 1 1 1 1 1 0 0 0 1 1 1 0 1 1 1 1 0 0 0 0 1 1 1 0 1 0 1 1 1 0
0 1 1 0 0 0 1 1 1 1 0 1 1 1 1 0 1 1 1 0 0 0 0 0 0 1 1 0 1 1 1 1 1 0
0 1 0 0 0 0 0 0 0 0 1 1 1 1 1 0 1 1 0 0 1 0 0 0 0 1 1 1 1 1 1 1 1 21932
1 1 1 0 0 0 0 1 1 0 1 1 1 1 1 0 0 0 0 1 1 1 1 1 0 0 0 1 1 1 1 1 0 32623
0 1 1 1 0 0 1 1 1 0 1 0 0 1 1 0 0 0 0 0 1 1 1 0 1 0 0 0 1 0 1 0 0 0
0 0 0 0 0 0 0 0 0 0 0 0 0 0 0 0 0 0 0 0 0 0 0 0 0 0 0 0 0 0 0 0 0 21932

# z = 14
0 1 0 0 0 1 1 1 1 0 0 0 0 0 0 0 0 0 0 0 0 1 1 1 1 1 1 0 0 1 1 0 0 0
1 1 1 0 0 1 1 0 0 0 0 1 0 1 0 0 0 1 1 1 0 0 0 1 1 1 1 1 0 0 1 1 0 0
1 0 1 1 1 0 0 0 1 1 0 0 0 1 1 0 1 1 1 0 0 0 0 0 1 1 1 1 0 1 1 1 0 0
0 0 1 1 1 0 0 0 1 0 0 0 0 0 0 1 1 1 1 0 0 0 0 0 0 1 1 0 0 1 1 1 1 0
0 0 1 1 1 0 0 0 1 0 0 0 0 0 0 1 1 1 1 0 0 0 0 0 0 0 0 0 1 1 1 1 1 0
0 1 1 1 1 0 0 0 0 0 0 0 0 0 0 1 1 1 1 0 0 0 0 0 1 1 0 0 1 1 1 1 0 0
0 1 1 1 1 1 0 0 0 1 0 0 0 0 0 0 1 1 1 1 0 0 0 0 1 1 0 1 1 1 0 0 0 0
1 1 1 0 0 1 0 0 0 1 1 0 0 1 0 0 0 0 1 0 0 0 0 1 0 1 0 1 1 0 0 0 0 0
0 0 0 0 0 0 0 0 0 1 1 0 0 1 1 0 0 0 1 1 1 1 1 1 0 0 0 0 0 1 0 0 0 0
1 0 1 0 0 1 1 0 0 1 1 1 0 1 1 1 0 0 1 1 1 1 1 1 0 0 0 0 0 0 0 1 0 0
0 0 0 0 1 1 1 0 0 0 0 1 0 1 1 1 0 0 0 1 1 1 1 1 0 0 1 0 0 1 1 0 1 0
0 0 0 1 1 1 1 0 0 0 0 0 0 1 1 1 0 0 0 0 1 1 1 1 0 0 1 1 0 1 1 0 0 0
0 0 0 1 1 1 1 0 0 0 0 0 0 1 1 1 1 0 0 0 0 0 1 0 0 1 1 1 0 1 1 0 0 0
0 0 0 1 1 0 0 0 1 0 0 0 0 0 1 1 0 0 0 0 0 0 0 0 0 1 1 0 0 1 0 0 1 0
1 0 0 1 0 0 1 1 1 0 0 0 0 0 0 0 1 1 0 0 0 1 0 0 0 0 0 0 0 0 0 1 1 0
1 0 0 0 0 1 1 1 1 0 0 0 0 0 0 0 1 1 1 1 1 0 0 0 0 0 0 0 0 1 1 1 1 0
1 1 0 0 0 1 1 1 1 1 0 0 0 0 0 0 0 1 1 1 1 1 1 0 0 0 0 1 1 0 1 1 1 0
1 1 0 0 1 0 1 1 1 1 0 0 0 0 0 0 0 1 1 1 1 1 1 1 0 1 1 1 1 0 1 1 1 0
1 0 0 0 0 0 0 0 1 0 1 0 0 1 1 0 0 1 1 1 1 1 1 0 0 1 1 1 1 0 1 1 1 0
0 0 0 0 1 1 1 0 0 1 0 0 1 1 1 0 0 1 1 1 1 1 1 1 0 1 1 1 1 0 0 1 0 0
0 0 0 0 1 1 1 1 0 0 1 1 1 1 1 0 0 0 1 1 0 1 1 1 0 0 1 0 0 0 0 0 0 0
0 0 0 0 1 1 1 1 1 0 0 1 1 1 1 1 0 0 0 0 0 1 1 1 0 0 0 0 0 0 0 0 0 0
0 1 0 0 1 1 1 1 1 0 0 1 1 1 1 1 1 0 0 0 0 0 1 1 0 0 1 0 0 0 0 0 0 0
0 1 1 0 1 1 1 1 1 0 0 0 0 1 1 1 1 1 1 1 1 0 1 1 0 0 1 0 0 0 0 0 0 0
0 1 0 0 1 0 0 1 0 0 0 0 0 0 0 0 1 1 1 1 1 1 1 1 1 0 1 1 1 0 0 0 0 0
0 1 1 0 0 0 0 0 0 0 0 0 0 0 0 0 1 0 1 1 1 1 1 1 1 0 0 0 0 0 0 0 0 0
0 1 1 0 1 1 1 1 0 0 0 0 0 0 0 0 0 0 1 1 0 0 0 1 0 0 1 1 1 1 0 0 0 0
0 0 1 0 1 1 1 1 1 0 0 0 0 0 0 0 0 0 0 0 0 0 0 0 0 1 1 0 1 1 1 0 0 0
0 0 0 0 1 0 1 1 1 0 0 0 0 0 0 0 0 0 0 0 1 0 0 0 1 1 1 1 0 1 0 1 1 0
0 0 0 0 0 0 0 1 0 0 0 0 0 0 0 0 0 0 1 0 0 0 0 0 0 1 1 1 0 1 1 1 0 0
0 1 0 0 0 0 0 1 0 0 0 0 1 0 1 1 0 0 0 0 0 0 1 0 0 0 0 0 1 1 1 1 1 0
1 1 1 0 0 1 1 1 1 0 0 1 1 0 0 1 1 1 1 0 0 1 1 1 1 0 0 0 1 1 1 0 0 0
1 1 1 1 0 1 1 1 1 0 1 0 0 0 0 0 0 1 0 1 0 1 1 1 1 0 0 1 0 1 1 0 0 7
0 0 0 0 0 0 0 0 0 0 0 0 0 0 0 0 0 0 0 0 0 0 0 0 0 0 0 0 0 0 0 0 0 34

# z = 15
0 0 0 0 0 1 1 1 1 0 0 0 0 0 0 1 0 0 0 0 0 0 1 1 1 1 1 0 0 0 0 0 0 0
1 0 0 0 0 1 1 1 0 0 1 1 1 1 1 0 0 1 0 0 0 0 0 0 0 1 0 0 0 1 1 1 1 0
1 0 0 1 1 0 0 0 0 0 1 1 1 1 0 0 0 0 0 0 0 0 0 0 0 0 0 1 1 1 1 1 0 0
1 0 1 1 1 1 0 0 0 0 0 0 1 1 0 1 1 1 0 0 0 0 0 0 0 0 0 0 0 1 1 1 1 0
0 1 1 1 1 1 0 0 0 0 0 0 0 0 0 1 1 1 1 0 0 1 1 0 0 0 0 0 1 1 1 1 1 0
0 1 1 1 1 1 1 1 1 1 1 0 0 0 0 0 1 1 1 0 0 1 0 0 0 0 0 0 1 1 1 1 1 0
0 1 1 1 1 1 1 1 1 1 0 0 0 0 0 0 0 0 1 0 0 0 0 0 1 0 0 1 1 1 0 0 0 0
0 0 1 1 1 1 0 0 1 1 0 0 1 1 1 0 0 0 0 0 0 0 0 0 1 1 0 1 1 1 0 0 0 0
0 0 1 1 1 1 1 0 0 1 1 0 0 1 1 0 0 0 0 0 0 1 1 1 0 0 0 0 0 0 0 0 0 0
0 0 0 1 0 0 0 0 1 1 1 1 0 1 1 0 0 0 0 1 1 1 1 1 0 0 0 0 0 0 0 0 0 0
0 0 0 0 0 0 0 0 0 1 1 1 0 1 1 1 0 0 0 1 1 1 1 1 0 0 0 0 0 1 0 0 0 0
0 0 0 0 1 0 0 0 0 1 1 0 0 1 1 1 0 0 0 1 1 1 1 0 0 0 0 1 0 1 0 0 0 0
0 0 0 1 1 1 1 0 0 1 0 0 0 1 1 1 1 0 0 0 0 0 0 0 0 0 1 1 0 1 0 0 1 0
1 0 0 1 1 0 0 1 1 0 0 0 0 0 1 1 0 0 0 0 0 0 0 0 0 0 0 0 0 0 0 1 1 0
1 1 0 1 0 0 1 1 1 1 0 0 0 0 1 0 0 0 1 0 0 0 0 0 0 0 0 0 0 0 1 1 1 0
1 1 0 0 1 1 1 1 1 0 1 0 0 0 0 0 0 1 1 1 1 0 0 1 1 0 0 1 1 1 0 1 1 0
1 1 0 0 1 1 1 1 1 0 0 0 0 1 0 0 0 1 1 1 1 0 0 0 0 0 0 1 1 1 0 1 1 0
1 0 0 0 0 1 1 1 1 0 1 0 0 1 1 1 0 1 1 1 1 1 1 1 0 0 1 1 1 1 1 1 1 0
1 0 0 0 0 0 0 0 1 0 0 0 1 1 1 0 0 1 1 1 1 1 1 1 0 1 1 1 1 0 0 1 1 0
0 1 0 1 1 1 1 1 0 0 1 1 1 1 1 0 0 0 0 1 1 1 1 1 0 1 1 1 1 0 0 0 1 0
0 0 0 0 1 1 1 1 1 0 1 1 1 1 1 0 0 0 0 1 1 1 1 1 0 0 1 1 1 0 0 0 0 0
0 0 0 0 1 1 1 1 1 0 0 1 1 1 1 0 0 0 0 0 1 1 1 1 0 0 0 0 0 0 0 0 0 0
0 0 0 0 1 1 1 1 1 0 0 1 1 1 1 1 0 1 0 0 0 0 1 1 1 0 0 0 0 0 0 0 0 0
0 1 0 0 0 1 1 1 0 0 1 0 0 1 1 1 1 0 1 1 0 0 0 1 1 0 0 0 0 0 0 0 0 0
0 0 1 0 0 1 0 0 0 0 0 1 0 0 0 0 1 1 1 1 1 0 0 1 1 0 0 0 0 0 0 0 0 0
0 1 1 0 0 0 0 0 1 0 1 1 0 1 0 0 1 1 1 0 1 1 0 1 1 0 0 1 0 1 0 0 0 0
0 0 0 0 1 0 1 0 0 0 1 1 0 0 1 0 1 1 1 1 0 1 0 1 0 0 0 0 1 1 0 0 0 0
0 0 1 0 1 1 1 1 1 0 1 1 1 0 0 0 1 1 1 1 0 1 0 0 0 0 0 1 1 0 0 0 1 0
0 0 0 0 1 0 1 1 1 0 1 1 0 0 0 0 0 0 0 0 1 1 1 1 0 1 1 1 0 0 0 1 0 0
0 0 0 0 0 0 0 0 0 0 0 0 0 0 1 0 0 0 0 0 0 0 1 1 0 1 1 1 1 0 1 1 0 0
0 0 1 1 0 0 0 1 1 1 0 0 0 1 1 1 0 0 0 0 0 0 1 0 0 0 0 0 1 1 0 0 1 0
0 0 1 0 0 1 1 1 1 0 0 0 0 1 1 1 0 1 0 0 0 1 1 1 1 1 0 0 1 1 0 0 1 9
0 1 1 0 0 1 1 0 0 0 0 1 0 0 1 1 1 0 0 0 0 0 1 1 1 1 1 0 0 0 1 0 1 0
0 0 0 0 0 0 0 0 0 0 0 0 0 0 0 0 0 0 0 0 0 0 0 0 0 0 0 0 0 0 0 0 0 0

# z = 16
0 1 1 1 0 1 1 1 1 0 0 0 0 0 1 1 1 0 0 0 0 0 1 1 0 0 0 0 0 0 0 1 1 0
1 0 0 0 0 1 1 0 0 0 1 1 1 1 0 0 1 0 0 1 0 0 0 0 0 1 1 0 1 1 1 1 1 0
1 0 0 0 0 0 0 0 0 0 0 1 1 0 1 0 0 0 1 1 0 0 0 0 1 0 1 0 0 1 1 1 0 0
1 0 0 0 0 0 0 0 0 0 0 1 0 1 1 0 0 0 1 0 0 1 0 0 1 0 1 0 0 1 1 0 1 0
0 0 0 1 1 1 0 1 0 1 0 0 0 1 0 0 0 0 0 0 1 1 1 1 0 0 0 0 1 1 1 1 0 0
0 1 1 1 1 1 1 1 1 1 1 1 1 1 1 0 1 1 0 0 0 1 1 0 1 0 0 1 0 1 1 0 0 0
0 1 1 1 1 1 1 1 1 1 1 1 0 0 0 0 0 0 1 0 0 0 0 0 1 0 0 1 1 1 0 0 0 0
0 1 1 1 1 1 1 0 0 1 1 0 0 1 1 0 1 1 1 1 0 0 0 0 1 0 0 0 1 1 1 0 1 0
0 1 1 1 1 1 1 0 0 1 1 0 0 1 1 0 1 1 1 0 1 1 1 0 0 0 0 0 0 1 0 0 1 0
0 1 1 1 1 1 1 0 1 1 1 1 0 1 1 0 0 0 0 0 1 1 1 1 0 0 0 0 0 0 0 0 1 0
0 1 1 1 0 1 0 0 1 1 1 1 1 0 1 0 0 0 0 0 1 1 1 1 0 0 1 0 0 0 0 0 0 0
0 0 0 0 0 0 0 0 0 1 1 1 0 0 1 0 0 0 0 0 0 1 1 0 0 0 0 1 0 0 0 0 0 0
0 0 0 0 0 0 0 0 0 0 0 0 0 0 1 1 0 0 0 0 0 0 0 1 0 0 0 1 0 0 0 0 1 0
0 0 0 0 1 0 0 0 1 0 0 0 0 0 1 1 0 0 0 0 0 0 0 1 0 0 0 0 0 0 0 1 0 0
1 0 0 0 0 1 0 1 1 0 1 1 0 1 0 0 0 1 1 1 1 1 1 1 1 1 0 0 0 0 0 1 0 0
1 1 0 0 0 1 1 1 1 0 1 0 0 0 0 0 0 1 1 1 0 0 1 1 1 1 1 0 1 1 0 1 1 0
0 1 0 0 1 1 1 1 1 0 1 1 0 1 1 0 0 1 1 1 1 0 0 1 1 0 0 1 1 1 0 1 0 0
0 0 0 0 1 1 1 1 0 0 0 0 0 1 1 0 0 1 1 1 1 0 0 0 0 0 0 1 1 1 1 0 0 0
0 1 1 0 0 0 0 0 0 0 0 0 1 1 1 1 0 0 1 1 1 1 1 0 0 0 1 1 1 1 0 0 0 0
1 1 0 0 0 1 1 1 0 0 0 0 1 1 1 0 0 0 1 1 1 1 1 1 0 1 1 1 1 0 0 1 0 0
0 0 0 0 1 1 1 1 1 0 1 0 1 1 1 1 0 0 0 1 1 1 1 1 0 0 1 1 1 0 0 0 0 0
0 0 0 0 1 1 1 1 1 0 0 0 1 0 1 0 0 0 0 0 1 1 1 1 1 0 0 0 0 0 0 0 0 0
0 0 0 0 1 1 1 1 1 0 0 0 0 1 1 0 0 0 0 0 0 0 1 1 1 0 0 0 0 1 1 1 0 0
0 0 0 0 1 1 1 1 0 0 1 1 1 0 0 0 1 1 1 0 0 0 0 1 1 0 0 0 1 1 1 1 0 0
0 0 0 0 0 0 1 0 0 0 1 1 1 1 0 1 1 1 1 1 1 0 0 1 1 0 0 0 1 1 1 1 0 0
0 0 0 0 0 0 0 0 0 0 1 1 1 1 0 1 1 1 1 1 0 1 0 0 1 0 1 1 1 0 0 0 0 0
0 0 0 0 0 0 0 0 0 0 1 1 1 1 0 1 1 1 1 1 0 1 0 0 0 0 1 0 1 0 0 0 0 0
0 0 0 0 0 0 1 1 1 0 1 1 1 1 0 0 1 1 1 1 0 1 0 1 0 1 1 1 0 0 0 0 0 0
0 0 0 1 0 0 1 1 1 0 1 1 0 0 0 0 1 1 1 0 0 1 1 0 0 0 1 1 0 0 0 0 0 0
1 1 1 0 0 0 1 0 0 0 1 1 0 0 1 0 0 0 1 1 0 1 1 1 1 0 0 0 0 0 0 0 0 0
1 1 1 0 0 1 0 0 1 0 0 0 0 1 1 0 0 0 1 0 0 1 1 0 0 0 0 0 0 0 0 1 1 0
0 1 1 1 0 0 1 1 1 1 0 0 1 1 1 1 1 0 0 0 1 0 1 1 1 1 0 0 0 0 0 1 1 136
0 0 1 1 1 0 0 0 0 0 0 1 1 1 1 1 1 1 0 0 0 0 1 1 1 0 1 0 1 0 1 1 1 136
0 0 0 0 0 0 0 0 0 0 0 0 0 0 0 0 0 0 0 0 0 0 0 0 0 0 0 0 0 0 0 0 0 -73087744

# z = 17
0 1 1 1 0 0 1 1 0 0 0 0 0 0 0 0 0 0 0 0 0 0 0 0 0 0 0 0 0 0 0 1 0 0
0 0 0 0 0 0 0 0 0 0 0 1 0 1 0 0 0 0 1 1 1 0 0 1 1 1 1 1 1 1 1 1 0 0
0 0 0 1 0 0 0 0 0 0 0 1 0 1 1 0 0 0 1 1 1 0 0 1 1 1 1 0 0 0 1 1 0 0
0 0 0 0 0 0 1 0 0 0 0 0 0 1 1 1 0 0 0 0 1 0 0 1 1 1 1 0 0 0 1 1 0 0
0 0 0 0 0 0 0 0 0 1 1 1 1 1 1 0 0 0 0 0 0 1 1 0 0 1 1 0 0 1 0 0 0 0
0 0 0 1 1 1 1 1 0 1 1 1 1 1 1 0 0 0 1 0 0 0 1 1 1 0 0 0 0 0 1 0 0 0
0 1 1 1 1 1 1 1 1 1 1 1 1 0 0 0 0 0 1 0 0 0 0 1 1 0 0 0 0 0 0 0 1 0
1 1 1 1 1 1 0 0 0 1 1 1 0 0 0 0 1 1 1 1 0 0 0 0 1 0 0 0 0 0 0 0 1 0
1 1 1 1 1 1 0 0 0 0 1 0 0 1 0 0 1 1 1 0 0 1 1 0 0 0 1 1 0 0 0 0 0 0
0 1 1 1 1 1 0 0 1 1 1 1 0 1 0 0 1 1 0 0 1 1 1 1 0 0 1 1 0 0 0 1 0 0
0 0 1 1 1 1 0 0 1 1 1 1 1 0 0 0 0 1 0 0 0 1 1 1 0 0 0 1 1 0 0 0 0 0
0 0 1 1 1 0 0 0 0 0 0 0 1 0 0 0 0 0 0 0 0 0 0 0 0 0 1 1 0 0 0 0 0 0
0 1 0 0 0 0 0 0 0 0 0 0 0 0 0 0 0 0 0 0 0 0 1 1 1 0 0 1 0 0 0 0 0 0
0 1 1 0 0 0 1 0 0 0 1 0 0 0 0 0 0 1 0 1 1 1 1 1 1 1 0 0 0 0 0 0 0 0
0 1 0 0 0 0 0 0 0 1 1 1 0 0 0 0 0 0 0 1 1 1 1 1 1 1 0 0 0 0 0 0 0 0
0 0 1 0 0 0 1 0 0 0 1 1 0 0 0 0 0 0 1 0 1 1 1 1 1 1 1 0 0 0 0 0 0 0
0 0 0 0 0 0 0 1 0 0 1 1 1 0 0 0 0 0 1 1 1 0 1 1 1 1 0 0 1 0 0 0 0 0
0 1 1 0 0 0 0 0 0 0 1 0 0 0 1 0 0 0 0 1 0 0 0 0 0 0 0 1 1 1 0 0 0 0
0 1 1 1 0 0 0 0 0 0 0 0 1 1 1 1 0 0 0 0 0 0 0 0 0 0 1 1 1 1 0 1 0 0
0 1 1 0 0 1 1 1 0 0 0 0 1 1 1 1 1 1 0 0 0 1 1 0 0 0 0 1 1 1 0 1 0 0
0 0 0 0 1 1 1 1 1 0 0 0 1 1 1 1 1 1 0 1 1 1 1 0 0 0 0 0 0 0 0 0 0 0
1 1 0 0 1 1 1 1 1 0 0 0 1 1 1 1 0 0 0 0 0 0 1 0 0 0 0 0 0 1 0 1 1 0
1 1 0 0 0 1 1 1 1 0 0 0 0 1 1 0 0 0 0 0 0 0 0 1 0 0 0 0 1 1 1 0 1 0
1 0 0 0 0 0 1 0 0 1 1 0 1 1 0 0 0 0 0 0 0 0 0 0 0 0 0 0 1 1 1 1 1 0
1 0 0 0 0 1 1 0 0 1 1 1 1 1 1 0 1 1 1 1 0 0 0 0 1 0 0 0 1 1 1 1 1 0
0 0 0 0 0 0 0 1 1 1 1 1 1 1 1 1 1 1 1 1 1 0 1 0 0 0 1 1 0 0 0 0 0 0
0 0 0 0 0 0 0 0 1 1 1 1 1 1 1 1 1 1 1 1 1 1 0 0 0 1 1 1 1 0 0 0 1 0
0 0 1 1 0 0 0 0 0 1 1 1 1 1 0 1 1 1 1 1 0 0 1 0 1 1 1 1 0 0 0 1 0 0
1 1 0 0 0 0 1 1 1 0 1 1 0 0 1 1 1 1 1 1 0 0 1 0 1 0 0 1 0 0 1 1 1 0
1 1 1 1 1 0 0 1 1 0 0 1 1 1 1 0 1 1 1 1 0 1 1 1 0 0 0 0 0 0 0 1 1 0
1 1 1 1 1 0 0 0 1 0 0 0 0 1 1 1 0 1 1 1 0 0 1 1 1 1 1 0 0 0 1 1 0 0
1 1 0 0 0 0 0 0 0 0 0 0 1 1 1 1 0 0 0 0 0 0 0 1 1 1 0 0 0 0 1 1 1 0
1 1 1 0 0 0 0 0 0 0 0 0 0 0 1 0 1 0 1 1 0 0 0 1 0 0 0 0 0 0 0 1 1 0
0 0 0 0 0 0 0 0 0 0 0 0 0 0 0 0 0 0 0 0 0 0 0 0 0 0 0 0 0 0 0 0 0 21932

# z = 18
0 0 1 0 0 0 0 0 0 0 0 0 0 0 0 0 0 0 1 1 0 0 0 0 0 0 0 0 0 0 0 0 0 0
0 1 1 0 0 1 1 0 0 0 0 0 0 1 1 1 0 1 1 1 1 1 0 0 1 1 1 1 0 0 1 1 0 0
0 1 0 1 1 1 1 1 0 0 0 0 1 1 1 1 0 1 1 1 1 1 0 1 1 1 1 1 0 1 1 0 0 0
0 0 0 1 1 0 1 0 0 0 0 1 1 1 1 1 0 0 0 1 1 0 0 1 1 1 1 0 0 1 0 0 1 0
0 0 0 0 0 0 0 0 0 0 1 1 1 1 1 1 0 0 0 0 0 0 0 1 1 1 0 1 0 0 1 0 1 0
0 0 0 0 0 0 0 1 0 1 1 1 1 1 0 0 0 0 0 0 0 0 0 0 1 0 0 1 1 0 0 0 0 0
1 0 1 1 1 1 1 1 1 1 1 1 1 0 0 0 0 0 0 0 0 0 0 0 1 0 0 1 0 0 1 1 0 0
0 1 1 1 1 1 0 0 0 0 1 1 1 0 0 0 1 1 0 0 1 0 1 0 1 1 1 1 0 0 1 1 1 0
0 0 1 1 1 1 0 0 0 1 1 0 0 0 0 0 1 1 1 0 1 1 1 1 0 1 1 1 1 0 0 1 1 0
0 1 1 1 1 1 0 0 1 1 1 1 0 0 0 1 1 1 0 0 1 1 1 0 0 1 1 1 0 0 0 0 0 0
0 0 1 1 1 1 0 0 0 1 1 1 0 0 0 0 1 1 1 0 0 0 1 0 0 0 1 1 0 0 0 0 0 0
0 0 0 0 1 0 0 1 0 0 0 0 0 0 0 1 1 1 1 0 0 0 0 0 0 0 1 1 1 0 1 1 0 0
0 1 1 0 0 0 0 0 1 1 0 0 0 0 0 1 1 1 1 0 0 0 1 1 1 0 0 1 0 1 1 1 0 0
0 1 1 0 0 0 1 1 1 1 1 1 0 0 0 1 1 1 0 1 1 1 1 1 1 1 0 0 0 0 0 0 0 0
0 1 1 1 0 0 0 0 1 1 1 1 0 0 0 1 1 0 0 1 1 1 1 1 1 1 1 0 1 1 1 0 0 0
0 0 1 0 0 0 0 0 0 0 1 1 0 1 0 0 0 0 0 1 1 1 1 1 1 1 1 0 0 0 0 0 0 0
0 0 0 0 0 0 0 0 0 0 1 1 1 0 0 0 0 0 0 1 1 1 1 1 1 1 1 1 0 0 0 0 0 0
1 1 1 0 0 0 0 0 0 0 1 1 1 0 0 0 0 0 0 0 0 0 0 0 0 0 0 0 0 0 0 1 1 0
1 1 1 0 0 0 1 0 0 0 1 0 0 0 1 1 0 0 0 0 0 0 0 0 0 0 0 1 0 1 0 1 1 0
1 1 1 0 0 1 1 1 0 0 0 0 1 1 1 1 1 0 0 0 0 1 1 1 0 0 0 1 1 1 0 0 1 0
0 0 0 0 0 1 1 1 1 0 0 0 1 1 1 1 1 0 0 0 0 1 1 1 1 1 1 1 0 0 1 0 0 0
1 1 0 0 0 0 1 1 1 0 0 0 1 1 1 1 1 0 0 0 1 0 1 1 0 1 0 0 0 1 0 1 1 0
1 1 0 0 0 0 1 1 1 0 0 0 0 1 1 0 0 0 0 0 0 0 1 0 0 0 0 0 1 1 1 0 0 0
1 0 1 0 0 0 1 1 0 1 1 0 1 1 0 0 0 0 0 0 0 0 0 0 0 0 0 0 1 1 1 1 1 0
1 1 0 0 0 1 1 0 0 1 1 1 1 1 0 0 1 1 0 0 0 0 0 0 0 0 0 0 0 0 1 1 1 0
1 0 1 0 1 1 0 0 1 1 1 1 1 1 1 1 1 1 0 0 0 0 0 0 0 0 1 1 0 0 0 1 0 0
0 1 1 1 1 0 0 0 1 1 0 1 1 1 1 1 1 1 0 0 0 1 0 0 0 1 1 1 1 0 0 0 1 0
0 0 1 1 1 0 0 0 1 1 1 0 1 0 1 1 1 1 1 1 0 0 1 0 0 1 1 1 1 0 0 1 0 0
1 1 0 1 0 0 1 0 1 1 1 0 0 1 0 1 1 1 1 1 0 1 1 1 0 1 1 1 1 0 0 1 1 0
1 0 0 1 0 0 0 0 0 0 0 0 0 0 0 1 1 1 1 1 0 0 1 1 1 0 0 1 0 0 1 1 1 0
1 1 1 1 0 0 0 1 0 0 0 1 0 0 0 0 0 1 1 1 0 1 0 1 0 0 1 0 0 0 1 1 1 0
1 1 1 1 0 1 0 0 0 0 0 0 0 0 0 0 0 0 0 0 0 0 0 0 1 1 1 0 0 1 1 1 0 1400569056
1 0 0 1 0 0 0 0 0 0 0 0 0 0 0 0 1 1 1 0 1 0 0 0 0 0 0 0 0 0 0 1 1 136
0 0 0 0 0 0 0 0 0 0 0 0 0 0 0 0 0 0 0 0 0 0 0 0 0 0 0 0 0 0 0 0 0 0

# z = 19
0 0 0 0 0 0 0 0 0 0 0 0 0 0 0 0 0 1 1 1 0 0 0 0 0 0 0 0 0 0 0 0 0 0
0 1 1 1 1 1 1 1 1 1 1 0 1 1 1 1 0 1 1 1 1 1 0 1 1 1 0 0 0 0 0 0 0 0
0 0 1 1 1 1 1 1 1 1 0 0 1 1 1 1 1 1 1 1 1 1 0 1 1 1 1 0 0 1 0 0 0 0
0 0 1 1 1 1 1 1 0 0 0 1 1 1 1 1 0 0 1 1 1 1 0 0 1 1 0 0 0 1 0 0 0 0
0 0 0 0 0 0 0 0 0 0 1 1 1 1 1 1 0 0 0 0 0 0 0 1 1 1 0 1 1 1 0 0 0 0
0 0 0 0 0 0 0 0 0 0 1 1 1 1 0 0 0 0 0 0 0 1 0 0 0 0 1 1 1 0 1 1 0 0
0 1 0 0 0 0 1 1 0 0 0 1 1 0 0 0 0 0 0 0 1 1 1 0 0 1 1 1 1 0 1 1 1 0
0 0 0 0 0 1 1 1 0 0 0 0 1 0 0 0 1 0 0 1 1 1 1 0 0 1 1 1 1 0 0 0 0 0
0 0 0 0 1 1 0 0 0 0 0 0 0 0 0 0 1 1 0 0 1 1 1 1 0 1 1 1 1 0 0 0 0 0
0 0 1 1 1 1 0 0 0 0 0 0 0 0 0 0 1 1 0 0 1 1 0 0 0 1 1 1 0 0 0 0 0 0
1 0 1 1 1 0 0 1 0 0 0 0 0 0 0 1 1 1 1 0 0 0 0 0 0 1 1 1 0 0 0 0 1 0
0 1 1 0 0 0 1 1 1 0 0 0 0 0 0 1 1 1 1 0 0 0 1 0 1 1 1 0 0 1 1 1 1 0
0 1 1 1 0 0 1 1 1 1 1 1 1 1 0 1 1 1 0 0 0 0 1 1 1 1 0 0 0 1 1 1 0 0
0 1 1 0 1 0 1 1 1 1 1 1 1 0 0 1 1 1 0 1 1 1 1 1 1 1 0 1 1 1 1 1 0 0
0 1 1 1 1 0 0 0 0 0 1 1 1 0 0 1 1 0 0 1 1 1 1 1 1 0 0 1 1 1 0 1 0 0
0 0 1 1 0 0 0 0 0 0 0 1 1 0 0 1 1 0 0 1 1 1 1 1 1 1 0 0 1 0 0 0 0 0
0 1 0 0 0 0 0 0 0 0 0 1 1 0 0 1 1 0 0 0 1 0 1 1 1 1 0 0 0 0 1 0 0 0
1 1 1 0 0 0 1 0 1 1 0 0 0 0 1 1 0 0 0 0 0 0 0 0 0 0 0 0 0 0 1 1 1 0
1 1 1 0 0 0 1 0 0 0 0 0 0 0 0 0 0 0 0 0 0 0 0 0 1 1 0 0 0 1 1 1 1 0
0 1 0 0 0 0 0 0 0 0 1 0 0 0 0 0 0 0 0 0 1 0 0 1 1 1 1 0 0 0 1 0 1 0
0 0 1 0 0 0 1 0 0 0 1 0 0 0 1 1 0 0 0 1 1 1 1 1 1 1 1 0 0 0 0 0 0 0
1 1 1 1 0 0 1 1 0 0 0 0 0 1 1 1 1 0 0 1 1 1 1 1 1 1 1 0 0 0 1 1 0 0
1 1 1 0 1 0 1 0 0 0 0 0 1 1 1 0 0 0 0 1 1 1 1 1 1 1 1 0 0 1 0 0 1 0
1 1 1 0 0 0 0 0 1 0 1 1 1 1 0 0 0 0 0 0 0 0 0 0 0 0 0 0 0 0 0 1 1 0
1 1 0 0 0 1 0 0 0 0 0 0 0 0 0 0 0 0 0 0 0 0 0 0 0 0 0 1 0 0 1 1 1 0
0 1 0 0 1 1 1 0 0 0 0 0 0 0 0 0 1 1 0 0 1 0 0 0 0 0 1 1 1 1 0 0 0 0
0 0 1 0 0 1 1 0 1 0 0 0 0 0 0 1 1 1 0 0 0 0 1 1 0 0 1 1 1 0 0 0 0 0
1 1 1 0 0 1 1 1 0 0 0 1 0 0 1 1 1 1 0 0 0 1 1 1 0 1 1 1 1 0 0 1 0 0
0 1 1 0 0 0 0 0 0 1 0 0 0 0 0 1 1 1 1 1 0 1 1 1 0 1 1 1 1 0 1 1 1 0
1 0 1 0 0 0 0 0 0 0 0 0 0 0 0 1 1 1 1 1 1 0 0 0 0 1 1 1 1 0 1 1 1 0
1 0 1 0 1 1 1 0 0 0 0 0 0 0 0 0 1 1 1 1 0 0 0 0 0 1 1 0 0 0 1 1 0 0
1 1 1 0 1 1 0 0 0 1 0 0 1 0 0 0 1 0 0 1 0 0 0 0 1 1 1 1 0 0 1 1 0 32623
0 0 0 0 0 0 0 1 0 0 0 0 0 0 0 0 1 0 0 1 1 0 0 0 0 0 0 0 0 0 0 0 0 0
0 0 0 0 0 0 0 0 0 0 0 0 0 0 0 0 0 0 0 0 0 0 0 0 0 0 0 0 0 0 0 0 0 0

# z = 20
0 0 0 0 0 0 1 1 1 1 1 0 0 0 0 0 1 1 1 1 1 0 0 0 0 0 0 0 0 0 0 0 0 0
0 1 0 1 1 1 1 1 1 1 1 0 0 0 1 0 0 1 1 1 1 1 0 0 0 0 0 0 1 1 0 0 0 0
0 1 1 1 1 1 1 0 1 0 1 0 1 1 1 1 0 1 1 1 1 0 0 0 0 1 0 1 1 0 0 0 0 0
0 1 1 1 1 1 1 1 0 0 0 1 1 1 1 1 0 1 1 1 1 0 0 0 0 1 1 1 1 1 0 0 0 0
0 0 1 0 1 0 0 1 0 0 0 1 1 1 1 1 0 0 0 1 0 0 0 0 0 1 1 1 1 0 0 0 0 0
0 1 1 0 0 0 0 0 0 0 0 1 1 1 1 0 0 0 0 0 0 0 0 0 0 0 1 1 0 1 0 1 0 0
0 1 0 0 0 0 0 1 0 0 1 1 1 1 0 0 1 0 0 0 0 0 0 0 0 1 1 1 1 1 1 0 0 0
0 0 1 0 0 0 0 0 0 0 0 0 0 0 0 0 0 0 0 0 1 1 1 1 0 1 1 1 0 0 0 0 0 0
0 1 0 0 0 0 0 0 0 0 1 0 0 0 0 1 1 1 1 0 1 1 1 0 0 1 1 1 0 0 0 0 0 0
1 0 1 0 0 0 0 0 1 0 0 0 0 0 0 1 1 1 1 0 0 0 0 0 0 1 1 1 1 0 0 0 1 0
1 1 1 1 0 0 0 1 1 1 1 0 0 0 0 1 1 1 1 1 0 0 0 0 0 1 1 1 0 0 1 0 1 0
0 1 1 1 0 0 1 1 1 1 1 1 0 0 0 1 1 1 0 0 0 0 0 0 1 1 1 1 1 1 1 0 1 0
1 1 1 1 1 0 1 1 1 1 1 1 1 0 0 1 1 0 0 1 1 0 1 1 1 1 0 0 1 1 1 1 0 0
1 1 1 1 1 0 0 1 1 1 1 1 1 1 0 1 1 1 0 0 1 0 1 1 1 0 0 1 1 1 1 1 0 0
0 1 1 1 1 0 0 0 0 0 1 1 1 0 0 1 1 0 0 1 1 1 1 1 0 0 1 1 1 1 0 0 0 0
0 0 0 1 1 0 0 0 0 0 0 1 0 0 1 1 1 0 0 0 0 1 1 0 1 0 0 1 1 0 0 0 0 0
1 1 0 0 0 0 1 1 0 0 0 0 0 0 1 1 1 0 0 0 0 0 1 0 0 0 0 0 0 1 1 1 1 0
1 1 1 0 0 0 1 1 1 1 1 0 0 1 1 1 1 0 0 0 0 0 0 0 0 0 0 0 1 1 1 1 1 0
1 1 1 0 0 0 1 1 1 1 1 1 0 1 1 1 1 0 0 0 0 0 0 0 1 1 0 0 0 1 0 1 1 0
1 1 0 0 0 0 0 0 0 0 1 1 1 1 1 0 1 0 0 1 1 0 0 1 1 1 1 0 0 0 1 0 1 0
0 0 1 1 1 0 0 0 0 0 1 0 1 0 0 0 0 0 1 1 1 1 1 1 1 1 1 0 0 0 0 0 0 0
0 1 1 1 1 0 0 0 0 0 0 0 0 1 0 0 0 0 0 1 1 1 1 1 1 1 1 1 0 0 0 0 1 0
0 1 1 1 1 1 0 0 0 0 0 1 1 1 0 0 0 0 0 1 1 1 1 1 1 1 1 1 0 0 0 1 1 0
1 1 1 0 0 1 0 0 0 0 1 1 1 1 0 0 0 0 0 0 0 1 1 1 1 0 1 0 0 0 0 1 0 0
1 0 0 0 1 1 1 1 0 1 0 1 1 0 0 0 0 0 1 0 0 0 0 0 0 0 0 0 1 0 0 1 1 0
1 0 0 1 1 1 1 1 0 1 0 0 0 0 0 0 0 0 0 0 0 0 0 0 0 0 0 1 1 1 0 1 1 0
0 1 1 1 1 1 1 0 0 0 0 1 0 0 0 0 1 1 0 0 0 0 1 1 0 0 1 1 1 0 0 0 0 0
0 1 0 1 1 1 0 0 0 0 0 1 1 1 0 1 0 1 0 0 0 0 1 0 1 0 1 1 1 0 0 1 0 0
0 1 0 0 1 1 0 0 0 0 0 1 1 1 0 1 1 1 1 0 0 1 1 1 0 0 0 1 0 0 0 1 1 0
1 1 1 0 1 0 0 0 0 1 1 1 1 1 0 0 1 0 1 1 0 0 0 0 1 0 0 0 0 0 0 1 1 0
1 0 0 0 1 0 0 1 0 0 0 1 1 1 0 0 0 0 0 0 0 0 0 0 1 1 1 1 0 0 0 1 1 135168
1 0 1 0 0 0 0 0 0 1 1 0 0 0 0 0 1 1 1 0 0 0 0 0 0 1 1 1 0 0 0 1 0 0
0 0 0 1 1 0 0 1 0 1 1 1 0 0 0 0 0 1 0 0 1 0 0 0 0 1 1 0 0 0 0 0 0 -73087480
0 0 0 0 0 0 0 0 0 0 0 0 0 0 0 0 0 0 0 0 0 0 0 0 0 0 0 0 0 0 0 0 0 34

# z = 21
0 0 0 0 0 1 1 1 1 1 1 0 0 0 0 0 0 1 1 1 1 0 0 0 0 0 0 0 0 1 0 1 1 0
1 1 0 0 0 1 1 1 1 1 1 0 0 0 0 0 0 1 1 1 1 0 0 0 0 0 0 1 0 0 0 1 1 0
1 1 1 0 1 1 1 0 1 1 1 0 0 0 1 1 0 1 1 1 1 0 0 0 1 1 1 1 0 1 1 1 1 0
0 1 1 1 0 1 1 1 1 1 0 0 1 0 1 1 0 0 1 1 0 0 0 0 0 1 1 1 1 1 1 0 0 0
0 0 0 0 0 0 0 0 1 1 0 1 1 1 1 1 1 0 0 1 0 0 0 0 0 0 1 1 0 0 0 0 0 0
0 0 0 0 0 0 0 0 0 0 0 0 1 1 1 0 0 1 1 1 0 0 0 0 0 0 0 1 1 0 1 0 0 0
0 0 0 1 1 0 1 1 0 0 0 0 1 0 0 0 0 0 0 0 0 0 0 0 0 0 1 1 0 1 1 0 0 0
0 0 0 0 0 0 1 1 0 1 1 1 0 0 0 0 0 1 0 0 0 1 1 0 0 0 1 0 0 0 0 0 0 0
0 0 0 0 0 0 1 0 0 1 1 1 0 0 1 1 1 1 0 0 0 0 0 0 0 0 1 1 0 0 0 0 0 0
1 1 0 0 0 0 0 0 1 1 1 1 0 0 1 1 1 1 1 1 0 0 1 1 0 0 1 1 1 0 1 0 0 0
0 1 1 1 0 0 0 1 1 1 1 0 0 0 1 1 1 1 0 0 0 0 0 0 0 1 1 1 0 0 1 0 1 0
0 1 1 1 0 0 0 1 1 1 1 1 0 0 0 1 1 1 0 0 1 0 0 0 0 0 0 0 1 1 0 0 0 0
0 1 1 1 1 0 0 1 1 1 1 1 1 0 0 0 1 1 0 1 1 1 0 0 0 0 0 0 1 1 1 0 0 0
0 1 1 1 1 0 0 1 1 1 1 1 1 0 0 0 0 0 1 1 1 0 1 0 0 0 1 1 1 1 1 0 0 0
0 0 1 1 1 0 0 0 0 0 0 0 0 0 1 1 1 0 1 1 0 0 1 0 0 0 1 1 1 1 0 0 0 0
0 1 0 0 1 0 0 0 0 0 0 0 0 0 1 1 1 0 0 0 0 0 0 0 0 0 1 1 0 0 0 0 0 0
1 1 1 0 0 0 0 1 0 0 0 0 0 1 1 1 1 0 0 0 0 0 0 0 0 0 0 0 0 0 1 1 1 0
1 1 1 0 0 0 1 1 1 1 1 1 0 1 1 1 1 1 0 0 0 0 0 0 0 0 0 0 1 1 1 1 1 0
1 1 1 0 0 0 1 1 1 1 1 1 1 1 1 1 1 1 0 0 0 0 0 0 1 1 0 0 1 1 1 1 1 0
1 1 0 0 0 0 0 1 1 1 1 1 0 1 1 1 1 0 0 1 1 0 0 0 1 1 0 0 0 0 1 1 1 0
0 0 0 1 1 1 0 0 0 0 1 1 0 0 1 0 0 0 0 1 1 0 0 1 1 1 1 0 0 0 0 0 1 0
0 1 1 1 1 1 1 0 0 0 0 0 0 0 1 0 0 0 0 1 1 0 1 1 1 1 1 0 0 0 0 0 0 0
0 1 1 1 1 1 0 0 0 0 0 1 0 0 1 1 0 0 0 0 0 1 1 1 1 1 1 0 0 0 0 0 0 0
0 0 1 0 0 0 1 1 0 0 1 1 1 0 0 0 0 1 0 1 0 1 1 1 1 1 1 1 0 0 0 0 0 0
0 0 0 0 0 1 0 1 0 1 1 0 1 0 0 0 0 1 1 1 1 0 1 1 0 0 0 0 0 0 0 0 0 0
0 0 0 1 1 1 1 0 0 1 0 0 0 0 0 0 0 0 1 1 1 0 0 0 1 0 0 1 1 0 0 0 0 0
0 1 1 1 1 1 1 0 0 0 0 0 0 1 0 0 0 0 0 1 1 1 0 0 0 0 0 0 0 1 0 0 0 0
0 1 1 1 1 1 1 0 0 0 0 1 1 1 0 0 0 0 0 0 0 0 0 0 0 1 0 0 0 0 0 0 0 0
0 0 0 1 1 1 0 0 1 0 1 1 1 1 1 0 1 1 0 0 0 0 0 1 0 0 0 0 1 0 0 0 0 0
0 0 0 0 0 0 1 1 1 0 0 1 1 1 1 0 0 0 0 0 0 1 0 0 0 0 0 1 1 0 0 0 1 0
0 0 0 1 0 0 0 1 1 1 1 0 1 1 1 0 0 0 1 0 0 0 0 0 0 0 1 1 1 0 1 0 0 0
1 1 1 0 1 1 0 1 1 1 1 0 0 1 0 0 0 1 1 0 1 0 0 0 0 1 1 1 1 0 0 0 0 0
1 1 0 1 0 0 0 0 1 1 1 1 0 0 0 0 1 1 1 1 1 0 1 0 0 1 1 0 0 0 0 0 0 21932
0 0 0 0 0 0 0 0 0 0 0 0 0 0 0 0 0 0 0 0 0 0 0 0 0 0 0 0 0 0 0 0 0 0

# z = 22
1 1 0 0 1 1 1 1 1 1 1 0 0 0 0 0 0 0 0 1 0 0 1 1 0 0 1 0 1 0 1 1 1 0
1 1 1 0 0 1 1 1 1 1 1 1 0 0 0 0 0 0 1 1 1 0 0 1 1 0 1 0 0 0 0 0 0 0
1 1 1 0 0 1 1 0 1 1 1 0 0 0 0 0 0 1 1 1 1 1 1 1 1 0 1 1 1 0 0 1 1 0
1 1 1 0 1 0 1 0 1 1 1 0 0 0 1 1 0 0 0 1 0 0 0 0 0 0 1 1 1 0 0 0 1 0
1 0 0 0 0 0 1 0 1 0 0 0 1 1 1 1 1 1 1 1 1 0 0 0 0 0 1 1 0 0 0 0 1 0
0 0 0 0 0 0 0 0 0 0 0 0 0 0 0 0 0 1 1 1 1 1 0 0 1 0 0 1 0 0 1 1 0 0
0 1 0 1 1 0 1 0 0 1 1 0 0 0 0 1 0 0 1 1 1 0 0 0 0 0 0 0 0 0 0 1 0 0
0 0 0 0 1 1 1 1 0 1 1 1 0 0 0 0 0 1 1 1 1 0 0 0 0 0 0 0 0 1 1 0 0 0
0 0 0 0 1 1 1 1 0 1 1 1 1 0 1 1 1 1 1 1 1 0 0 1 0 0 1 0 0 1 1 1 0 0
0 0 0 0 0 0 1 0 0 1 1 1 1 0 1 1 1 1 1 1 1 0 1 1 1 0 1 0 0 1 1 1 1 0
0 0 0 0 0 0 0 0 0 1 1 0 0 0 0 0 1 0 0 0 0 0 0 1 0 0 0 0 0 1 1 0 1 0
0 0 1 1 0 0 0 0 1 1 1 1 1 0 0 0 1 0 1 1 1 1 0 0 0 0 0 0 1 1 1 1 0 0
0 0 0 1 0 0 0 1 1 1 1 1 1 0 0 0 0 0 1 1 1 1 0 0 0 0 0 0 1 1 1 0 0 0
0 0 0 0 0 0 0 1 1 1 1 1 1 0 0 1 0 0 1 1 1 0 0 0 0 1 0 0 0 0 0 0 0 0
0 0 0 0 1 0 0 0 0 0 0 0 0 0 1 1 1 0 1 1 0 0 0 0 0 0 0 0 0 0 0 0 1 0
1 0 1 0 1 1 0 0 0 0 0 0 0 1 1 1 1 0 0 0 0 0 0 0 0 0 0 0 0 0 0 1 1 0
1 1 0 0 1 0 0 0 1 0 0 0 1 1 1 1 1 1 1 0 0 0 0 0 0 0 0 0 0 0 0 1 1 0
1 1 1 0 0 0 1 1 1 1 0 0 0 1 1 1 1 0 0 0 0 0 0 0 0 0 0 0 1 1 1 1 0 0
1 1 1 0 0 0 0 1 1 1 1 1 0 1 1 1 1 1 0 1 0 0 0 0 0 0 0 0 1 1 1 0 1 0
1 1 1 0 0 0 0 1 1 1 1 1 0 1 1 1 1 0 1 1 1 1 1 0 0 0 1 0 0 1 0 1 1 0
0 0 0 0 1 0 0 0 0 1 1 1 0 1 0 0 0 0 0 1 1 0 0 1 1 1 1 0 0 0 0 0 0 0
0 0 1 1 1 1 0 1 0 0 1 1 0 0 0 0 0 0 0 1 1 0 1 1 1 1 1 0 0 0 1 0 0 0
0 0 0 1 1 1 0 0 0 0 1 1 0 0 0 0 0 1 1 0 0 0 0 1 1 1 1 0 0 0 1 0 1 0
0 0 0 0 1 1 1 0 0 0 0 0 0 0 0 0 1 1 1 1 1 1 0 1 1 1 1 0 0 0 0 0 0 0
0 0 1 0 0 1 1 1 0 1 0 0 0 0 1 1 1 1 1 1 1 1 1 0 1 0 0 0 0 0 0 0 1 0
0 0 0 1 1 1 1 0 0 0 1 0 0 0 1 1 1 1 1 1 1 1 0 0 0 0 0 0 1 1 1 1 0 0
0 0 1 1 1 1 0 0 0 0 0 0 0 0 0 1 1 0 1 1 1 1 0 0 0 0 0 0 0 0 0 0 0 0
0 0 1 1 1 1 0 0 0 0 0 0 0 0 0 0 0 0 0 0 1 0 0 0 0 0 0 0 0 0 0 0 0 0
1 1 1 1 1 1 0 0 0 1 0 1 1 1 1 0 0 0 0 0 1 1 0 0 0 0 1 1 1 1 0 1 1 0
0 0 0 1 0 0 0 1 1 1 0 0 1 1 1 0 0 0 0 1 1 0 0 0 0 0 1 1 1 1 0 0 1 0
0 0 0 0 0 1 1 1 1 1 0 0 0 1 1 1 0 0 1 1 1 0 1 0 0 1 1 1 1 0 0 0 0 1046962176
1 0 0 0 0 1 0 1 1 1 1 0 0 1 0 0 0 0 1 1 0 0 1 1 0 1 1 1 1 0 0 0 1 0
1 1 1 0 1 1 1 1 0 1 1 1 0 0 1 1 0 0 0 1 1 0 0 1 0 0 1 1 0 0 1 1 1 1399038562
0 0 0 0 0 0 0 0 0 0 0 0 0 0 0 0 0 0 0 0 0 0 0 0 0 0 0 0 0 0 0 0 0 833316880

# z = 23
1 1 0 0 1 1 1 1 1 1 0 0 0 1 1 1 0 0 0 0 0 1 1 1 0 0 0 0 0 1 0 1 1 0
1 1 0 0 1 1 0 1 1 1 1 1 0 0 0 1 1 0 0 0 0 1 1 1 1 1 0 0 0 0 0 1 1 0
1 1 1 0 0 1 0 1 1 1 1 1 0 0 1 0 0 0 0 0 1 0 0 1 1 1 0 0 1 0 0 0 1 0
1 1 1 0 0 0 0 0 1 1 1 1 0 0 0 0 0 1 1 1 0 1 0 0 0 1 0 1 1 0 0 0 1 0
1 1 1 0 0 0 0 0 0 1 0 0 0 0 1 1 1 1 1 1 1 0 0 0 1 1 0 1 0 0 0 0 1 0
0 1 0 0 0 0 0 0 0 0 0 0 0 0 0 1 1 1 1 1 1 0 0 0 1 1 1 0 0 0 0 0 0 0
0 0 0 0 0 1 1 0 0 0 1 1 0 0 0 0 0 1 1 1 1 0 1 1 1 1 1 0 1 1 0 1 0 0
1 0 0 0 1 1 1 1 0 0 1 1 1 0 0 0 0 1 1 1 1 0 1 1 1 1 0 0 0 1 1 1 0 0
0 0 0 1 1 1 1 1 0 1 1 1 1 0 0 0 0 1 1 1 1 1 1 1 0 0 0 0 0 1 1 1 1 0
0 0 1 0 0 0 0 0 0 0 1 0 0 0 0 0 1 1 1 1 1 0 0 1 1 0 0 0 0 1 1 1 1 0
0 0 0 0 0 0 0 0 0 0 1 0 0 0 0 0 0 1 1 1 0 0 0 0 0 0 0 0 1 1 1 1 0 0
0 1 0 0 0 0 0 0 0 0 0 1 1 0 0 0 1 0 0 1 1 0 0 0 0 0 0 1 0 0 1 1 0 0
0 1 0 0 0 0 0 0 1 1 1 1 1 0 0 0 0 1 1 1 1 1 1 0 0 0 0 0 0 0 1 0 0 0
0 0 0 1 1 1 0 1 1 1 1 1 1 0 0 0 0 0 1 1 1 1 0 0 0 1 1 1 1 1 0 0 1 0
1 0 0 1 1 1 0 0 0 1 1 0 0 1 1 1 1 0 1 1 0 0 0 1 1 1 1 0 1 0 0 1 1 0
1 0 0 0 1 1 1 0 0 0 0 0 0 1 1 1 1 0 0 0 0 1 0 1 1 1 0 0 0 0 1 1 1 0
1 0 1 1 1 1 0 0 0 1 0 0 1 1 1 1 1 1 0 1 1 1 1 0 0 1 0 0 0 0 1 1 1 0
1 1 0 0 1 0 0 1 1 1 1 0 1 1 1 1 1 1 0 1 1 1 0 0 0 0 0 0 0 0 1 1 1 0
0 0 0 0 0 0 0 1 1 1 1 0 0 0 0 0 1 1 0 0 0 0 0 1 1 0 0 1 0 0 1 0 0 0
0 0 0 1 0 0 0 1 1 1 1 0 0 0 0 0 0 0 0 1 1 1 0 1 0 0 0 1 1 0 0 0 0 0
0 0 1 0 0 1 0 1 1 1 1 1 1 0 0 0 0 0 0 0 0 0 0 0 0 0 1 1 0 0 0 0 0 0
0 0 0 0 0 0 0 1 1 1 1 1 0 0 0 0 0 0 0 0 1 1 0 0 0 1 0 0 0 1 0 0 0 0
0 0 1 0 0 0 0 1 1 1 1 1 1 1 0 0 0 0 1 0 0 1 1 0 0 1 0 0 0 1 1 1 0 0
1 0 0 0 0 0 0 0 0 0 0 0 1 0 0 0 0 0 1 0 1 1 1 0 0 1 1 0 0 1 1 0 1 0
1 1 1 0 0 1 1 1 1 0 0 1 0 0 1 1 0 0 1 1 1 1 1 1 0 0 0 1 0 1 1 1 1 0
0 0 0 0 0 1 1 1 0 0 1 0 0 1 1 1 0 0 0 1 1 1 0 0 0 0 0 0 0 1 1 1 0 0
0 0 1 1 1 1 0 0 0 0 0 0 0 1 1 1 1 0 1 1 1 1 0 0 0 0 1 0 0 1 1 1 0 0
0 0 0 1 1 0 0 1 0 0 0 0 0 1 1 1 0 0 0 1 1 1 0 0 0 0 1 0 1 1 0 0 1 0
0 0 0 1 1 1 0 1 1 0 0 0 0 0 0 0 0 0 0 0 1 0 0 0 1 0 1 1 1 1 0 0 1 0
0 0 0 0 1 1 1 1 1 1 0 0 0 0 0 1 0 0 0 1 1 0 0 1 1 0 1 1 1 1 0 0 1 0
0 0 0 0 0 0 1 1 1 1 0 1 0 1 0 1 0 0 0 1 1 1 1 1 0 0 1 1 1 1 0 0 0 -255295569
1 1 0 1 0 1 1 1 1 1 1 0 1 1 1 1 0 0 0 1 1 0 1 1 0 0 1 1 1 1 0 1 1 0
1 1 1 0 1 1 1 1 1 1 1 0 0 1 1 1 0 0 0 0 1 0 0 0 0 0 1 1 0 0 1 1 1 32623
0 0 0 0 0 0 0 0 0 0 0 0 0 0 0 0 0 0 0 0 0 0 0 0 0 0 0 0 0 0 0 0 0 32764

# z = 24
1 0 0 0 1 1 1 1 1 1 0 0 1 1 1 1 1 0 0 1 1 1 1 0 0 1 1 0 0 0 0 1 1 0
0 1 0 0 0 0 0 0 1 1 1 0 0 1 1 1 1 0 0 0 1 1 1 1 0 0 0 0 0 0 0 0 0 0
1 1 0 0 0 0 0 0 1 1 1 1 0 0 1 0 0 0 0 0 0 0 1 1 1 0 1 0 0 0 0 0 1 0
1 0 0 0 0 0 0 0 1 0 0 0 0 0 0 0 0 0 0 0 0 1 0 0 0 1 1 1 1 1 0 0 1 0
1 1 0 0 1 0 0 0 0 0 0 0 0 0 0 0 0 1 1 0 0 0 1 0 0 1 1 1 1 0 0 0 1 0
0 0 0 0 0 0 0 0 0 0 1 0 0 0 0 0 0 1 1 1 0 0 0 1 1 1 1 1 0 0 0 0 0 0
0 0 0 0 1 1 1 1 0 1 1 1 0 0 0 0 0 1 1 1 1 0 0 1 1 1 1 0 0 1 1 1 0 0
1 0 0 0 1 1 1 1 0 0 1 1 1 0 0 0 0 0 1 1 1 0 1 1 1 1 0 0 1 1 1 1 0 0
1 1 1 0 1 0 1 1 0 0 1 1 1 0 0 0 0 1 0 1 1 1 0 0 0 0 0 1 0 1 1 1 1 0
0 1 1 0 0 0 0 1 0 0 0 0 0 0 1 0 0 1 1 1 0 0 0 0 1 0 1 0 1 1 1 1 1 0
1 0 1 1 0 1 1 0 0 0 0 0 0 0 0 1 0 0 1 1 1 0 0 0 0 0 0 0 0 1 1 1 0 0
0 1 1 1 0 0 1 1 0 0 1 1 1 0 0 0 1 0 0 0 1 1 0 1 0 0 0 0 0 0 1 1 0 0
0 1 0 0 0 0 0 0 0 1 1 1 1 0 0 0 1 0 0 1 1 1 1 1 0 0 0 1 1 0 0 0 0 0
0 0 0 0 1 1 0 0 0 1 1 1 1 1 0 0 0 0 0 0 1 1 0 0 0 0 1 1 1 0 0 0 1 0
1 0 0 1 1 1 0 0 0 0 1 1 0 0 0 0 0 0 0 0 0 0 0 1 1 0 1 1 1 0 0 1 1 0
1 0 0 1 1 1 1 0 0 0 0 0 0 1 1 0 1 1 0 0 1 0 1 1 1 1 0 1 1 1 1 1 1 0
1 0 0 0 1 1 1 0 0 1 0 0 0 0 0 1 0 1 1 1 1 1 0 1 1 0 0 1 1 0 1 1 1 0
0 0 0 0 1 1 0 1 1 0 0 0 0 0 1 1 1 1 1 1 1 1 1 0 1 0 0 0 0 0 1 1 0 0
0 0 0 0 1 1 1 1 1 1 1 0 0 0 0 1 1 1 0 1 0 0 1 0 0 0 1 1 1 1 1 0 0 0
0 0 0 0 1 1 0 0 1 1 1 1 0 0 0 1 1 0 0 0 0 0 0 0 0 0 1 1 1 0 0 0 1 0
0 1 1 0 0 0 1 1 1 1 1 1 1 0 0 0 0 0 0 0 0 1 1 0 0 0 0 1 0 0 0 0 0 0
1 0 0 0 0 0 0 1 0 1 1 1 1 0 0 0 0 0 0 0 1 1 1 1 0 0 0 1 0 0 0 0 0 0
1 1 0 0 0 0 1 1 1 1 1 1 1 1 1 0 0 0 0 0 1 1 0 0 0 0 0 0 0 1 1 1 1 0
1 0 0 0 0 0 0 0 1 1 0 0 1 0 0 0 0 0 0 0 1 1 1 0 0 1 1 0 0 1 1 1 1 0
1 1 0 0 0 1 0 0 0 0 0 0 1 1 1 1 0 0 0 0 1 1 0 0 0 0 1 0 0 1 1 1 1 0
0 0 0 0 0 1 0 0 1 0 1 1 1 1 1 1 1 0 0 1 1 1 0 0 0 0 0 0 0 1 1 1 1 0
0 0 0 0 0 1 0 0 0 1 1 0 1 1 1 1 1 0 0 0 1 1 0 0 0 0 0 0 0 1 1 1 0 0
0 0 0 0 1 0 0 0 0 0 0 0 0 1 1 1 1 0 0 1 1 1 0 0 0 0 1 1 1 1 1 0 0 0
0 1 0 0 0 0 0 1 1 0 0 0 0 1 1 1 0 0 0 0 1 0 1 0 0 0 1 1 1 1 1 0 0 0
0 0 0 1 1 1 1 1 1 1 0 0 0 0 0 0 0 0 0 0 0 1 1 1 0 1 1 1 1 1 1 0 0 0
0 0 0 0 0 1 1 1 1 0 1 0 0 0 0 1 1 0 0 1 1 1 1 1 1 0 1 1 1 1 1 0 0 0
0 0 0 1 1 1 1 1 1 0 1 0 1 1 1 1 0 0 1 1 1 0 1 1 0 1 1 1 1 0 0 1 0 0
1 0 0 1 0 1 1 1 1 1 0 0 1 1 1 1 1 0 0 0 1 1 0 0 0 1 1 1 0 0 0 1 1 0
0 0 0 0 0 0 0 0 0 0 0 0 0 0 0 0 0 0 0 0 0 0 0 0 0 0 0 0 0 0 0 0 0 5796

# z = 25
0 0 0 0 0 0 0 0 0 0 0 1 1 1 1 1 1 0 0 0 1 1 1 0 0 1 1 1 1 0 0 1 1 0
0 0 0 1 0 0 0 0 0 0 0 0 1 1 1 1 0 0 0 0 1 1 0 0 0 0 0 0 0 0 0 0 0 0
1 0 1 1 1 0 0 0 0 0 0 0 0 0 1 1 0 0 0 0 0 1 1 0 0 0 0 0 1 1 1 0 1 0
0 0 1 1 1 0 0 0 1 0 0 0 0 0 0 0 0 0 0 1 1 1 1 0 0 0 0 1 1 1 0 0 0 0
0 0 0 0 1 1 0 0 0 0 0 0 0 0 0 1 1 0 0 0 0 0 0 0 0 1 1 1 1 0 0 0 0 0
0 0 1 0 0 0 1 0 0 1 1 1 0 0 0 1 1 0 0 0 0 1 0 1 1 1 1 1 0 0 0 0 0 0
0 1 1 1 0 0 1 0 1 1 1 1 1 0 0 1 1 0 0 0 0 0 1 1 1 1 1 0 1 0 1 0 0 0
0 0 0 0 0 0 1 0 0 1 1 1 1 0 0 0 0 0 0 1 0 0 1 1 1 1 1 0 0 0 1 0 0 0
0 1 1 0 0 0 0 0 0 0 0 0 0 0 0 1 0 0 0 1 1 0 0 0 0 1 0 0 0 1 1 1 1 0
1 1 1 1 1 0 0 0 0 0 0 0 0 0 1 1 1 0 0 1 1 1 0 0 0 0 1 0 0 1 1 1 1 0
0 1 1 1 1 1 1 1 1 1 0 1 1 0 1 1 1 0 0 1 1 1 0 0 0 0 1 0 0 0 0 1 1 0
0 1 1 1 1 1 1 1 1 1 0 1 1 0 0 1 1 0 0 0 1 1 1 1 1 0 0 1 1 0 0 0 0 0
0 0 1 0 0 1 1 1 0 1 1 1 1 0 0 0 0 0 0 0 1 1 1 1 0 0 0 1 1 0 0 0 0 0
0 0 0 0 0 0 0 1 0 1 1 1 1 0 0 0 0 0 0 0 1 1 1 1 0 0 1 1 1 0 0 1 1 0
0 0 0 0 1 0 0 0 0 0 1 1 1 0 0 0 0 0 0 0 0 0 0 0 0 1 1 1 1 0 0 0 1 0
0 0 0 0 1 1 0 0 0 0 0 0 0 1 0 1 1 1 1 1 1 0 0 0 0 0 0 1 1 0 0 1 0 0
0 0 0 1 1 1 0 0 0 0 0 0 1 1 0 1 1 1 1 1 1 1 1 1 0 0 0 0 0 0 0 0 0 0
0 0 0 1 1 1 0 1 0 0 0 0 0 0 1 1 1 1 1 1 1 0 0 1 0 0 0 0 0 0 0 0 0 0
0 1 1 0 0 0 1 1 0 1 0 0 1 1 1 1 1 1 1 1 0 0 0 0 0 0 1 1 1 0 0 1 1 0
1 1 1 0 0 1 1 1 1 1 1 0 0 0 1 1 1 1 0 0 0 0 0 0 1 0 1 1 1 0 0 1 1 0
1 1 0 0 0 0 1 1 1 1 1 1 0 0 0 0 0 0 0 0 0 0 1 0 1 1 1 1 1 0 1 1 1 0
1 1 0 0 0 0 1 1 1 1 1 1 1 0 1 0 0 0 0 0 0 1 1 1 0 1 0 0 0 0 0 1 1 0
1 1 0 1 0 0 1 1 1 1 1 1 1 0 0 0 0 1 1 0 0 1 1 1 0 1 1 0 0 0 0 1 1 0
1 0 0 0 0 0 0 0 1 1 0 0 0 0 0 0 0 0 1 0 0 1 1 1 1 1 1 0 0 0 1 1 1 0
0 0 0 0 0 1 0 0 0 0 0 1 1 1 1 1 0 0 0 1 0 1 1 1 1 1 1 0 0 1 1 1 1 0
1 0 0 0 0 1 0 0 1 1 1 1 1 1 1 1 1 0 0 0 0 1 0 0 0 0 0 0 0 1 1 1 1 0
1 0 0 0 0 1 0 0 0 1 1 1 1 1 1 1 1 0 0 0 0 0 0 0 0 0 0 0 0 1 1 1 1 0
0 1 0 0 1 0 0 0 0 0 1 1 1 1 1 1 1 0 0 0 0 0 0 1 0 1 0 1 1 1 1 1 0 0
0 1 0 1 1 0 1 1 0 0 0 0 1 1 1 0 0 0 0 0 0 0 0 0 0 1 1 1 1 1 1 0 0 0
0 1 0 1 1 0 1 1 1 1 1 1 0 1 0 0 0 0 0 0 0 1 1 1 0 1 1 1 1 1 1 0 0 0
1 0 0 0 1 0 1 1 1 0 0 0 0 0 0 1 1 0 1 0 0 1 1 1 0 1 0 0 1 1 0 0 0 0
0 0 0 0 0 0 1 1 1 0 1 0 0 1 1 1 1 0 1 1 1 0 1 1 0 1 1 1 1 0 0 0 1 0
0 0 0 0 1 1 1 1 1 0 0 0 1 1 1 1 1 0 0 0 1 1 1 0 0 1 1 1 0 1 0 0 0 0
0 0 0 0 0 0 0 0 0 0 0 0 0 0 0 0 0 0 0 0 0 0 0 0 0 0 0 0 0 0 0 0 0 0

# z = 26
0 0 0 0 0 0 0 0 0 0 0 0 1 1 1 1 0 0 0 1 1 1 0 0 0 0 0 1 0 0 1 1 1 0
0 0 1 1 1 1 0 0 1 0 0 0 1 1 1 1 0 1 1 0 0 0 0 0 0 1 1 1 0 0 0 0 0 0
0 0 1 0 1 0 0 0 0 0 0 1 1 1 1 1 0 0 1 0 1 0 0 0 0 0 0 0 1 1 0 0 0 0
0 0 1 1 1 1 0 0 0 0 0 0 0 1 1 1 1 0 0 0 1 1 1 0 0 0 0 0 1 1 0 0 1 0
0 0 0 1 0 1 1 1 0 0 0 0 0 0 1 1 1 1 0 0 0 1 0 0 0 0 0 1 0 0 0 0 0 0
1 1 0 0 0 0 0 0 0 1 1 0 0 0 1 1 1 1 1 0 0 0 0 1 1 0 1 1 0 0 1 1 1 0
1 1 1 1 0 0 0 0 1 1 1 1 0 0 1 1 1 1 0 0 0 1 1 1 1 1 1 1 0 0 0 1 1 0
0 1 1 1 0 0 1 0 0 1 1 1 0 0 1 1 1 0 0 0 1 0 1 1 1 1 1 1 1 0 1 0 0 0
0 0 0 0 0 0 1 0 0 0 0 0 0 0 1 1 1 0 0 1 1 0 0 0 1 1 0 1 0 0 1 1 0 0
0 1 1 1 0 0 0 0 0 0 1 1 0 0 1 1 1 0 0 1 1 1 1 0 0 0 1 0 0 0 1 1 0 0
0 1 1 1 1 0 0 0 1 1 1 1 0 0 0 1 1 0 0 1 1 1 1 1 1 1 1 1 1 0 0 1 0 0
0 1 1 1 0 0 0 1 1 1 1 1 1 0 0 1 1 0 0 0 1 1 1 1 0 1 0 1 1 0 0 0 1 0
0 1 1 1 0 0 0 1 1 1 1 1 1 0 0 0 0 0 0 0 1 1 1 1 0 0 0 1 1 1 0 0 0 0
0 0 0 0 0 0 1 1 1 1 1 1 1 1 0 0 0 0 0 0 0 1 1 1 0 0 1 1 1 1 0 0 0 0
0 0 0 0 0 0 0 0 0 0 0 1 1 1 0 0 0 0 0 0 0 0 0 0 0 0 1 1 1 1 0 0 0 0
1 1 0 1 1 1 1 0 0 0 0 0 0 1 1 1 1 1 1 1 1 0 0 0 0 0 1 1 1 1 0 0 0 0
1 1 0 1 1 0 0 0 0 1 0 0 0 1 1 1 1 1 1 1 1 0 0 0 0 0 0 0 1 0 0 0 1 0
0 1 0 0 0 0 0 0 0 0 0 0 1 1 1 1 1 1 1 1 1 0 0 0 0 0 0 0 0 0 0 0 0 0
1 1 0 0 0 0 0 0 0 0 0 0 1 1 0 1 1 1 1 1 0 0 0 0 0 0 0 1 0 0 0 0 1 0
1 1 0 0 0 0 0 1 0 0 0 0 1 1 1 1 1 1 0 0 0 0 0 1 1 1 1 1 1 0 0 0 1 0
1 1 0 0 0 0 0 1 1 1 1 0 0 0 1 1 0 0 0 0 0 0 1 1 1 1 0 1 1 0 0 0 1 0
1 1 1 0 0 0 0 0 1 1 1 1 1 0 1 0 0 0 0 0 0 1 1 0 0 1 1 0 0 1 0 1 1 0
0 1 0 0 0 0 0 1 1 1 1 1 0 0 0 0 0 1 1 0 0 1 1 0 0 1 1 1 0 0 0 1 0 0
1 0 0 0 0 1 1 0 1 1 0 0 0 0 0 0 0 1 1 0 0 1 1 1 1 1 1 0 0 0 1 1 1 0
0 0 1 1 1 0 0 0 1 0 0 1 1 1 1 0 0 1 1 1 0 1 1 1 1 1 1 1 1 1 1 1 1 0
1 0 1 1 0 1 1 0 0 0 1 1 1 1 1 1 0 0 1 1 0 0 0 1 0 0 0 0 1 1 1 1 1 0
1 0 0 0 1 1 0 0 0 0 0 1 1 1 1 1 1 0 0 0 0 0 0 0 0 0 0 0 1 1 1 1 1 0
0 0 0 1 0 1 0 0 0 0 0 0 1 1 1 1 0 0 1 1 1 0 0 0 0 0 0 1 1 0 1 1 0 0
0 0 0 0 0 0 0 1 1 1 0 1 1 1 1 0 0 1 1 1 1 1 0 0 0 0 1 1 1 1 1 0 0 0
0 0 1 1 1 0 1 1 1 1 0 1 1 0 0 0 0 0 1 1 1 0 0 0 0 0 1 1 1 1 1 0 0 0
0 0 0 1 1 0 1 1 1 0 0 0 0 0 1 0 0 0 0 0 0 1 1 1 0 1 1 1 1 1 1 1 1 1400568960
0 0 0 0 0 0 1 1 1 0 0 0 0 1 0 1 0 0 1 0 0 0 1 0 0 1 0 0 1 0 1 1 1 2
0 0 0 0 1 0 0 0 0 0 0 0 1 1 1 0 0 0 0 1 1 1 1 0 1 1 0 0 0 0 0 0 0 0
0 0 0 0 0 0 0 0 0 0 0 0 0 0 0 0 0 0 0 0 0 0 0 0 0 0 0 0 0 0 0 0 0 34

# z = 27
1 0 0 1 0 0 0 0 0 0 0 0 0 1 0 0 0 0 0 0 1 0 0 0 0 0 0 0 0 1 0 0 0 0
0 0 1 0 0 0 0 0 0 0 0 1 1 1 1 1 0 0 1 1 0 0 0 1 1 1 1 0 0 0 0 0 0 0
0 0 1 0 1 1 0 1 0 1 0 1 1 1 1 1 1 0 0 0 1 1 0 1 1 1 1 0 0 0 0 0 0 0
0 0 1 1 1 1 0 0 1 0 0 0 1 1 1 1 1 0 0 0 1 1 0 0 1 1 1 0 0 0 0 0 0 0
1 1 0 1 1 0 1 1 0 0 0 0 1 1 1 1 1 1 0 0 1 1 0 0 1 1 0 0 0 1 1 1 1 0
1 1 0 0 0 0 0 0 0 1 0 0 0 0 1 1 1 1 0 0 0 0 1 1 0 0 1 0 1 1 1 1 1 0
1 1 1 1 0 0 0 0 0 1 1 0 0 0 1 1 1 1 0 0 0 0 1 1 1 1 1 0 0 0 1 1 1 0
1 1 1 0 0 0 1 0 0 0 0 0 0 0 0 1 1 0 0 0 0 0 1 1 1 1 1 1 0 0 1 0 1 0
0 1 0 0 0 0 1 0 0 0 0 0 0 0 1 0 0 0 0 1 1 1 0 1 1 1 1 0 0 0 0 0 0 0
0 1 0 1 0 0 1 0 0 1 1 0 0 0 0 0 0 0 0 1 1 1 0 1 1 0 1 0 0 0 0 0 0 0
0 1 0 0 0 0 0 0 1 1 1 1 0 0 0 1 0 0 0 1 1 1 0 0 0 0 1 1 1 1 0 1 0 0
0 0 0 0 0 0 1 1 1 1 1 1 0 0 0 0 0 0 0 0 0 1 1 1 0 0 1 1 1 1 1 0 0 0
0 0 1 0 0 0 0 1 1 1 1 1 1 0 1 0 0 0 0 0 1 1 1 1 0 0 1 1 1 1 1 0 1 0
0 1 0 0 0 0 0 0 1 1 0 0 1 0 1 0 0 0 1 1 0 0 0 0 0 1 1 1 1 0 0 0 1 0
0 1 0 0 0 0 0 0 0 0 0 0 1 1 0 0 1 0 1 1 1 0 0 0 0 0 1 1 1 1 0 1 0 0
1 1 0 0 1 0 0 0 1 1 1 0 0 0 0 1 1 1 1 1 1 1 0 0 0 0 1 1 1 1 0 0 0 0
0 0 0 0 0 0 0 0 0 1 0 0 0 1 1 1 1 1 1 1 1 0 0 0 0 0 0 1 1 1 0 0 0 0
0 1 1 0 0 0 0 0 0 0 0 0 0 1 1 1 1 1 1 1 1 0 0 0 0 0 0 1 0 0 0 0 0 0
0 1 0 0 0 1 0 0 0 0 0 0 1 1 1 1 1 1 1 1 0 0 0 0 0 0 0 0 1 0 0 0 0 0
1 1 0 0 0 0 0 0 0 0 0 0 1 1 1 1 1 1 1 1 0 0 1 1 1 0 1 1 1 0 0 0 1 0
1 1 1 1 0 0 0 0 1 1 1 0 0 1 1 1 1 0 0 0 0 0 0 1 1 1 1 0 1 0 0 0 1 0
1 1 1 0 1 0 0 0 1 1 1 0 0 0 0 0 0 0 0 0 0 0 0 0 1 1 1 0 1 1 1 1 0 0
0 1 0 0 0 0 0 1 1 1 1 1 0 0 0 0 0 1 0 0 0 0 0 1 1 1 1 0 1 1 0 1 0 0
0 0 1 0 0 0 1 0 1 1 1 0 0 0 0 0 0 1 1 0 0 0 1 1 1 1 1 1 0 0 1 1 1 0
0 0 0 1 1 1 0 1 0 1 0 0 1 0 0 0 0 1 1 1 0 0 1 1 1 1 1 1 0 0 0 1 1 0
0 0 1 1 1 1 1 1 0 0 0 0 1 1 1 0 1 1 1 1 0 0 0 0 1 0 1 0 0 1 1 0 0 0
0 1 1 1 1 1 1 0 0 0 1 0 0 1 1 0 0 1 1 0 1 0 0 0 0 0 0 0 1 1 1 1 1 0
0 0 0 1 1 1 1 0 0 0 0 0 1 1 1 0 0 0 1 1 1 1 0 0 0 0 1 0 0 1 1 0 0 0
0 0 0 0 0 0 0 1 1 0 0 1 1 1 1 1 0 1 1 1 1 1 1 0 1 0 0 0 0 0 0 1 0 0
0 0 0 0 0 1 1 1 1 0 1 1 1 1 0 0 1 1 1 1 1 1 0 1 0 1 0 0 0 0 0 0 0 0
0 0 0 1 0 0 1 1 1 1 0 1 1 0 1 0 1 1 0 1 0 1 0 0 0 1 1 1 0 0 0 1 0 32623
1 1 0 0 0 1 0 0 0 0 0 0 0 0 1 0 1 1 0 0 0 1 1 1 0 1 1 1 0 0 1 1 1 0
0 1 1 0 0 0 0 0 1 0 0 0 0 1 0 0 0 1 0 1 1 1 1 0 0 0 1 1 1 1 0 1 0 0
0 0 0 0 0 0 0 0 0 0 0 0 0 0 0 0 0 0 0 0 0 0 0 0 0 0 0 0 0 0 0 0 0 0

# z = 28
0 0 1 0 0 0 0 0 0 0 1 0 0 0 0 0 0 1 0 0 0 0 0 0 0 0 0 1 0 0 1 0 0 0
0 0 1 1 0 0 1 1 0 1 0 0 1 1 1 0 0 0 1 0 0 0 0 0 1 1 0 0 0 0 1 1 1 0
0 0 1 1 1 0 1 1 1 1 0 1 1 1 1 1 0 0 0 0 0 0 0 1 1 1 1 0 0 0 0 0 0 0
0 0 0 1 1 1 0 1 1 1 0 0 1 1 1 1 1 0 0 0 0 0 0 0 0 1 1 0 0 0 0 1 0 0
1 1 0 1 1 0 0 1 1 0 0 0 1 0 0 1 1 1 0 0 0 0 0 0 0 0 0 0 0 1 1 1 1 0
1 1 0 0 0 0 0 0 0 0 1 0 1 1 1 1 1 1 1 0 0 0 0 1 0 0 1 0 0 0 1 1 1 0
1 1 1 1 0 0 0 0 0 0 0 1 1 0 0 1 1 1 0 0 0 0 0 1 1 1 0 0 0 0 1 1 1 0
1 1 0 0 0 1 1 0 0 0 1 1 1 0 0 1 1 0 0 0 0 1 1 1 1 1 1 1 0 0 1 1 1 0
0 1 0 0 1 1 1 1 1 0 0 1 0 0 0 0 0 0 0 1 0 0 1 1 1 1 1 1 0 0 0 0 0 0
0 0 0 1 1 1 1 1 1 0 0 0 0 0 0 1 1 0 0 0 0 0 0 1 1 1 0 0 1 1 1 0 1 0
0 1 1 0 1 0 0 0 0 1 1 0 0 1 1 1 0 0 0 0 0 0 0 0 0 0 1 1 1 1 0 1 1 0
0 0 0 0 0 0 0 0 0 1 1 0 0 1 1 1 0 0 0 0 0 0 1 0 0 0 1 1 1 0 1 1 0 0
0 0 1 0 0 0 0 0 1 0 0 0 0 1 1 1 0 0 1 0 0 0 0 0 0 1 1 1 1 1 0 0 0 0
0 1 0 0 0 0 0 0 0 0 0 0 0 1 1 1 1 0 1 1 0 0 0 0 0 1 0 0 0 1 1 0 0 0
0 1 0 1 0 0 0 1 1 1 0 0 1 0 0 1 0 1 1 1 1 0 0 0 0 0 0 0 0 1 1 0 0 0
0 0 0 0 0 1 1 0 0 1 1 0 0 0 1 0 1 1 1 1 1 0 1 0 1 0 0 1 1 1 0 0 0 0
0 0 0 0 1 1 1 0 1 1 1 0 0 0 1 1 1 1 1 1 1 0 0 1 1 0 0 1 1 1 0 0 1 0
0 0 0 1 1 1 1 1 0 0 1 0 0 1 1 1 1 1 1 1 1 0 0 1 1 1 0 1 1 1 1 0 1 0
0 0 0 0 1 1 1 1 0 0 0 1 0 1 1 1 1 1 1 1 0 0 0 1 0 0 0 0 0 0 0 0 0 0
1 1 0 0 1 1 0 0 1 0 0 0 1 1 1 1 1 1 1 0 0 0 0 0 0 0 0 1 0 0 1 1 1 0
1 1 0 0 0 0 0 0 0 0 0 0 1 1 1 1 1 0 0 0 1 0 0 0 0 1 0 1 1 1 0 1 0 0
1 1 1 0 0 0 0 0 0 0 1 0 1 1 1 1 0 0 0 0 1 0 0 0 1 0 1 0 1 1 0 0 0 0
1 1 0 0 0 0 1 0 1 0 0 0 0 1 0 0 0 1 0 0 1 0 0 1 1 1 1 0 1 0 0 0 1 0
0 0 0 0 1 0 0 0 1 0 0 1 0 0 0 0 1 1 1 0 0 0 0 1 1 1 1 0 0 0 1 0 0 0
0 0 1 1 1 1 0 0 1 0 1 0 0 0 0 0 0 1 1 1 0 0 0 0 1 1 1 0 1 1 1 0 0 0
0 0 1 1 1 1 1 0 1 1 1 1 0 0 0 0 0 1 0 0 0 0 0 0 1 0 0 1 0 0 1 1 0 0
0 1 0 1 1 1 1 0 0 0 1 1 0 1 0 0 0 1 1 0 1 0 0 0 0 0 1 1 1 0 0 0 1 0
0 0 0 0 1 1 0 0 0 0 0 0 0 1 0 0 1 1 0 1 1 0 1 0 0 1 0 0 1 1 0 0 0 0
0 0 0 0 1 1 0 0 0 0 0 1 1 1 1 0 0 1 1 1 1 1 1 1 0 1 0 1 0 0 1 0 0 0
0 0 0 0 0 0 1 1 1 0 1 1 1 1 1 0 1 1 1 1 1 1 1 1 0 0 0 0 0 0 0 0 0 0
0 0 0 0 0 1 0 1 1 1 0 1 1 1 0 0 0 1 0 0 0 0 0 0 0 1 1 0 0 0 0 0 0 136
0 1 0 1 1 0 0 0 0 0 1 1 1 1 0 0 1 1 0 1 0 0 0 1 0 0 1 0 1 0 0 1 0 9
0 1 1 0 0 0 0 0 0 1 1 0 0 0 0 1 0 1 1 0 1 0 0 0 0 0 0 0 1 0 0 0 0 136
0 0 0 0 0 0 0 0 0 0 0 0 0 0 0 0 0 0 0 0 0 0 0 0 0 0 0 0 0 0 0 0 0 34

# z = 29
0 0 0 0 0 0 0 0 0 0 1 1 0 0 0 0 0 1 1 0 0 0 0 0 0 0 0 1 0 0 0 0 0 0
1 0 0 1 0 0 0 1 1 1 0 1 1 1 1 0 0 0 1 0 0 1 1 1 1 1 1 0 0 1 0 0 0 0
0 0 1 1 1 0 1 1 1 1 0 0 1 1 0 0 0 0 0 0 0 0 1 1 1 1 1 0 0 0 0 0 0 0
1 0 0 1 1 0 1 1 1 1 1 0 1 1 0 0 0 0 0 0 0 0 1 1 1 1 1 1 1 0 0 1 1 0
1 1 0 0 0 0 1 1 1 1 1 0 1 0 0 0 0 1 0 0 0 0 1 1 1 1 1 1 1 0 1 1 1 0
1 1 0 0 0 0 0 1 0 1 1 1 1 0 0 1 1 1 1 0 0 0 0 0 0 0 0 1 0 1 1 1 1 0
1 1 0 0 0 0 0 0 0 1 1 1 1 0 0 1 1 1 0 0 0 0 0 0 1 0 0 0 0 0 1 1 1 0
0 1 0 0 0 1 1 1 1 0 1 1 0 0 0 0 0 0 0 0 0 0 1 1 1 1 0 0 1 0 1 1 1 0
1 0 0 1 1 1 1 1 1 1 1 1 0 0 1 1 1 0 0 0 0 0 1 1 1 1 0 1 0 0 1 1 1 0
0 1 0 1 1 1 1 1 1 0 0 0 0 0 1 1 1 0 0 0 0 0 1 1 1 0 1 0 0 1 0 1 0 0
1 0 0 1 1 1 1 1 1 0 0 0 0 1 1 1 0 0 0 0 0 0 0 1 0 0 1 1 1 0 0 1 0 0
1 1 0 0 0 0 0 0 0 0 0 0 1 1 1 1 1 1 0 0 1 1 0 0 0 0 0 1 1 1 0 0 0 0
0 1 1 0 0 0 0 0 0 0 0 0 0 1 1 1 0 0 1 0 0 0 0 0 0 0 0 1 1 1 0 0 0 0
0 0 0 0 1 0 1 1 1 1 0 0 1 1 1 1 0 0 1 1 0 1 1 1 1 0 0 0 1 1 1 0 0 0
0 1 0 1 1 1 1 1 0 1 0 0 0 0 1 1 0 0 1 0 0 0 1 1 1 0 0 0 1 1 1 0 1 0
0 0 0 1 1 1 1 1 0 1 1 0 0 0 1 0 0 0 0 0 0 0 0 1 1 1 0 0 1 1 1 0 1 0
0 0 1 1 1 1 0 1 0 1 1 1 0 0 1 1 0 1 1 1 0 0 0 1 1 1 0 1 1 0 0 0 0 0
0 0 1 1 1 1 1 1 0 1 1 0 0 0 0 1 1 1 1 1 0 0 0 1 1 1 0 1 1 1 1 0 0 0
0 1 1 1 1 1 1 1 1 1 0 0 0 0 0 1 1 1 1 0 0 0 0 0 0 0 0 0 0 0 1 0 0 0
1 0 1 1 1 1 0 1 1 0 0 0 1 1 1 1 1 1 0 0 0 0 0 0 0 1 0 1 1 0 0 0 1 0
1 1 1 1 1 1 0 1 0 0 1 1 1 1 1 1 1 0 0 0 0 1 1 0 0 0 0 0 1 0 0 0 0 0
1 0 0 0 0 0 1 0 0 0 1 0 1 1 1 1 0 0 0 0 1 1 0 0 0 0 1 0 1 0 1 0 0 0
0 1 0 0 0 0 0 0 0 1 1 0 0 1 1 0 0 0 0 0 1 0 0 0 1 1 1 0 0 1 0 0 0 0
0 0 0 0 0 0 0 0 0 0 0 0 0 0 0 0 0 0 0 1 1 0 0 1 1 1 1 0 0 0 0 0 0 0
0 1 0 1 1 1 1 0 1 1 1 1 0 0 1 1 1 0 0 1 1 1 0 1 1 1 1 0 0 0 0 0 0 0
0 0 0 1 1 0 1 1 1 1 1 1 1 1 0 0 0 0 0 0 0 0 1 0 0 0 1 0 0 0 1 1 1 0
0 0 0 0 1 1 0 0 0 1 1 0 0 0 0 0 0 0 0 1 0 1 1 1 0 0 0 0 0 1 1 0 1 0
0 1 0 0 1 0 0 0 0 0 0 0 0 0 0 0 1 1 0 0 0 1 1 1 1 1 0 0 0 1 0 1 1 0
1 0 0 0 0 0 0 0 0 0 0 1 1 1 1 1 1 0 0 0 0 1 1 1 1 1 0 0 0 0 0 1 1 0
1 0 0 0 0 0 1 0 1 0 0 1 0 1 1 0 0 0 0 0 1 1 1 1 0 0 1 0 1 0 0 0 0 0
0 0 0 1 1 0 1 1 1 0 0 1 1 1 1 0 0 0 0 0 0 1 0 0 0 0 0 1 0 0 1 1 1 0
0 1 0 0 0 0 1 0 1 1 0 1 1 1 1 0 0 1 0 0 0 0 0 0 1 1 1 1 0 0 0 0 0 50
0 1 1 0 0 0 0 0 0 0 1 0 1 0 0 0 1 1 1 1 0 0 0 0 0 1 1 1 1 0 1 0 1 0
0 0 0 0 0 0 0 0 0 0 0 0 0 0 0 0 0 0 0 0 0 0 0 0 0 0 0 0 0 0 0 0 0 0

# z = 30
0 0 1 1 0 0 0 0 0 0 1 1 0 0 0 0 0 0 0 0 0 0 0 0 0 0 0 0 1 0 1 0 0 0
0 1 1 1 0 0 1 0 1 1 0 1 0 0 0 0 0 0 0 1 1 1 1 1 1 1 0 0 0 0 0 0 0 0
0 0 1 1 0 0 0 1 1 1 0 1 0 0 0 0 0 0 0 0 1 1 1 1 1 1 1 1 1 0 1 0 0 0
1 1 1 1 1 0 0 1 1 0 0 0 0 0 1 1 1 0 0 0 1 1 1 1 1 1 1 1 1 0 0 1 1 0
1 1 0 0 1 1 0 1 1 0 0 1 0 1 0 0 0 0 0 0 0 1 1 1 0 1 1 1 1 1 0 1 1 0
1 1 0 1 0 0 0 1 0 0 1 1 1 0 0 0 0 0 0 0 0 0 1 0 0 0 0 0 0 1 0 1 1 0
1 1 0 0 1 1 0 0 0 0 1 1 1 0 0 0 0 0 0 0 0 0 1 0 1 1 0 0 0 0 1 1 1 0
1 1 0 1 1 1 1 1 0 0 1 1 0 0 0 0 0 0 0 1 0 1 1 1 1 1 0 0 0 0 1 0 1 0
1 0 0 0 1 1 1 1 1 0 1 0 0 0 1 1 1 0 1 1 1 1 1 1 1 0 0 0 0 0 1 1 1 0
0 0 0 0 1 1 1 1 1 0 0 0 0 1 1 1 1 0 1 1 1 0 1 0 0 0 0 0 0 0 0 0 0 0
0 0 0 0 1 1 1 1 1 0 0 0 1 1 1 1 1 0 1 1 1 0 0 0 1 0 0 0 0 0 0 0 0 0
1 0 0 0 1 1 1 0 1 0 0 1 1 1 1 1 0 0 0 1 0 0 1 1 0 0 1 1 0 0 0 0 0 0
0 1 0 0 0 1 1 0 0 0 0 0 0 1 1 1 0 1 1 1 0 0 0 1 0 0 0 0 1 0 0 1 1 0
0 0 0 1 1 0 1 1 0 0 0 0 1 1 1 1 0 0 1 1 0 0 1 1 0 0 0 0 1 1 0 0 0 0
0 0 0 1 1 1 1 1 1 0 1 0 1 1 1 1 0 0 1 0 0 1 1 1 1 1 1 0 0 0 0 0 0 0
0 0 0 1 1 1 1 1 1 1 1 1 0 1 0 1 0 0 0 0 0 0 0 1 1 1 1 0 0 0 0 0 1 0
0 0 1 1 0 1 1 1 1 1 1 1 0 0 0 0 0 0 0 0 0 0 0 1 1 1 1 0 1 1 1 0 0 0
0 0 1 1 1 1 0 1 0 0 0 1 0 0 1 1 1 1 1 1 1 0 0 1 1 1 1 0 1 1 1 1 0 0
0 1 1 1 1 1 1 1 1 1 0 1 0 1 0 0 1 1 1 1 0 0 0 0 0 0 0 0 0 0 0 0 0 0
0 0 1 1 1 1 1 0 1 0 0 0 0 0 0 1 0 1 0 1 0 0 1 0 0 0 0 1 0 0 0 0 0 0
0 0 0 0 1 1 1 1 0 1 0 0 0 1 0 0 0 0 0 0 0 0 1 0 0 1 0 1 0 0 0 0 0 0
1 0 0 0 1 1 0 1 0 0 1 1 0 0 0 0 1 0 0 0 0 0 0 0 0 0 0 0 1 1 1 0 0 0
0 1 0 0 0 0 0 1 0 0 1 1 0 0 0 1 1 1 1 1 1 0 0 0 0 1 1 0 1 1 1 0 0 0
0 0 1 0 1 0 1 0 0 1 0 0 0 0 1 1 0 1 1 1 1 0 1 0 1 1 1 0 1 1 0 0 0 0
0 0 0 0 0 1 1 0 0 1 1 1 0 0 1 0 0 0 1 1 0 1 1 1 1 1 1 0 0 1 0 0 0 0
1 0 0 1 0 1 0 1 0 1 1 1 1 0 0 0 0 0 0 0 0 0 1 0 0 0 0 0 0 0 0 0 1 0
0 1 0 1 1 0 0 0 0 0 1 1 0 0 1 0 0 0 0 0 0 0 0 1 1 0 0 0 0 0 0 1 1 0
0 1 1 1 0 0 0 0 0 0 0 1 0 0 0 0 0 0 0 1 0 1 1 1 1 0 0 0 0 0 1 1 1 0
1 1 1 0 0 0 0 0 0 0 0 0 0 0 0 0 0 0 0 1 0 0 1 1 0 0 0 0 1 0 0 0 0 0
1 0 0 0 0 0 1 1 1 0 0 1 1 1 0 0 0 1 1 1 1 1 1 1 1 0 0 0 0 1 1 1 0 0
1 0 0 0 0 1 0 0 1 0 1 1 1 1 0 0 1 1 1 1 1 0 1 0 0 1 1 1 1 0 0 1 0 -104
0 0 0 1 0 0 0 1 1 0 1 0 1 0 0 0 0 0 0 0 0 0 0 1 0 0 1 1 0 0 0 0 0 0
0 0 0 1 1 1 1 0 0 1 1 1 1 0 1 0 1 1 1 1 0 0 0 0 0 0 1 1 1 0 0 0 0 34
0 0 0 0 0 0 0 0 0 0 0 0 0 0 0 0 0 0 0 0 0 0 0 0 0 0 0 0 0 0 0 0 0 33

# z = 31
0 1 0 0 0 1 1 0 0 0 0 0 0 1 0 0 0 0 0 0 0 1 0 0 0 0 1 1 1 0 1 0 0 0
0 0 0 0 0 0 0 1 0 0 0 0 0 0 0 0 0 0 0 0 1 1 1 0 0 0 0 0 0 0 0 0 0 0
0 1 0 1 1 1 1 1 0 0 0 0 0 0 0 1 1 1 1 1 1 1 1 1 1 0 0 1 1 0 0 1 0 0
1 1 0 0 1 1 1 0 0 0 0 0 0 1 1 1 1 1 0 1 1 1 1 0 0 1 0 1 1 0 0 1 1 0
1 1 0 1 1 1 0 0 0 0 0 1 0 0 1 1 1 1 1 1 1 1 1 1 0 0 0 0 0 0 0 1 1 0
1 0 0 1 1 1 0 0 0 0 1 1 1 0 1 1 1 1 1 0 0 0 0 0 0 0 0 1 0 0 0 0 1 0
1 1 0 1 0 0 0 0 0 0 1 1 1 0 0 0 1 1 1 1 1 1 1 1 1 0 0 1 0 0 1 0 1 0
1 1 0 0 0 1 0 0 1 0 1 1 0 0 0 0 1 1 0 0 0 0 1 1 1 1 0 0 0 0 1 1 0 0
0 0 0 1 1 1 1 1 1 1 1 0 0 0 1 1 0 0 1 1 1 0 0 0 1 0 0 0 0 1 1 0 0 0
1 0 0 0 1 1 1 1 1 0 0 0 0 1 1 1 0 0 1 1 1 0 0 0 0 0 0 0 1 1 0 0 0 0
0 0 0 1 1 1 1 1 1 0 0 0 1 1 1 1 0 0 1 1 1 0 0 1 1 0 0 1 1 1 0 0 0 0
0 0 1 1 1 1 1 0 0 1 0 1 1 1 1 1 0 0 1 1 1 0 1 1 1 0 0 0 1 1 1 0 0 0
1 1 0 1 0 0 1 0 0 0 0 0 1 1 1 1 0 0 1 1 1 0 1 1 1 1 0 0 1 1 0 1 1 0
0 1 0 0 0 0 1 0 0 0 0 0 1 1 1 1 0 0 1 1 0 1 1 1 1 1 1 1 0 0 1 1 1 0
0 1 0 1 1 1 1 0 0 1 1 0 0 1 1 1 0 0 1 1 1 1 0 1 1 1 0 1 0 0 0 1 0 0
0 1 1 1 1 1 1 1 1 1 1 0 0 1 1 1 0 0 1 1 0 0 0 1 1 1 1 0 0 0 0 0 0 0
0 1 1 1 1 1 1 1 1 1 0 0 0 1 1 0 0 0 0 0 0 0 0 1 1 1 1 0 0 0 0 1 1 0
0 1 0 1 1 1 1 1 1 1 0 0 1 0 1 1 1 0 1 0 1 0 1 0 0 0 0 0 0 1 1 1 0 0
0 1 1 1 1 1 1 1 1 1 0 0 0 0 1 1 0 0 0 0 1 1 1 0 0 1 0 0 0 0 1 1 0 0
1 0 1 1 1 1 1 1 1 0 1 1 0 0 0 1 1 1 1 0 0 1 1 1 0 0 1 0 0 1 1 1 0 0
0 0 1 1 1 1 1 1 0 0 0 1 0 0 0 0 0 0 1 0 0 0 1 0 1 1 1 0 0 0 0 1 0 0
0 0 1 1 0 1 1 0 0 0 0 1 0 0 0 1 1 0 1 1 0 0 0 0 1 0 0 1 0 0 1 0 0 0
0 0 0 0 0 0 0 0 1 1 1 1 0 0 1 1 1 1 1 1 1 1 0 0 0 0 0 1 0 0 1 0 0 0
0 0 0 1 0 0 0 0 1 1 1 1 0 0 1 1 1 1 1 1 1 0 1 0 0 0 0 1 0 0 1 0 0 0
0 0 0 0 1 1 0 0 1 0 1 0 0 0 0 1 1 1 1 1 1 1 1 1 1 1 1 1 0 1 0 0 0 0
0 1 1 1 0 0 0 0 1 1 0 0 1 0 1 1 1 1 0 0 0 1 1 1 0 1 0 1 0 1 1 1 1 0
1 0 1 1 1 0 0 0 0 0 0 0 0 0 0 0 0 0 1 0 0 0 1 1 1 1 0 0 0 0 0 1 1 0
1 0 0 0 1 0 0 0 1 0 1 0 0 0 0 0 0 0 1 1 0 0 1 1 0 0 0 0 0 0 0 0 0 0
1 0 0 0 0 1 1 1 1 1 1 0 0 0 0 0 0 1 1 1 0 1 0 0 0 0 1 1 0 0 1 1 0 0
1 1 0 1 1 1 1 1 1 0 0 0 0 1 0 0 0 1 1 1 0 1 0 0 0 0 1 1 0 0 0 1 0 0
0 1 0 1 1 1 0 1 1 0 0 0 0 0 0 1 0 0 0 0 0 1 0 0 0 0 1 1 1 0 0 1 0 -1
1 1 0 1 0 0 0 0 1 0 0 0 0 0 1 1 1 0 0 0 0 0 0 0 0 1 1 0 0 0 0 0 0 0
1 0 0 0 0 1 1 1 0 1 1 0 0 1 1 1 1 0 0 0 1 0 1 0 0 0 0 0 1 1 0 0 0 0
0 0 0 0 0 0 0 0 0 0 0 0 0 0 0 0 0 0 0 0 0 0 0 0 0 0 0 0 0 0 0 0 0 0

# z = 32
0 0 0 0 0 1 0 0 0 0 0 0 0 1 1 1 0 0 0 0 0 0 0 1 0 1 0 1 1 0 0 0 1 0
0 0 0 0 1 0 1 1 0 0 0 0 1 0 0 0 1 0 0 1 1 1 1 1 0 0 0 0 0 1 0 0 0 0
0 0 1 1 1 0 0 0 0 0 0 0 0 0 0 1 1 1 1 1 1 1 1 1 0 0 1 0 1 1 0 1 1 0
1 0 0 1 1 1 0 1 1 1 1 0 0 0 1 1 1 1 1 1 0 1 1 1 1 1 1 1 0 1 1 0 1 0
1 0 0 1 1 1 1 1 0 1 1 1 1 0 1 1 1 1 1 1 1 1 1 0 0 1 0 1 1 0 1 0 1 0
0 0 1 1 1 1 0 0 0 0 1 0 1 0 1 1 1 1 1 1 1 0 0 0 1 0 1 0 0 0 0 1 1 0
0 0 0 0 0 0 0 0 0 0 1 1 1 1 0 1 1 1 1 1 1 0 1 1 1 1 0 0 0 0 0 0 1 0
0 0 1 0 0 1 0 0 0 0 0 1 1 1 0 1 1 1 0 1 1 0 1 1 1 1 0 0 0 0 0 0 0 0
0 0 1 1 1 0 1 0 0 0 1 0 1 1 0 1 1 0 1 0 0 0 0 0 1 1 1 1 0 1 1 1 0 0
0 1 1 1 1 0 0 0 0 0 0 0 1 0 1 1 0 0 1 1 1 0 0 0 1 1 1 0 0 0 1 0 0 0
0 1 1 1 1 1 1 0 0 0 0 0 0 1 1 0 0 1 1 1 1 0 0 0 0 0 1 0 1 1 1 0 0 0
1 1 1 1 1 1 0 0 0 0 0 0 0 1 1 0 0 0 0 1 1 0 0 1 1 0 0 0 1 1 1 0 0 0
0 0 0 0 0 0 0 1 0 0 0 1 0 0 0 0 0 0 1 1 0 0 0 1 1 0 0 1 1 1 1 1 1 0
1 0 1 0 0 0 0 0 0 0 0 0 0 0 1 1 0 0 1 1 1 0 0 0 1 0 0 0 1 1 1 1 0 0
0 1 1 1 0 1 0 0 0 0 0 0 0 0 1 1 0 0 1 1 1 0 0 0 1 1 1 1 0 1 0 0 0 0
0 1 1 1 1 1 1 1 1 1 0 0 0 0 0 0 0 0 1 0 0 0 0 0 1 1 1 0 0 1 1 0 1 0
0 1 0 1 1 1 1 1 1 0 0 0 0 0 1 0 0 0 1 0 0 0 0 0 0 1 0 0 1 0 1 1 0 0
1 1 0 1 1 1 1 1 1 1 0 0 0 0 0 0 0 0 0 1 1 0 1 0 0 0 0 0 1 1 1 0 0 0
0 1 1 1 1 1 1 1 1 0 0 0 1 0 1 1 0 0 0 1 0 1 1 1 0 0 0 0 1 0 0 0 0 0
0 0 1 1 1 1 1 1 0 0 0 0 0 0 0 1 1 0 0 0 1 1 1 0 0 0 0 0 1 1 0 0 0 0
0 0 1 1 1 1 1 0 1 0 0 0 0 0 0 0 0 1 0 0 0 0 0 0 1 0 1 0 1 0 0 0 0 0
1 1 0 1 0 1 0 0 0 0 0 0 0 1 0 1 1 1 1 1 0 0 0 0 0 0 0 0 0 0 0 1 0 0
1 1 0 0 1 1 1 0 0 0 0 1 1 0 1 1 1 1 1 1 0 0 0 0 0 1 0 0 0 0 1 0 0 0
1 1 0 0 1 0 0 1 0 0 1 1 1 0 1 1 0 1 1 1 0 0 0 0 1 1 0 0 0 1 1 0 0 0
0 0 1 1 1 1 0 0 1 1 1 1 1 0 1 1 0 1 1 0 0 0 0 0 1 0 1 1 0 1 0 0 0 0
0 0 1 1 0 1 1 0 1 1 1 0 0 1 1 1 0 0 1 0 0 0 0 1 1 0 1 0 1 1 0 0 1 0
1 0 1 0 0 0 0 0 0 1 1 1 0 0 0 1 0 0 0 0 0 0 0 1 0 0 1 0 1 0 0 0 0 0
0 0 0 0 0 0 0 1 0 0 0 0 0 0 0 0 0 1 1 1 0 0 0 0 0 0 0 0 0 0 1 1 0 0
0 0 0 0 0 1 1 1 0 0 1 1 1 0 1 1 1 1 1 1 0 0 1 0 0 0 1 0 0 0 1 1 1 0
0 1 0 0 0 1 1 1 1 1 0 0 1 0 0 1 0 1 1 0 0 0 1 0 0 1 0 1 1 0 0 0 1 1399519476
0 1 0 1 0 0 0 1 1 0 1 0 0 1 1 1 0 0 0 0 0 1 0 0 1 1 1 1 0 0 0 1 0 144
0 0 0 0 0 1 1 0 1 0 0 1 1 1 1 1 0 0 1 0 0 1 0 0 0 1 0 0 0 0 0 0 0 0
0 0 0 1 1 1 1 1 0 0 0 0 1 1 1 0 0 0 0 0 1 1 0 1 1 0 0 0 0 0 0 0 0 264
0 0 0 0 0 0 0 0 0 0 0 0 0 0 0 0 0 0 0 0 0 0 0 0 0 0 0 0 0 0 0 0 0 -915771084

# z = 33
0 0 0 0 0 0 0 0 0 0 0 0 0 0 0 0 0 0 0 0 0 0 0 0 0 0 0 0 0 0 0 0 0 0
0 0 0 0 0 0 0 0 0 0 0 0 0 0 0 0 0 0 0 0 0 0 0 0 0 0 0 0 0 0 0 0 0 0
0 0 0 0 0 0 0 0 0 0 0 0 0 0 0 0 0 0 0 0 0 0 0 0 0 0 0 0 0 0 0 0 0 0
0 0 0 0 0 0 0 0 0 0 0 0 0 0 0 0 0 0 0 0 0 0 0 0 0 0 0 0 0 0 0 0 0 0
0 0 0 0 0 0 0 0 0 0 0 0 0 0 0 0 0 0 0 0 0 0 0 0 0 0 0 0 0 0 0 0 0 0
0 0 0 0 0 0 0 0 0 0 0 0 0 0 0 0 0 0 0 0 0 0 0 0 0 0 0 0 0 0 0 0 0 0
0 0 0 0 0 0 0 0 0 0 0 0 0 0 0 0 0 0 0 0 0 0 0 0 0 0 0 0 0 0 0 0 0 0
0 0 0 0 0 0 0 0 0 0 0 0 0 0 0 0 0 0 0 0 0 0 0 0 0 0 0 0 0 0 0 0 0 0
0 0 0 0 0 0 0 0 0 0 0 0 0 0 0 0 0 0 0 0 0 0 0 0 0 0 0 0 0 0 0 0 0 0
0 0 0 0 0 0 0 0 0 0 0 0 0 0 0 0 0 0 0 0 0 0 0 0 0 0 0 0 0 0 0 0 0 0
0 0 0 0 0 0 0 0 0 0 0 0 0 0 0 0 0 0 0 0 0 0 0 0 0 0 0 0 0 0 0 0 0 0
0 0 0 0 0 0 0 0 0 0 0 0 0 0 0 0 0 0 0 0 0 0 0 0 0 0 0 0 0 0 0 0 0 0
0 0 0 0 0 0 0 0 0 0 0 0 0 0 0 0 0 0 0 0 0 0 0 0 0 0 0 0 0 0 0 0 0 0
0 0 0 0 0 0 0 0 0 0 0 0 0 0 0 0 0 0 0 0 0 0 0 0 0 0 0 0 0 0 0 0 0 0
0 0 0 0 0 0 0 0 0 0 0 0 0 0 0 0 0 0 0 0 0 0 0 0 0 0 0 0 0 0 0 0 0 0
0 0 0 0 0 0 0 0 0 0 0 0 0 0 0 0 0 0 0 0 0 0 0 0 0 0 0 0 0 0 0 0 0 0
0 0 0 0 0 0 0 0 0 0 0 0 0 0 0 0 0 0 0 0 0 0 0 0 0 0 0 0 0 0 0 0 0 0
0 0 0 0 0 0 0 0 0 0 0 0 0 0 0 0 0 0 0 0 0 0 0 0 0 0 0 0 0 0 0 0 0 0
0 0 0 0 0 0 0 0 0 0 0 0 0 0 0 0 0 0 0 0 0 0 0 0 0 0 0 0 0 0 0 0 0 0
0 0 0 0 0 0 0 0 0 0 0 0 0 0 0 0 0 0 0 0 0 0 0 0 0 0 0 0 0 0 0 0 0 0
0 0 0 0 0 0 0 0 0 0 0 0 0 0 0 0 0 0 0 0 0 0 0 0 0 0 0 0 0 0 0 0 0 0
0 0 0 0 0 0 0 0 0 0 0 0 0 0 0 0 0 0 0 0 0 0 0 0 0 0 0 0 0 0 0 0 0 0
0 0 0 0 0 0 0 0 0 0 0 0 0 0 0 0 0 0 0 0 0 0 0 0 0 0 0 0 0 0 0 0 0 0
0 0 0 0 0 0 0 0 0 0 0 0 0 0 0 0 0 0 0 0 0 0 0 0 0 0 0 0 0 0 0 0 0 0
0 0 0 0 0 0 0 0 0 0 0 0 0 0 0 0 0 0 0 0 0 0 0 0 0 0 0 0 0 0 0 0 0 0
0 0 0 0 0 0 0 0 0 0 0 0 0 0 0 0 0 0 0 0 0 0 0 0 0 0 0 0 0 0 0 0 0 0
0 0 0 0 0 0 0 0 0 0 0 0 0 0 0 0 0 0 0 0 0 0 0 0 0 0 0 0 0 0 0 0 0 0
0 0 0 0 0 0 0 0 0 0 0 0 0 0 0 0 0 0 0 0 0 0 0 0 0 0 0 0 0 0 0 0 0 0
0 0 0 0 0 0 0 0 0 0 0 0 0 0 0 0 0 0 0 0 0 0 0 0 0 0 0 0 0 0 0 0 0 0
0 0 0 0 0 0 0 0 0 0 0 0 0 0 0 0 0 0 0 0 0 0 0 0 0 0 0 0 0 0 0 0 0 32623
0 0 0 0 0 0 0 0 0 0 0 0 0 0 0 0 0 0 0 0 0 0 0 0 0 0 0 0 0 0 0 0 0 0
0 0 0 0 0 0 0 0 0 0 0 0 0 0 0 0 0 0 0 0 0 0 0 0 0 0 0 0 0 0 0 0 0 0
0 0 0 0 0 0 0 0 0 0 0 0 0 0 0 0 0 0 0 0 0 0 0 0 0 0 0 0 0 0 0 0 0 0
0 0 0 0 0 0 0 0 0 0 0 0 0 0 0 0 0 0 0 0 0 0 0 0 0 0 0 0 0 0 0 0 0 21932

