m  tie_count pf_tie pdf_tie   loop_count pf_loop pdf_loop  tail_count pf_tail pdf_tail   
1 0 0 0 0 0 0 1064 0.194658 0.0373845
2 0 0 0 0 0 0 1026 0.187706 0.0720987
3 597 0.0823108 0.0214983 705 0.105792 0.0310623 804 0.147091 0.0847475
4 592 0.0816214 0.0284243 658 0.0987395 0.0386553 595 0.108855 0.0836232
5 637 0.0878257 0.0382312 604 0.0906363 0.0443537 449 0.0821442 0.0788799
6 570 0.0785882 0.041052 499 0.07488 0.0439719 321 0.0587267 0.0676716
7 508 0.07004 0.0426845 502 0.0753301 0.0516089 228 0.0417124 0.0560767
8 471 0.0649386 0.0452292 479 0.0718788 0.0562793 170 0.0311014 0.0477847
9 412 0.0568041 0.044509 373 0.0559724 0.0493031 122 0.0223198 0.0385791
10 396 0.0545981 0.0475339 405 0.0607743 0.059481 101 0.0184779 0.0354872
11 340 0.0468772 0.0448931 334 0.05012 0.0539588 80 0.0146359 0.0309195
12 312 0.0430167 0.0449411 291 0.0436675 0.0512858 78 0.01427 0.0328871
13 256 0.0352957 0.0399477 261 0.0391657 0.0498318 43 0.00786681 0.0196409
14 268 0.0369502 0.0450372 218 0.0327131 0.0448237 45 0.00823271 0.0221356
15 200 0.0275748 0.0360105 182 0.0273109 0.0400946 40 0.00731797 0.0210815
16 178 0.0245416 0.034186 172 0.0258103 0.0404177 39 0.00713502 0.0219247
17 194 0.0267476 0.0395876 117 0.017557 0.0292118 29 0.00530553 0.0173219
18 140 0.0193024 0.0302488 106 0.0159064 0.0280221 35 0.00640322 0.0221356
19 145 0.0199917 0.0330697 111 0.0166567 0.0309742 20 0.00365898 0.0133516
20 122 0.0168206 0.0292886 85 0.0127551 0.0249673 25 0.00457373 0.0175679
21 110 0.0151661 0.0277281 70 0.0105042 0.0215894 15 0.00274424 0.0110678
22 90 0.0124087 0.0237669 66 0.00990396 0.021325 9 0.00164654 0.00695689
23 73 0.0100648 0.0201539 51 0.00765306 0.0172275 9 0.00164654 0.00727311
24 59 0.00813457 0.016997 52 0.00780312 0.018329 14 0.00256129 0.0118056
25 70 0.00965118 0.0210061 43 0.00645258 0.0157882 7 0.00128064 0.00614876
26 67 0.00923756 0.0209101 33 0.00495198 0.0126012 6 0.00109769 0.00548118
27 59 0.00813457 0.0191216 37 0.00555222 0.014672 9 0.00164654 0.008538
28 40 0.00551496 0.0134439 19 0.00285114 0.0078133 6 0.00109769 0.00590281
29 44 0.00606646 0.0153165 30 0.0045018 0.0127774 5 0.000914746 0.00509469
30 38 0.00523921 0.013684 18 0.00270108 0.0079308 3 0.000548847 0.00316222
31 35 0.00482559 0.0130238 16 0.00240096 0.00728458 3 0.000548847 0.00326763
32 21 0.00289535 0.00806636 9 0.00135054 0.00422976 3 0.000548847 0.00337304
33 23 0.0031711 0.00911066 17 0.00255102 0.00823922 4 0.000731797 0.00463793
34 24 0.00330898 0.00979486 8 0.00120048 0.00399477 3 0.000548847 0.00358385
35 27 0.0037226 0.0113433 12 0.00180072 0.0061684 5 0.000914746 0.00614876
36 13 0.00179236 0.00561764 8 0.00120048 0.00422976 5 0.000914746 0.00632444
37 15 0.00206811 0.00666195 7 0.00105042 0.00380384 2 0.000365898 0.00260005
38 16 0.00220598 0.00729813 7 0.00105042 0.00390665 3 0.000548847 0.00400548
39 9 0.00124087 0.00421323 6 0.00090036 0.00343668 2 0.000365898 0.00274059
40 4 0.000551496 0.00192056 9 0.00135054 0.0052872 4 0.000731797 0.00562173
41 9 0.00124087 0.00442929 5 0.0007503 0.00301077 3 0.000548847 0.0043217
42 7 0.000965118 0.00352903 9 0.00135054 0.00555156 3 0.000548847 0.00442711
43 10 0.00137874 0.00516151 3 0.00045018 0.00189458 2 0.000365898 0.00302168
44 4 0.000551496 0.00211262 2 0.00030012 0.00129243 4 0.000731797 0.0061839
45 7 0.000965118 0.0037811 2 0.00030012 0.0013218 1 0.000182949 0.00158111
46 6 0.000827244 0.00331297 4 0.00060024 0.00270235 2 0.000365898 0.00323249
47 7 0.000965118 0.00394915 2 0.00030012 0.00138055 1 0.000182949 0.00165138
48 3 0.000413622 0.0017285 3 0.00045018 0.00211488 2 0.000365898 0.00337304
49 3 0.000413622 0.00176452 0 0 0 2 0.000365898 0.00344331
50 3 0.000413622 0.00180053 2 0.00030012 0.00146867 0 0 0
51 2 0.000275748 0.00122436 0 0 0 1 0.000182949 0.00179193
52 3 0.000413622 0.00187255 3 0.00045018 0.00229112 2 0.000365898 0.00365412
53 2 0.000275748 0.00127237 1 0.00015006 0.000778393 1 0.000182949 0.0018622
54 2 0.000275748 0.00129638 0 0 0 2 0.000365898 0.00379467
55 1 0.000137874 0.000660193 2 0.00030012 0.00161553 0 0 0
56 1 0.000137874 0.000672196 1 0.00015006 0.000822453 1 0.000182949 0.0019676
57 1 0.000137874 0.0006842 1 0.00015006 0.00083714 2 0.000365898 0.00400548
58 1 0.000137874 0.000696203 0 0 0 0 0 0
59 1 0.000137874 0.000708207 0 0 0 0 0 0
60 1 0.000137874 0.00072021 1 0.00015006 0.0008812 1 0.000182949 0.00210815
61 0 0 0 0 0 0 0 0 0
62 1 0.000137874 0.000744217 1 0.00015006 0.000910573 0 0 0
63 1 0.000137874 0.000756221 0 0 0 0 0 0
64 0 0 0 1 0.00015006 0.000939946 0 0 0
65 0 0 0 0 0 0 0 0 0
66 0 0 0 0 0 0 0 0 0
67 1 0.000137874 0.000804235 0 0 0 0 0 0
68 0 0 0 0 0 0 0 0 0
69 0 0 0 0 0 0 0 0 0
70 0 0 0 0 0 0 0 0 0
71 0 0 0 0 0 0 0 0 0
72 1 0.000137874 0.000864252 0 0 0 2 0.000365898 0.00505956
73 0 0 0 0 0 0 0 0 0
74 0 0 0 0 0 0 0 0 0
75 0 0 0 0 0 0 0 0 0
76 0 0 0 0 0 0 0 0 0
77 0 0 0 0 0 0 0 0 0
78 0 0 0 0 0 0 0 0 0
79 0 0 0 0 0 0 0 0 0
80 0 0 0 0 0 0 0 0 0
81 0 0 0 0 0 0 0 0 0
82 0 0 0 0 0 0 0 0 0
83 0 0 0 0 0 0 0 0 0
84 0 0 0 0 0 0 0 0 0
85 0 0 0 1 0.00015006 0.00124837 1 0.000182949 0.00298654
86 0 0 0 0 0 0 1 0.000182949 0.00302168
87 0 0 0 0 0 0 0 0 0
88 0 0 0 0 0 0 0 0 0
89 0 0 0 0 0 0 0 0 0
90 0 0 0 0 0 0 0 0 0
91 0 0 0 0 0 0 0 0 0
92 0 0 0 0 0 0 0 0 0
93 0 0 0 0 0 0 0 0 0
94 0 0 0 0 0 0 0 0 0
95 0 0 0 0 0 0 0 0 0
96 0 0 0 0 0 0 0 0 0
97 0 0 0 0 0 0 0 0 0
98 0 0 0 0 0 0 0 0 0
99 0 0 0 0 0 0 1 0.000182949 0.00347844
 f_tail= 0.0399285 f_loop=0.0955233 f_tie= 0.116876 f_tie+f_loop+f_tail= 0.252327 f_amorph= 0.281597 Ave_tie=11.4872 Ave_loop=10.2174 Ave_tail=5.20692
