m  count[m]  count[m]*1.0/Nbond  nematic_count[m]  fraction_ nematic_cell[m] 
0 1504  0.00210999  0  0
1 713  0.00100028  0  0
2 815  0.00114338  592  0.72638
3 1020  0.00143098  589  0.577451
4 1356  0.00190236  777  0.573009
5 1515  0.00212542  801  0.528713
6 1481  0.00207772  701  0.473329
7 1599  0.00224327  683  0.427142
8 1775  0.00249018  793  0.446761
9 1792  0.00251403  824  0.459821
10 1855  0.00260241  788  0.424798
11 1873  0.00262767  795  0.424453
12 1906  0.00267396  823  0.431794
13 1900  0.00266554  811  0.426842
14 1882  0.00264029  793  0.42136
15 1752  0.00245791  713  0.406963
16 1780  0.00249719  770  0.432584
17 1746  0.00244949  748  0.428408
18 1684  0.00236251  720  0.427553
19 1388  0.00194725  616  0.443804
20 1166  0.0016358  578  0.495712
21 863  0.00121072  487  0.564311
22 585  0.000820707  337  0.576068
23 363  0.000509259  206  0.567493
24 217  0.000304433  104  0.479263
25 127  0.000178171  61  0.480315
26 96  0.00013468  44  0.458333
27 99  0.000138889  28  0.282828
28 85  0.000119248  28  0.329412
29 89  0.00012486  22  0.247191
30 67  9.39955e-05  18  0.268657
31 96  0.00013468  31  0.322917
32 75  0.000105219  16  0.213333
33 73  0.000102413  22  0.30137
34 48  6.73401e-05  17  0.354167
35 49  6.8743e-05  19  0.387755
36 58  8.13692e-05  16  0.275862
37 44  6.17284e-05  17  0.386364
38 39  5.47138e-05  18  0.461538
39 42  5.89226e-05  14  0.333333
40 42  5.89226e-05  18  0.428571
41 36  5.05051e-05  16  0.444444
42 30  4.20875e-05  8  0.266667
43 15  2.10438e-05  4  0.266667
44 18  2.52525e-05  6  0.333333
45 26  3.64759e-05  10  0.384615
46 16  2.24467e-05  4  0.25
47 25  3.5073e-05  12  0.48
48 13  1.82379e-05  5  0.384615
49 10  1.40292e-05  4  0.4
50 16  2.24467e-05  4  0.25
51 12  1.6835e-05  8  0.666667
52 10  1.40292e-05  4  0.4
53 4  5.61167e-06  0  0
54 4  5.61167e-06  2  0.5
55 1  1.40292e-06  1  1
56 5  7.01459e-06  2  0.4
57 1  1.40292e-06  0  0
58 2  2.80584e-06  1  0.5
59 2  2.80584e-06  1  0.5
60 1  1.40292e-06  1  1
61 1  1.40292e-06  0  0
62 2  2.80584e-06  0  0
63 1  1.40292e-06  0  0
65 3  4.20875e-06  0  0
66 4  5.61167e-06  2  0.5
67 2  2.80584e-06  0  0
68 1  1.40292e-06  0  0
69 2  2.80584e-06  1  0.5
70 1  1.40292e-06  0  0
71 1  1.40292e-06  0  0
73 2  2.80584e-06  0  0
75 2  2.80584e-06  0  0
77 1  1.40292e-06  0  0
78 1  1.40292e-06  0  0
79 1  1.40292e-06  0  0
82 1  1.40292e-06  0  0
83 1  1.40292e-06  0  0
84 1  1.40292e-06  0  0
104 1  1.40292e-06  0  0
111 1  1.40292e-06  0  0
131 1  1.40292e-06  0  0
 total number of grid elements is:35937
 total number of bonds from sumcount is:439568
 total number of nematic grid elements is:15534
 total number of bonds in the nematic grid elements is:194302
 degree of crystallinity is:0.432256
