theta count1[theta]pdf1[theta]count2[theta]pdf2[theta]count3[theta]pdf3[theta]
0  5 0.012875 2 0.00514999 2 0.00514999
0.025  23 0.0592249 7 0.018025 10 0.02575
0.05  23 0.0592249 7 0.018025 13 0.033475
0.075  62 0.15965 9 0.023175 25 0.0643749
0.1  57 0.146775 13 0.033475 42 0.10815
0.125  40 0.103 16 0.0411999 49 0.126175
0.15  40 0.103 26 0.0669499 63 0.162225
0.175  37 0.0952749 39 0.100425 58 0.14935
0.2  37 0.0952749 49 0.126175 78 0.20085
0.225  62 0.15965 50 0.12875 84 0.2163
0.25  73 0.187975 78 0.20085 88 0.2266
0.275  115 0.296125 77 0.198275 101 0.260075
0.3  140 0.3605 104 0.2678 110 0.28325
0.325  136 0.3502 138 0.35535 99 0.254925
0.35  179 0.460924 168 0.432599 122 0.31415
0.375  181 0.466074 175 0.450624 129 0.332175
0.4  225 0.579374 157 0.404274 123 0.316725
0.425  195 0.502124 194 0.499549 135 0.347625
0.45  162 0.417149 202 0.520149 175 0.450624
0.475  179 0.460924 206 0.530449 172 0.442899
0.5  199 0.512424 200 0.514999 185 0.476374
0.525  172 0.442899 212 0.545899 167 0.430024
0.55  198 0.509849 199 0.512424 170 0.437749
0.575  180 0.463499 204 0.525299 168 0.432599
0.6  225 0.579374 196 0.504699 182 0.468649
0.625  220 0.566499 248 0.638599 202 0.520149
0.65  232 0.597399 232 0.597399 214 0.551049
0.675  264 0.679799 256 0.659199 226 0.581949
0.7  271 0.697824 284 0.731299 259 0.666924
0.725  307 0.790524 306 0.787949 262 0.674649
0.75  287 0.739024 331 0.852324 310 0.798249
0.775  290 0.746749 334 0.860049 267 0.687524
0.8  296 0.762199 342 0.880649 325 0.836874
0.825  276 0.710699 382 0.983649 329 0.847174
0.85  281 0.723574 386 0.993949 331 0.852324
0.875  302 0.777649 379 0.975924 349 0.898674
0.9  308 0.793099 395 1.01712 374 0.963049
0.925  299 0.769924 398 1.02485 393 1.01197
0.95  334 0.860049 385 0.991374 335 0.862624
0.975  312 0.803399 377 0.970774 309 0.795674
1  311 0.800824 361 0.929574 315 0.811124
1.025  376 0.968199 323 0.831724 327 0.842024
1.05  320 0.823999 315 0.811124 343 0.883224
1.075  342 0.880649 307 0.790524 344 0.885799
1.1  378 0.973349 306 0.787949 318 0.818849
1.125  379 0.975924 317 0.816274 344 0.885799
1.15  381 0.981074 343 0.883224 335 0.862624
1.175  372 0.957899 354 0.911549 388 0.999099
1.2  425 1.09437 397 1.02227 384 0.988799
1.225  386 0.993949 380 0.978499 427 1.09952
1.25  435 1.12012 395 1.01712 386 0.993949
1.275  384 0.988799 412 1.0609 393 1.01197
1.3  435 1.12012 390 1.00425 433 1.11497
1.325  385 0.991374 331 0.852324 418 1.07635
1.35  411 1.05832 315 0.811124 416 1.0712
1.375  372 0.957899 314 0.808549 405 1.04287
1.4  353 0.908974 323 0.831724 386 0.993949
1.425  357 0.919274 318 0.818849 412 1.0609
1.45  313 0.805974 345 0.888374 391 1.00682
1.475  299 0.769924 337 0.867774 369 0.950174
1.5  317 0.816274 331 0.852324 346 0.890949
1.525  324 0.834299 281 0.723574 337 0.867774
1.55  255 0.656624 276 0.710699 282 0.726149
1.575  0 0 0 0 0 0
