m  countseg_amorph  countseg_crys  countseg_tie  pdfseg_amorph[m]  pdfseg_crys  pdfseg_tie
1 2506 1665 0.10687  0.0754008  0
2 2335 1435 0.0995778  0.0649851  0
3 2091 1340 0.0891722  0.0606829  0.0753741
4 1911 1531 0.081496  0.0693325  0.0767347
5 1835 1563 0.0782549  0.0707816  0.0850794
6 1518 985 0.0647362  0.0446065  0.0758277
7 1342 806 0.0572306  0.0365003  0.0746485
8 1186 803 0.0505778  0.0363645  0.0714739
9 980 985 0.0417928  0.0446065  0.0587755
10 979 934 0.0417502  0.0422969  0.0605896
11 826 722 0.0352254  0.0326963  0.0522449
12 763 746 0.0325387  0.0337832  0.0445351
13 619 912 0.0263977  0.0413006  0.040907
14 577 987 0.0246066  0.044697  0.0363719
15 469 764 0.0200009  0.0345983  0.0292063
16 435 620 0.0185509  0.0280772  0.0262132
17 370 760 0.0157789  0.0344172  0.0236735
18 308 731 0.0131349  0.0331039  0.0182313
19 317 604 0.0135187  0.0273526  0.0198639
20 259 503 0.0110452  0.0227787  0.0159637
21 213 397 0.00908354  0.0179784  0.0133333
22 184 329 0.00784682  0.014899  0.0120635
23 154 295 0.00656744  0.0133593  0.00970522
24 138 194 0.00588511  0.00878544  0.009161
25 139 177 0.00592776  0.00801558  0.0093424
26 114 165 0.00486161  0.00747215  0.00780045
27 116 154 0.00494691  0.00697401  0.00716553
28 80 97 0.00341166  0.00439272  0.00444444
29 86 76 0.00366753  0.00344172  0.00544218
30 69 69 0.00294256  0.00312472  0.00417234
31 59 64 0.0025161  0.00289829  0.00444444
32 41 59 0.00174848  0.00267186  0.00244898
33 47 64 0.00200435  0.00289829  0.00290249
34 40 56 0.00170583  0.002536  0.00253968
35 44 58 0.00187641  0.00262657  0.00272109
36 30 51 0.00127937  0.00230957  0.00172336
37 28 56 0.00119408  0.002536  0.00181406
38 30 53 0.00127937  0.00240014  0.00163265
39 19 44 0.000810269  0.00199257  0.000907029
40 20 42 0.000852915  0.001902  0.000907029
41 21 56 0.000895561  0.002536  0.00126984
42 22 49 0.000938206  0.002219  0.00136054
43 15 54 0.000639686  0.00244543  0.000997732
44 12 57 0.000511749  0.00258129  0.000544218
45 12 45 0.000511749  0.00203786  0.000634921
46 13 39 0.000554395  0.00176614  0.000816327
47 10 52 0.000426457  0.00235486  0.000725624
48 8 39 0.000341166  0.00176614  0.000544218
49 6 35 0.000255874  0.001585  0.000181406
50 5 40 0.000213229  0.00181143  0.000362812
51 5 36 0.000213229  0.00163029  0.000181406
52 6 21 0.000255874  0.000951001  0.000362812
53 5 32 0.000213229  0.00144914  0.000272109
54 4 23 0.000170583  0.00104157  0.000181406
55 4 30 0.000170583  0.00135857  0.000272109
56 2 18 8.52915e-05  0.000815144  9.07029e-05
57 5 30 0.000213229  0.00135857  0.000181406
58 1 29 4.26457e-05  0.00131329  9.07029e-05
59 1 27 4.26457e-05  0.00122272  0
60 3 37 0.000127937  0.00167557  9.07029e-05
61 0 23 0  0.00104157  0
62 3 28 0.000127937  0.001268  0.000181406
63 1 27 4.26457e-05  0.00122272  9.07029e-05
64 1 20 4.26457e-05  0.000905715  9.07029e-05
65 0 19 0  0.000860429  0
66 1 23 4.26457e-05  0.00104157  0
67 1 20 4.26457e-05  0.000905715  9.07029e-05
68 0 15 0  0.000679286  0
69 0 16 0  0.000724572  0
70 0 17 0  0.000769858  0
71 0 18 0  0.000815144  0
72 2 17 8.52915e-05  0.000769858  0
73 0 12 0  0.000543429  0
74 0 21 0  0.000951001  0
75 0 19 0  0.000860429  0
76 0 11 0  0.000498143  0
77 0 14 0  0.000634001  0
78 0 10 0  0.000452858  0
79 0 13 0  0.000588715  0
80 0 15 0  0.000679286  0
81 0 6 0  0.000271715  0
82 0 16 0  0.000724572  0
83 0 6 0  0.000271715  0
84 0 7 0  0.000317  0
85 1 9 4.26457e-05  0.000407572  0
86 1 6 4.26457e-05  0.000271715  0
87 0 11 0  0.000498143  0
88 0 8 0  0.000362286  0
89 0 2 0  9.05715e-05  0
90 0 5 0  0.000226429  0
91 0 7 0  0.000317  0
92 0 13 0  0.000588715  0
93 0 13 0  0.000588715  0
94 0 18 0  0.000815144  0
95 0 11 0  0.000498143  0
96 0 24 0  0.00108686  0
97 0 19 0  0.000860429  0
98 0 24 0  0.00108686  0
99 1 1974 4.26457e-05  0.0893941  0
the  average length of crystalline segments is=22.9845 of  amorphous segments is =8.55994
the length weighted  average length of crystalline segments is=56.2885 of  amorphous segments is =15.8709
