theta count1[theta]pdf1[theta]count2[theta]pdf2[theta]count3[theta]pdf3[theta]
0  2 0.00484262 25 0.0605327 2 0.00484262
0.025  6 0.0145278 66 0.159806 9 0.0217918
0.05  23 0.0556901 74 0.179177 8 0.0193705
0.075  30 0.0726392 46 0.11138 12 0.0290557
0.1  30 0.0726392 41 0.0992736 34 0.0823245
0.125  32 0.0774818 33 0.0799031 37 0.0895884
0.15  39 0.094431 17 0.0411622 45 0.108959
0.175  75 0.181598 54 0.130751 51 0.123487
0.2  90 0.217918 57 0.138015 48 0.116223
0.225  117 0.283293 101 0.244552 59 0.142857
0.25  128 0.309927 122 0.2954 75 0.181598
0.275  176 0.42615 164 0.397094 109 0.263923
0.3  182 0.440678 206 0.498789 141 0.341404
0.325  187 0.452785 177 0.428571 129 0.312349
0.35  180 0.435835 171 0.414044 162 0.392252
0.375  216 0.523002 134 0.324455 208 0.503632
0.4  212 0.513317 152 0.368039 243 0.588378
0.425  170 0.411622 174 0.421308 214 0.51816
0.45  184 0.445521 156 0.377724 229 0.554479
0.475  155 0.375303 125 0.302663 197 0.476998
0.5  196 0.474576 142 0.343826 180 0.435835
0.525  161 0.389831 162 0.392252 146 0.353511
0.55  180 0.435835 158 0.382567 184 0.445521
0.575  204 0.493947 190 0.460048 184 0.445521
0.6  229 0.554479 213 0.515738 155 0.375303
0.625  249 0.602906 250 0.605327 174 0.421308
0.65  263 0.636804 274 0.663438 148 0.358354
0.675  256 0.619855 304 0.736077 158 0.382567
0.7  294 0.711864 313 0.757869 152 0.368039
0.725  326 0.789346 355 0.859564 150 0.363196
0.75  313 0.757869 350 0.847458 164 0.397094
0.775  338 0.818402 392 0.949153 213 0.515738
0.8  284 0.687651 339 0.820823 225 0.544794
0.825  304 0.736077 316 0.765133 241 0.583535
0.85  314 0.760291 323 0.782082 315 0.762712
0.875  282 0.682809 329 0.79661 369 0.893462
0.9  297 0.719128 303 0.733656 387 0.937046
0.925  365 0.883777 281 0.680387 471 1.14044
0.95  353 0.854722 290 0.702179 494 1.19613
0.975  377 0.912833 307 0.743341 490 1.18644
1  400 0.968523 348 0.842615 474 1.1477
1.025  419 1.01453 335 0.811138 500 1.21065
1.05  473 1.14528 354 0.857143 510 1.23487
1.075  455 1.10169 356 0.861985 461 1.11622
1.1  477 1.15496 363 0.878935 469 1.13559
1.125  493 1.1937 399 0.966102 464 1.12349
1.15  410 0.992736 371 0.898305 458 1.10896
1.175  350 0.847458 383 0.927361 534 1.29298
1.2  348 0.842615 336 0.813559 508 1.23002
1.225  323 0.782082 356 0.861985 458 1.10896
1.25  395 0.956416 325 0.786925 493 1.1937
1.275  381 0.922518 364 0.881356 455 1.10169
1.3  361 0.874092 362 0.876513 434 1.05085
1.325  375 0.90799 310 0.750605 371 0.898305
1.35  324 0.784504 354 0.857143 363 0.878935
1.375  292 0.707022 385 0.932203 299 0.723971
1.4  288 0.697337 422 1.02179 297 0.719128
1.425  282 0.682809 416 1.00726 278 0.673123
1.45  300 0.726392 444 1.07506 289 0.699758
1.475  340 0.823245 462 1.11864 331 0.801453
1.5  393 0.951574 511 1.23729 358 0.866828
1.525  455 1.10169 468 1.13317 361 0.874092
1.55  367 0.88862 410 0.992736 343 0.830508
1.575  0 0 0 0 0 0
