3 56
19120 19123 20648 20651 25297 25300 41497 41500 44197 44200 52423 52426 58797 58800 65897 65900 66717 66720 69122 69125 70296 70299 79497 79500 102197 102200 104620 104623 104628 104631 108077 108080 119851 119854 127897 127900 147105 147108 151397 151400 153587 153590 153595 153598 178053 178056 178403 178406 179897 179900 195574 195577 202994 202997 234076 234079 248148 248151 255853 255856 262597 262600 266504 266507 268897 268900 282703 282706 283679 283682 285197 285200 289347 289350 291297 291300 301397 301400 311722 311725 319897 319900 320220 320223 321247 321250 327051 327054 333727 333730 334650 334653 339620 339623 349750 349753 360697 360700 362323 362326 371850 371853 372997 373000 381547 381550 384809 384812 385575 385578 391883 391886 
4 61
1950 1954 19046 19050 22947 22951 32204 32208 35578 35582 50210 50214 60809 60813 61583 61587 63173 63177 63196 63200 81521 81525 81570 81574 85196 85200 89245 89249 91022 91026 100050 100054 106596 106600 112196 112200 112203 112207 175852 175856 178467 178471 199677 199681 234151 234155 242951 242955 248196 248200 254104 254108 259647 259651 268547 268551 273396 273400 276950 276954 277408 277412 279851 279855 285460 285464 287808 287812 288150 288154 289646 289650 297936 297940 303047 303051 309834 309838 312896 312900 318646 318650 319446 319450 324996 325000 327058 327062 331335 331339 339626 339630 343746 343750 349381 349385 353771 353775 357769 357773 360650 360654 363915 363919 372542 372546 375159 375163 375496 375500 388250 388254 391889 391893 396450 396454 397296 397300 398846 398850 399451 399455 
5 63
1975 1980 1995 2000 14095 14100 16695 16700 25290 25295 26460 26465 38303 38308 44188 44193 45550 45555 47431 47436 58461 58466 60450 60455 61968 61973 69046 69051 78051 78056 98750 98755 106550 106555 108451 108456 112212 112217 133660 133665 136545 136550 153550 153555 154895 154900 162243 162248 176651 176656 180095 180100 184686 184691 194550 194555 203778 203783 204408 204413 212224 212229 215050 215055 252410 252415 262550 262555 270054 270059 285583 285588 288928 288933 293446 293451 295546 295551 297945 297950 300245 300250 306446 306451 308073 308078 308495 308500 322513 322518 330346 330351 331151 331156 331159 331164 334592 334597 334763 334768 334793 334798 341295 341300 347695 347700 351105 351110 353795 353800 356625 356630 359863 359868 362372 362377 375595 375600 378845 378850 385582 385587 385912 385917 387295 387300 
6 55
2445 2451 20551 20557 25175 25181 51250 51256 97180 97186 97294 97300 97464 97470 102351 102357 102359 102365 121714 121720 125094 125100 139089 139095 156550 156556 162394 162400 176555 176561 201794 201800 203094 203100 213917 213923 213944 213950 230844 230850 235186 235192 235194 235200 252418 252424 254918 254924 258494 258500 260344 260350 260979 260985 263594 263600 265364 265370 266603 266609 272539 272545 275146 275152 275894 275900 276973 276979 276982 276988 278445 278451 280950 280956 285488 285494 294145 294151 299751 299757 311744 311750 328845 328851 338794 338800 345550 345556 359872 359878 369117 369123 370151 370157 371680 371686 371858 371864 374250 374256 376078 376084 382851 382857 383618 383624 385903 385909 398524 398530 
7 56
3350 3357 5683 5690 8793 8800 26451 26458 26593 26600 43151 43158 58452 58459 69964 69971 78061 78068 85051 85058 89951 89958 95591 95598 111541 111548 120265 120272 132950 132957 142103 142110 144944 144951 162162 162169 164368 164375 164380 164387 171879 171886 174808 174815 195243 195250 196250 196257 197250 197257 221307 221314 227986 227993 232344 232351 235175 235182 238629 238636 238638 238645 241762 241769 275593 275600 277441 277448 278221 278228 278793 278800 289743 289750 295243 295250 301793 301800 307944 307951 308091 308098 308474 308481 308483 308490 308690 308697 320871 320878 332941 332948 364579 364586 365051 365058 366750 366757 368593 368600 370651 370658 374413 374420 378458 378465 385023 385030 385050 385057 389621 389628 
8 52
8451 8459 19128 19136 47412 47420 63364 63372 85547 85555 95502 95510 95707 95715 101112 101120 105651 105659 105692 105700 111530 111538 118851 118859 133650 133658 162092 162100 169859 169867 169992 170000 177492 177500 180169 180177 182892 182900 185051 185059 197262 197270 200243 200251 226950 226958 235151 235159 241824 241832 258692 258700 266524 266532 268240 268248 274250 274258 276958 276966 285040 285048 285450 285458 287350 287358 287814 287822 289333 289341 289731 289739 300819 300827 311092 311100 327092 327100 327442 327450 331167 331175 334342 334350 339050 339058 349757 349765 353758 353766 357754 357762 366230 366238 380050 380058 380343 380351 387051 387059 387282 387290 397286 397294 
9 32
1983 1992 6591 6600 13191 13200 24805 24814 69951 69960 95742 95751 100236 100245 168785 168794 174291 174300 176659 176668 178491 178500 183491 183500 187055 187064 226451 226460 226491 226500 231191 231200 232938 232947 238591 238600 247242 247251 248742 248751 281191 281200 289204 289213 309050 309059 320250 320259 324421 324430 326142 326151 337883 337892 349091 349100 360659 360668 375550 375559 378720 378729 385591 385600 
10 36
8490 8500 18690 18700 61590 61600 99641 99651 101122 101132 137940 137950 151383 151393 155340 155350 172141 172151 185062 185072 191251 191261 216890 216900 236941 236951 237351 237361 237363 237373 244154 244164 245550 245560 245590 245600 248730 248740 256550 256560 276051 276061 285590 285600 289041 289051 289215 289225 300090 300100 309531 309541 333714 333724 340951 340961 350185 350195 351113 351123 362207 362217 366240 366250 381405 381415 383605 383615 384673 384683 386406 386416 
11 43
7635 7646 13151 13162 15050 15061 19105 19116 35051 35062 50250 50261 52407 52418 59850 59861 60459 60470 63350 63361 83489 83500 87639 87650 101789 101800 136532 136543 160250 160261 164389 164400 177889 177900 179604 179615 202955 202966 211050 211061 226960 226971 226975 226986 256689 256700 256755 256766 258128 258139 265372 265383 267840 267851 272524 272535 276751 276762 300509 300520 318850 318861 332867 332878 334750 334761 335071 335082 341250 341261 349651 349662 354003 354014 368503 368514 368889 368900 373340 373351 382339 382350 392950 392961 393440 393451 
12 37
19139 19151 30951 30963 43939 43951 48751 48763 58339 58351 68788 68800 97188 97200 97450 97462 111051 111063 120251 120263 155650 155662 158451 158463 166238 166250 171888 171900 183451 183463 185528 185540 187188 187200 202151 202163 226988 227000 268850 268862 275129 275141 276250 276262 284819 284831 288550 288562 295005 295017 300526 300538 301779 301791 306431 306443 306639 306651 311280 311292 339634 339646 359539 359551 361888 361900 376088 376100 386508 386520 397820 397832 398581 398593 
13 28
42105 42118 55337 55350 58468 58481 63181 63194 70437 70450 80353 80366 88633 88646 97537 97550 108458 108471 132987 133000 196850 196863 203787 203800 213927 213940 227051 227064 250238 250251 262559 262572 267036 267049 278537 278550 282338 282351 285550 285563 300075 300088 306835 306848 311727 311740 349387 349400 371950 371963 373230 373243 379887 379900 389038 389051 
14 38
1958 1972 26577 26591 50050 50064 87621 87635 93537 93551 99623 99637 138334 138348 170377 170391 180186 180200 185512 185526 209861 209875 217234 217248 234054 234068 234157 234171 243250 243264 248153 248167 255053 255067 261950 261964 266886 266900 284337 284351 285086 285100 285565 285579 288936 288950 289083 289097 295019 295033 308050 308064 308450 308464 311074 311088 311660 311674 320084 320098 332851 332865 338777 338791 351386 351400 357336 357350 362451 362465 368611 368625 384686 384700 399356 399370 
15 31
285 300 25183 25198 38650 38665 38667 38682 50685 50700 61950 61965 64351 64366 94951 94966 100250 100265 136515 136530 146285 146300 164351 164366 180151 180166 182832 182847 190635 190650 195735 195750 208751 208766 234310 234325 244168 244183 244185 244200 245573 245588 263916 263931 276451 276466 280961 280976 296451 296466 298450 298465 334685 334700 355885 355900 369553 369568 393850 393865 395536 395551 
16 36
84 100 2851 2867 16674 16690 35584 35600 38684 38700 74284 74300 103579 103595 105934 105950 108084 108100 138535 138551 158331 158347 163184 163200 165850 165866 185542 185558 188334 188350 206751 206767 211084 211100 217216 217232 239084 239100 241484 241500 242184 242200 248170 248186 260650 260666 270151 270167 274260 274276 285884 285900 287384 287400 301760 301776 330705 330721 335084 335100 370360 370376 372524 372540 377735 377751 380063 380079 381634 381650 387184 387200 
17 16
58483 58500 124433 124450 178706 178723 199683 199700 201775 201792 204831 204848 227433 227450 230824 230841 240750 240767 293277 293294 324433 324450 366851 366868 388734 388751 389630 389647 391283 391300 398561 398578 
18 35
1133 1151 50216 50234 58132 58150 73282 73300 132962 132980 152412 152430 152432 152450 162932 162950 184333 184351 206582 206600 216682 216700 219632 219650 220077 220095 220182 220200 227082 227100 243082 243100 251128 251146 254928 254946 263933 263951 268750 268768 273351 273369 284833 284851 296033 296051 297750 297768 307632 307650 327551 327569 328825 328843 333779 333797 334772 334790 358076 358094 358759 358777 361132 361150 378750 378768 379082 379100 393750 393768 
19 32
264 283 2453 2472 8109 8128 54429 54448 65850 65869 89331 89350 91432 91451 93516 93535 96881 96900 100151 100170 135081 135100 193524 193543 198581 198600 211063 211082 214631 214650 270814 270833 285467 285486 287362 287381 289981 290000 304003 304022 304802 304821 320850 320869 320881 320900 330829 330848 334663 334682 346932 346951 352052 352071 355449 355468 370378 370397 370950 370969 396456 396475 398211 398230 
20 24
11080 11100 32950 32970 162531 162551 183467 183487 205828 205848 235819 235839 248812 248832 257330 257350 265531 265551 270551 270571 270838 270858 273371 273391 292405 292425 297530 297550 304030 304050 326120 326140 327069 327089 354806 354826 359511 359531 359880 359900 361931 361951 362379 362399 394350 394370 0 0 
21 29
16651 16672 20379 20400 26551 26572 97473 97494 99779 99800 162907 162928 182430 182451 184663 184684 195579 195600 203379 203400 238603 238624 241250 241271 252429 252450 260320 260341 262574 262595 280979 281000 281330 281351 305879 305900 311050 311071 316879 316900 321730 321751 327418 327439 347250 347271 354837 354858 356751 356772 361907 361928 381522 381543 382251 382272 387161 387182 
22 28
25151 25173 41424 41446 61829 61851 81578 81600 91028 91050 94968 94990 95029 95051 150275 150297 153558 153580 161128 161150 162217 162239 227408 227430 243428 243450 247775 247797 274278 274300 274978 275000 275867 275889 278928 278950 282710 282732 283729 283751 289228 289250 300829 300851 330728 330750 358050 358072 372350 372372 384826 384848 387257 387279 398425 398447 
23 25
35550 35573 42427 42450 42828 42851 86525 86548 95717 95740 106569 106592 120277 120300 122127 122150 136373 136396 169877 169900 198554 198577 202969 202992 247750 247773 277415 277438 292428 292451 320225 320248 331177 331200 360670 360693 368627 368650 375855 375878 384528 384551 385550 385573 394477 394500 397677 397700 399232 399255 
24 21
60476 60500 61976 62000 65871 65895 66526 66550 69127 69151 93426 93450 99751 99775 108051 108075 170351 170375 185076 185100 185560 185584 199650 199674 220050 220074 226465 226489 260669 260693 271916 271940 305850 305874 362344 362368 376051 376075 381174 381198 393708 393732 
25 20
57 82 8461 8486 13164 13189 74251 74276 94706 94731 97150 97175 203750 203775 216651 216676 222523 222548 234175 234200 251726 251751 260950 260975 281525 281550 294117 294142 327950 327975 348825 348850 349351 349376 357775 357800 362575 362600 397650 397675 
26 25
11051 11077 32974 33000 55424 55450 66725 66751 69974 70000 103550 103576 118862 118888 135051 135077 151350 151376 171851 171877 178774 178800 220151 220177 255070 255096 268864 268890 270172 270198 270574 270600 311251 311277 316851 316877 327571 327597 357306 357332 358471 358497 372374 372400 374425 374451 394374 394400 398533 398559 
27 18
64024 64051 75173 75200 108473 108500 144915 144942 154621 154648 182857 182884 183720 183747 239053 239080 241273 241300 247514 247541 347273 347300 354573 354600 369573 369600 370269 370296 378469 378496 379051 379078 381418 381445 393772 393799 
28 22
43163 43191 64372 64400 73250 73278 75922 75950 78772 78800 96851 96879 112223 112251 121723 121751 176671 176699 197272 197300 206123 206151 240772 240800 241451 241479 274948 274976 288250 288278 296470 296498 306607 306635 359210 359238 366872 366900 370972 371000 388572 388600 395502 395530 
29 14
48771 48800 58306 58335 76651 76680 105661 105690 146250 146279 202171 202200 243050 243079 254417 254446 285850 285879 289950 289979 341263 341292 349051 349080 362222 362251 386419 386448 
30 15
2870 2900 55303 55333 61550 61580 100270 100300 104420 104450 161051 161081 208770 208800 268770 268800 291021 291051 300151 300181 320051 320081 349770 349800 362920 362950 375563 375593 399820 399850 
31 12
19619 19650 43414 43445 50651 50682 80369 80400 129913 129944 216856 216887 239619 239650 261969 262000 269169 269200 284304 284335 288567 288598 391250 391281 
32 15
8218 8250 59864 59896 155668 155700 165868 165900 251052 251084 256768 256800 266850 266882 276468 276500 289007 289039 298468 298500 355851 355883 364466 364498 373304 373336 379851 379883 395214 395246 
33 14
30965 30998 50118 50151 68751 68784 102367 102400 160265 160298 183620 183653 220356 220389 235550 235583 236118 236151 276767 276800 334550 334583 351351 351384 354863 354896 393867 393900 
34 17
35066 35100 79455 79489 87251 87285 111066 111100 120616 120650 161917 161951 177850 177884 194717 194751 204416 204450 270063 270097 276266 276300 285050 285084 318863 318897 358617 358651 368850 368884 371966 372000 396116 396150 
35 16
32212 32247 44150 44185 83450 83485 122915 122950 150238 150273 176565 176600 187151 187186 191265 191300 209116 209151 250116 250151 271315 271350 347650 347685 367315 367350 387061 387096 388963 388998 391147 391182 
36 14
6551 6587 8314 8350 18650 18686 34315 34351 39314 39350 60815 60851 131515 131551 169950 169986 256651 256687 292164 292200 306751 306787 336614 336650 388257 388293 398014 398050 
37 15
12855 12892 15063 15100 50263 50300 85063 85100 139050 139087 203055 203092 232304 232341 242414 242451 254110 254147 276063 276100 317613 317650 330305 330342 338913 338950 340963 341000 351914 351951 
38 10
8751 8789 172513 172551 237813 237851 256562 256600 258451 258489 261110 261148 288162 288200 356112 356150 358912 358950 366762 366800 
39 13
38311 38350 82804 82843 162051 162090 178211 178250 231150 231189 275551 275590 289605 289644 309061 309100 320261 320300 335550 335589 337911 337950 338311 338350 398803 398842 
40 14
61051 61091 74751 74791 89960 90000 96208 96248 178729 178769 263550 263590 265311 265351 278750 278790 291711 291751 338660 338700 339060 339100 375450 375490 385060 385100 399460 399500 
41 12
3359 3400 81527 81568 100057 100098 172910 172951 184510 184551 196259 196300 215057 215098 298405 298446 299759 299800 312851 312892 335609 335650 357610 357651 
42 17
51258 51300 61109 61151 72509 72551 73350 73392 85558 85600 97250 97292 98758 98800 121851 121893 127850 127892 134308 134350 156558 156600 198208 198250 233650 233692 242958 243000 245008 245050 345558 345600 394603 394645 
43 12
45557 45600 51707 51750 88307 88350 102150 102193 112150 112193 115053 115096 180050 180093 194557 194600 279857 279900 327857 327900 333732 333775 359817 359860 
44 10
31507 31551 40856 40900 41450 41494 119856 119900 179851 179895 252156 252200 308607 308651 329906 329950 348407 348451 350207 350251 
45 11
52855 52900 58750 58795 128055 128100 169551 169596 228406 228451 250655 250700 275155 275200 291250 291295 341455 341500 352403 352448 394555 394600 
46 10
10004 10050 41251 41297 52350 52396 84054 84100 189204 189250 193150 193196 277350 277396 355654 355700 369154 369200 374654 374700 
47 15
2151 2198 45303 45350 76450 76497 119403 119450 127053 127100 161353 161400 164853 164900 234550 234597 254751 254798 265653 265700 265750 265797 320953 321000 327806 327853 353504 353551 388913 388960 
48 5
180303 180351 198750 198798 241002 241050 280350 280398 374751 374799 
49 8
28402 28451 72102 72151 252102 252151 266719 266768 268251 268300 272151 272200 385451 385500 385851 385900 
52 1
337815 337867 
53 1
75118 75171 
55 2
58222 58277 309545 309600 
56 1
381113 381169 
58 1
169142 169200 
59 1
52430 52489 
60 1
141440 141500 
61 1
175136 175197 
65 1
272935 273000 
66 1
356634 356700 
67 3
150131 150198 206503 206570 235026 235093 
73 1
205022 205095 
75 1
361808 361883 
77 1
372916 372993 
86 1
83614 83700 
88 1
377412 377500 
89 1
162303 162392 
97 1
257603 257700 
