m  count[m]  count[m]*1.0/Nbond  nematic_count[m]  fraction_ nematic_cell[m] 
0 7662  0.0193485  0  0
1 1606  0.00405556  0  0
2 1395  0.00352273  552  0.395699
3 1287  0.00325  296  0.229992
4 1354  0.00341919  235  0.17356
5 1402  0.0035404  166  0.118402
6 1033  0.00260859  35  0.0338819
7 827  0.00208838  17  0.0205562
8 671  0.00169444  7  0.0104322
9 499  0.0012601  5  0.01002
10 397  0.00100253  2  0.00503778
11 321  0.000810606  1  0.00311526
12 246  0.000621212  0  0
13 192  0.000484848  0  0
14 174  0.000439394  0  0
15 103  0.000260101  0  0
16 91  0.000229798  1  0.010989
17 75  0.000189394  0  0
18 50  0.000126263  0  0
19 46  0.000116162  0  0
20 44  0.000111111  0  0
21 34  8.58586e-05  0  0
22 34  8.58586e-05  0  0
23 27  6.81818e-05  0  0
24 13  3.28283e-05  0  0
25 14  3.53535e-05  0  0
26 19  4.79798e-05  0  0
27 9  2.27273e-05  0  0
28 8  2.0202e-05  0  0
29 11  2.77778e-05  0  0
30 3  7.57576e-06  0  0
31 1  2.52525e-06  0  0
32 4  1.0101e-05  0  0
33 4  1.0101e-05  0  0
34 3  7.57576e-06  0  0
35 3  7.57576e-06  0  0
36 3  7.57576e-06  0  0
37 2  5.05051e-06  0  0
38 2  5.05051e-06  0  0
39 2  5.05051e-06  0  0
40 3  7.57576e-06  0  0
42 3  7.57576e-06  0  0
45 3  7.57576e-06  0  0
50 1  2.52525e-06  0  0
61 1  2.52525e-06  0  0
69 1  2.52525e-06  0  0
 total number of grid elements is:19683
 total number of bonds from sumcount is:70354
 total number of nematic grid elements is:1317
 total number of bonds in the nematic grid elements is:4239
 degree of crystallinity is:0.0669105
