m  countseg_amorph  countseg_crys  countseg_tie  pdfseg_amorph[m]  pdfseg_crys  pdfseg_tie
1 685 200 0.190119  0.0356952  0
2 130 499 0.036081  0.0890594  0
3 133 289 0.0369137  0.0515795  0.064133
4 135 254 0.0374688  0.0453329  0.067696
5 122 158 0.0338607  0.0281992  0.0593824
6 119 64 0.033028  0.0114225  0.0629454
7 104 54 0.0288648  0.00963769  0.0463183
8 96 43 0.0266445  0.00767446  0.04038
9 76 23 0.0210935  0.00410494  0.0296912
10 86 19 0.023869  0.00339104  0.0344418
11 69 28 0.0191507  0.00499732  0.0308789
12 83 26 0.0230364  0.00464037  0.0356295
13 63 26 0.0174854  0.00464037  0.0296912
14 76 21 0.0210935  0.00374799  0.0332542
15 59 17 0.0163752  0.00303409  0.0249406
16 62 14 0.0172079  0.00249866  0.0225653
17 44 12 0.012212  0.00214171  0.0213777
18 67 18 0.0185956  0.00321256  0.0249406
19 64 21 0.017763  0.00374799  0.023753
20 38 15 0.0105468  0.00267714  0.0190024
21 53 13 0.01471  0.00232019  0.0190024
22 46 18 0.0127671  0.00321256  0.0154394
23 45 17 0.0124896  0.00303409  0.0166271
24 47 14 0.0130447  0.00249866  0.0213777
25 43 4 0.0119345  0.000713903  0.02019
26 47 10 0.0130447  0.00178476  0.02019
27 32 10 0.00888149  0.00178476  0.00950119
28 39 10 0.0108243  0.00178476  0.0154394
29 32 6 0.00888149  0.00107085  0.0142518
30 33 13 0.00915903  0.00232019  0.0106888
31 32 3 0.00888149  0.000535427  0.0130641
32 30 15 0.00832639  0.00267714  0.00950119
33 26 7 0.00721621  0.00124933  0.00831354
34 32 7 0.00888149  0.00124933  0.0130641
35 33 10 0.00915903  0.00178476  0.0142518
36 32 6 0.00888149  0.00107085  0.0154394
37 26 13 0.00721621  0.00232019  0.00593824
38 23 8 0.00638357  0.00142781  0.0118765
39 23 11 0.00638357  0.00196323  0.00950119
40 24 4 0.00666112  0.000713903  0.00593824
41 21 7 0.00582848  0.00124933  0.00831354
42 33 7 0.00915903  0.00124933  0.0118765
43 18 4 0.00499584  0.000713903  0.00712589
44 20 9 0.00555093  0.00160628  0.00593824
45 22 3 0.00610602  0.000535427  0.00475059
46 26 4 0.00721621  0.000713903  0.00593824
47 29 9 0.00804885  0.00160628  0.00475059
48 15 9 0.0041632  0.00160628  0.00118765
49 194 1454 0.053844  0.259504  0.00118765
50 145 561 0.0402442  0.100125  0
51 0 18 0  0.00321256  0
52 1 28 0.000277546  0.00499732  0.00118765
53 2 14 0.000555093  0.00249866  0
54 2 16 0.000555093  0.00285561  0
55 7 9 0.00194283  0.00160628  0
56 1 8 0.000277546  0.00142781  0.00118765
57 1 5 0.000277546  0.000892379  0
58 2 3 0.000555093  0.000535427  0
59 2 5 0.000555093  0.000892379  0.00118765
60 2 4 0.000555093  0.000713903  0
61 2 6 0.000555093  0.00107085  0
62 2 5 0.000555093  0.000892379  0
63 2 1 0.000555093  0.000178476  0
64 1 1 0.000277546  0.000178476  0
65 3 4 0.000832639  0.000713903  0
66 2 1 0.000555093  0.000178476  0
67 4 7 0.00111019  0.00124933  0.00118765
68 0 5 0  0.000892379  0
69 2 4 0.000555093  0.000713903  0
70 1 5 0.000277546  0.000892379  0
71 0 4 0  0.000713903  0
72 1 1 0.000277546  0.000178476  0
73 1 1 0.000277546  0.000178476  0.00118765
74 2 2 0.000555093  0.000356952  0
75 2 2 0.000555093  0.000356952  0.00118765
76 1 2 0.000277546  0.000356952  0
77 2 0 0.000555093  0  0.00118765
78 1 2 0.000277546  0.000356952  0
79 0 4 0  0.000713903  0
80 0 3 0  0.000535427  0
81 2 4 0.000555093  0.000713903  0
82 0 0 0  0  0
83 0 4 0  0.000713903  0
84 2 0 0.000555093  0  0
85 0 5 0  0.000892379  0
86 2 1 0.000555093  0.000178476  0
87 1 6 0.000277546  0.00107085  0
88 1 1 0.000277546  0.000178476  0
89 1 4 0.000277546  0.000713903  0
90 1 1 0.000277546  0.000178476  0
91 0 2 0  0.000356952  0
92 1 2 0.000277546  0.000356952  0
93 0 2 0  0.000356952  0
94 0 3 0  0.000535427  0
95 0 1 0  0.000178476  0
96 1 2 0.000277546  0.000356952  0
97 1 2 0.000277546  0.000356952  0
98 1 3 0.000277546  0.000535427  0
99 8 2022 0.00222037  0.360878  0
the  average length of crystalline segments is=58.6627 of  amorphous segments is =18.35
the length weighted  average length of crystalline segments is=79.1443 of  amorphous segments is =36.0368
