theta count1[theta]pdf1[theta]count2[theta]pdf2[theta]count3[theta]pdf3[theta]
0  2 0.0607441 1 0.0303721 0 0
0.025  0 0 1 0.0303721 2 0.0607441
0.05  1 0.0303721 3 0.0911162 2 0.0607441
0.075  4 0.121488 5 0.15186 5 0.15186
0.1  2 0.0607441 4 0.121488 4 0.121488
0.125  3 0.0911162 4 0.121488 7 0.212604
0.15  5 0.15186 5 0.15186 4 0.121488
0.175  4 0.121488 8 0.242976 6 0.182232
0.2  2 0.0607441 8 0.242976 11 0.334093
0.225  7 0.212604 7 0.212604 7 0.212604
0.25  8 0.242976 3 0.0911162 11 0.334093
0.275  9 0.273349 10 0.303721 13 0.394837
0.3  10 0.303721 6 0.182232 13 0.394837
0.325  7 0.212604 12 0.364465 15 0.455581
0.35  9 0.273349 13 0.394837 14 0.425209
0.375  10 0.303721 7 0.212604 15 0.455581
0.4  11 0.334093 9 0.273349 10 0.303721
0.425  12 0.364465 14 0.425209 19 0.577069
0.45  17 0.516325 26 0.789674 17 0.516325
0.475  23 0.698557 18 0.546697 21 0.637813
0.5  22 0.668185 18 0.546697 13 0.394837
0.525  14 0.425209 21 0.637813 21 0.637813
0.55  16 0.485953 21 0.637813 20 0.607441
0.575  19 0.577069 29 0.88079 14 0.425209
0.6  16 0.485953 20 0.607441 13 0.394837
0.625  29 0.88079 23 0.698557 24 0.728929
0.65  17 0.516325 9 0.273349 21 0.637813
0.675  13 0.394837 27 0.820046 23 0.698557
0.7  20 0.607441 23 0.698557 22 0.668185
0.725  19 0.577069 18 0.546697 14 0.425209
0.75  23 0.698557 19 0.577069 16 0.485953
0.775  26 0.789674 17 0.516325 29 0.88079
0.8  21 0.637813 10 0.303721 24 0.728929
0.825  24 0.728929 15 0.455581 24 0.728929
0.85  22 0.668185 31 0.941534 24 0.728929
0.875  25 0.759301 20 0.607441 22 0.668185
0.9  24 0.728929 29 0.88079 25 0.759301
0.925  29 0.88079 17 0.516325 34 1.03265
0.95  28 0.850418 27 0.820046 26 0.789674
0.975  24 0.728929 23 0.698557 31 0.941534
1  25 0.759301 19 0.577069 18 0.546697
1.025  30 0.911162 27 0.820046 22 0.668185
1.05  24 0.728929 27 0.820046 30 0.911162
1.075  35 1.06302 31 0.941534 35 1.06302
1.1  44 1.33637 31 0.941534 43 1.306
1.125  24 0.728929 39 1.18451 38 1.15414
1.15  35 1.06302 28 0.850418 33 1.00228
1.175  32 0.971906 27 0.820046 18 0.546697
1.2  19 0.577069 32 0.971906 36 1.09339
1.225  37 1.12377 23 0.698557 29 0.88079
1.25  36 1.09339 28 0.850418 32 0.971906
1.275  30 0.911162 31 0.941534 33 1.00228
1.3  30 0.911162 38 1.15414 25 0.759301
1.325  30 0.911162 25 0.759301 32 0.971906
1.35  27 0.820046 47 1.42749 37 1.12377
1.375  43 1.306 35 1.06302 23 0.698557
1.4  29 0.88079 41 1.24525 27 0.820046
1.425  33 1.00228 32 0.971906 29 0.88079
1.45  35 1.06302 26 0.789674 24 0.728929
1.475  36 1.09339 30 0.911162 38 1.15414
1.5  38 1.15414 39 1.18451 29 0.88079
1.525  39 1.18451 39 1.18451 25 0.759301
1.55  29 0.88079 41 1.24525 25 0.759301
1.575  0 0 0 0 0 0
