clustersize volume vol_Vtot Ncluster pdf1 volume_pdf volume_pdf_x_cryst
3.0 25.029775711900236 8.347942232239756e-05 612 0.7906976744186046 0.5618115055079559 0.007222553789817615
5.0 41.716292853167054 0.00013913237053732924 66 0.08527131782945736 0.10097919216646267 0.0012981714328103556
7.0 58.40280999443388 0.00019478531875226097 22 0.028423772609819122 0.047123623011015914 0.0006058133353114993
9.0 75.0893271357007 0.00025043826696719267 18 0.023255813953488372 0.04957160342717258 0.0006372841579250836
12.0 100.11910284760094 0.00033391768928959023 9 0.005813953488372093 0.016523867809057527 0.00021242805264169454
17.0 141.835395700768 0.0004730500598269195 12 0.00516795865633075 0.0208078335373317 0.0002675019922154672
30.0 250.29775711900234 0.0008347942232239756 20 0.002583979328165375 0.01835985312117503 0.00023603116960188285
50.0 417.16292853167056 0.0013913237053732926 11 0.0014211886304909562 0.016829865361077112 0.0002163619054683926
70.0 584.0280999443388 0.0019478531875226097 3 0.0003875968992248062 0.006425948592411261 8.2610909360659e-05
