0.0 0.0003339176892895901
1200000.0 0.01004535715279517
2400000.0 0.04307538191835712
3600000.0 0.0978378829618499
4800000.0 0.1553552049419818
6000000.0 0.20502546122380833
7200000.0 0.2422016306313827
8400000.0 0.2645184628655703
9600000.0 0.2854439713943846
10800000.0 0.30099897042045803
12000000.0 0.3126860895455937
13200000.0 0.32573670590199516
14400000.0 0.33619946016640234
15600000.0 0.3431282522191613
16800000.0 0.3499735648495979
18000000.0 0.35459275955143726
19200000.0 0.3605476250104349
20400000.0 0.3664190110471102
21600000.0 0.3711495116453794
22800000.0 0.373153017781117
24000000.0 0.3768539388374099
25200000.0 0.37796699780170856
26400000.0 0.3819740100731836
27600000.0 0.3838383838383838
28800000.0 0.38840192559200826
30000000.0 0.38848540501433065
31200000.0 0.39157414364025933
32400000.0 0.3908784817875727
33600000.0 0.3946907087402955
34800000.0 0.3963046442385285
36000000.0 0.398781200434093
37200000.0 0.39964382113142444
38400000.0 0.4025934273868158
39600000.0 0.4028716921278905
40800000.0 0.40576564543506694
42000000.0 0.4067395720288282
43200000.0 0.40941091354314496
44400000.0 0.4107465843003033
45600000.0 0.4096056988618972
46800000.0 0.4106631048779809
48000000.0 0.41169268441995716
49200000.0 0.41266661101371843
50400000.0 0.41188746973870943
51600000.0 0.4145866377271336
52800000.0 0.4128613963324707
54000000.0 0.41631187912179646
