theta count1[theta]pdf1[theta]count2[theta]pdf2[theta]count3[theta]pdf3[theta]
0  1 0.00367478 1 0.00367478 2 0.00734956
0.025  7 0.0257235 3 0.0110243 9 0.033073
0.05  9 0.033073 7 0.0257235 16 0.0587965
0.075  17 0.0624713 8 0.0293983 22 0.0808452
0.1  17 0.0624713 19 0.0698209 27 0.0992191
0.125  24 0.0881948 20 0.0734956 38 0.139642
0.15  19 0.0698209 29 0.106569 56 0.205788
0.175  26 0.0955443 28 0.102894 69 0.25356
0.2  33 0.121268 45 0.165365 59 0.216812
0.225  38 0.139642 61 0.224162 59 0.216812
0.25  44 0.16169 57 0.209463 67 0.24621
0.275  73 0.268259 48 0.17639 83 0.305007
0.3  99 0.363803 51 0.187414 76 0.279283
0.325  104 0.382177 68 0.249885 87 0.319706
0.35  113 0.41525 73 0.268259 89 0.327056
0.375  180 0.661461 88 0.323381 81 0.297657
0.4  169 0.621038 86 0.316031 79 0.290308
0.425  139 0.510795 103 0.378503 88 0.323381
0.45  177 0.650436 130 0.477722 105 0.385852
0.475  151 0.554892 151 0.554892 88 0.323381
0.5  150 0.551217 124 0.455673 114 0.418925
0.525  147 0.540193 168 0.617363 104 0.382177
0.55  135 0.496096 172 0.632062 122 0.448323
0.575  136 0.49977 149 0.547542 105 0.385852
0.6  161 0.59164 180 0.661461 124 0.455673
0.625  165 0.606339 232 0.852549 156 0.573266
0.65  150 0.551217 189 0.694534 145 0.532843
0.675  153 0.562242 220 0.808452 170 0.624713
0.7  133 0.488746 241 0.885622 176 0.646762
0.725  145 0.532843 244 0.896647 194 0.712908
0.75  179 0.657786 230 0.8452 212 0.779054
0.775  177 0.650436 218 0.801102 214 0.786403
0.8  189 0.694534 219 0.804777 241 0.885622
0.825  193 0.709233 241 0.885622 267 0.981167
0.85  208 0.764355 220 0.808452 245 0.900322
0.875  222 0.815802 252 0.926045 227 0.834175
0.9  238 0.874598 235 0.863574 232 0.852549
0.925  237 0.870923 241 0.885622 253 0.92972
0.95  225 0.826826 237 0.870923 219 0.804777
0.975  211 0.775379 213 0.782729 216 0.793753
1  201 0.738631 219 0.804777 246 0.903996
1.025  257 0.944419 246 0.903996 252 0.926045
1.05  259 0.951768 242 0.889297 226 0.830501
1.075  268 0.984842 234 0.859899 247 0.907671
1.1  302 1.10978 244 0.896647 257 0.944419
1.125  278 1.02159 238 0.874598 257 0.944419
1.15  275 1.01056 272 0.999541 251 0.92237
1.175  257 0.944419 265 0.973817 285 1.04731
1.2  281 1.03261 242 0.889297 306 1.12448
1.225  282 1.03629 204 0.749655 310 1.13918
1.25  265 0.973817 237 0.870923 329 1.209
1.275  261 0.959118 262 0.962793 309 1.13551
1.3  252 0.926045 248 0.911346 252 0.926045
1.325  288 1.05834 256 0.940744 288 1.05834
1.35  249 0.915021 237 0.870923 260 0.955443
1.375  268 0.984842 218 0.801102 241 0.885622
1.4  249 0.915021 273 1.00322 247 0.907671
1.425  242 0.889297 262 0.962793 273 1.00322
1.45  255 0.937069 272 0.999541 247 0.907671
1.475  262 0.962793 273 1.00322 232 0.852549
1.5  220 0.808452 236 0.867249 227 0.834175
1.525  245 0.900322 235 0.863574 210 0.771704
1.55  175 0.643087 169 0.621038 197 0.723932
1.575  0 0 0 0 0 0
