m  countseg_amorph  countseg_crys  countseg_tie  pdfseg_amorph[m]  pdfseg_crys  pdfseg_tie
1 2235 1883 0.0914447  0.0879372  0
2 2078 1884 0.0850211  0.0879839  0
3 1956 1644 0.0800295  0.0767758  0.0724858
4 1763 2081 0.0721329  0.097184  0.0696395
5 1628 1853 0.0666094  0.0865362  0.0748577
6 1439 1152 0.0588765  0.0537991  0.071537
7 1211 952 0.0495479  0.044459  0.0616698
8 1075 967 0.0439835  0.0451595  0.0585389
9 1042 1165 0.0426333  0.0544062  0.0544592
10 919 919 0.0376008  0.0429179  0.054649
11 824 719 0.0337138  0.0335777  0.045351
12 776 823 0.0317499  0.0384346  0.0437381
13 686 951 0.0280676  0.0444123  0.0374763
14 636 846 0.0260218  0.0395087  0.0363378
15 514 614 0.0210302  0.0286742  0.0303605
16 481 628 0.01968  0.029328  0.0252372
17 464 611 0.0189845  0.0285341  0.0259013
18 407 474 0.0166523  0.0221361  0.0218216
19 377 345 0.0154249  0.0161117  0.0189753
20 337 228 0.0137883  0.0106477  0.0187856
21 304 257 0.0124381  0.0120021  0.0155598
22 279 198 0.0114152  0.00924672  0.0145161
23 256 132 0.0104742  0.00616448  0.0148008
24 228 105 0.00932859  0.00490356  0.011575
25 220 90 0.00900127  0.00420305  0.0126186
26 189 99 0.00773291  0.00462336  0.00939279
27 210 76 0.00859212  0.00354925  0.011575
28 143 71 0.00585082  0.00331574  0.00721063
29 145 50 0.00593265  0.00233503  0.00777989
30 142 75 0.00580991  0.00350255  0.00683112
31 119 57 0.00486887  0.00266193  0.00607211
32 106 54 0.00433697  0.00252183  0.00493359
33 100 56 0.00409149  0.00261523  0.00521822
34 96 61 0.00392783  0.00284874  0.00521822
35 94 51 0.003846  0.00238173  0.00417457
36 76 31 0.00310953  0.00144772  0.0040797
37 70 37 0.00286404  0.00172792  0.00341556
38 60 42 0.00245489  0.00196143  0.00275142
39 81 36 0.0033141  0.00168122  0.00351044
40 54 49 0.0022094  0.00228833  0.00218216
41 44 32 0.00180025  0.00149442  0.00199241
42 42 36 0.00171842  0.00168122  0.0016129
43 53 34 0.00216849  0.00158782  0.00265655
44 34 35 0.00139111  0.00163452  0.0016129
45 37 37 0.00151385  0.00172792  0.00142315
46 29 30 0.00118653  0.00140102  0.0012334
47 41 36 0.00167751  0.00168122  0.00218216
48 23 28 0.000941042  0.00130762  0.00085389
49 22 22 0.000900127  0.00102741  0.00113852
50 25 21 0.00102287  0.000980713  0.0012334
51 22 31 0.000900127  0.00144772  0.00132827
52 15 35 0.000613723  0.00163452  0.000474383
53 10 30 0.000409149  0.00140102  0.000474383
54 18 14 0.000736467  0.000653808  0.000474383
55 11 27 0.000450063  0.00126092  0.000474383
56 12 26 0.000490978  0.00121422  0.000474383
57 15 21 0.000613723  0.000980713  0.000664137
58 11 21 0.000450063  0.000980713  0.000474383
59 10 28 0.000409149  0.00130762  0.000664137
60 11 15 0.000450063  0.000700509  0.00028463
61 6 17 0.000245489  0.00079391  0.000189753
62 10 16 0.000409149  0.00074721  0.000189753
63 18 20 0.000736467  0.000934012  0.000759013
64 9 19 0.000368234  0.000887311  9.48767e-05
65 7 20 0.000286404  0.000934012  0.00028463
66 8 20 0.000327319  0.000934012  0.000189753
67 7 20 0.000286404  0.000934012  0.000189753
68 5 14 0.000204574  0.000653808  9.48767e-05
69 9 20 0.000368234  0.000934012  0
70 5 18 0.000204574  0.000840611  0.000189753
71 5 12 0.000204574  0.000560407  0.000189753
72 3 14 0.000122745  0.000653808  9.48767e-05
73 2 14 8.18297e-05  0.000653808  0.000189753
74 6 15 0.000245489  0.000700509  0.000189753
75 4 15 0.000163659  0.000700509  9.48767e-05
76 2 8 8.18297e-05  0.000373605  0
77 1 9 4.09149e-05  0.000420305  0
78 3 14 0.000122745  0.000653808  0
79 1 17 4.09149e-05  0.00079391  0
80 6 14 0.000245489  0.000653808  0
81 1 5 4.09149e-05  0.000233503  9.48767e-05
82 1 9 4.09149e-05  0.000420305  0
83 2 6 8.18297e-05  0.000280204  0
84 1 7 4.09149e-05  0.000326904  0
85 2 6 8.18297e-05  0.000280204  0
86 1 7 4.09149e-05  0.000326904  0
87 0 6 0  0.000280204  0
88 2 4 8.18297e-05  0.000186802  0
89 1 10 4.09149e-05  0.000467006  0
90 1 14 4.09149e-05  0.000653808  0
91 1 6 4.09149e-05  0.000280204  0
92 0 15 0  0.000700509  0
93 0 10 0  0.000467006  0
94 1 12 4.09149e-05  0.000560407  0
95 0 11 0  0.000513707  0
96 0 15 0  0.000700509  0
97 0 11 0  0.000513707  0
98 0 16 0  0.00074721  0
99 5 1769 0.000204574  0.0826134  0
the  average length of crystalline segments is=20.5311 of  amorphous segments is =10.9454
the length weighted  average length of crystalline segments is=56.3318 of  amorphous segments is =21.8982
