m  tie_count pf_tie pdf_tie   loop_count pf_loop pdf_loop  tail_count pf_tail pdf_tail   
1 2 0.00026434 1.54555e-05 0 0 0 672 0.0958357 0.00651074
2 1 0.00013217 1.54555e-05 0 0 0 689 0.0982601 0.0133509
3 467 0.0617235 0.0108266 455 0.0955481 0.0249147 600 0.0855676 0.0174395
4 442 0.0584192 0.0136626 453 0.0951281 0.0330735 471 0.0671706 0.0182533
5 466 0.0615913 0.0180056 357 0.0749685 0.0325807 390 0.0556189 0.0188928
6 432 0.0570975 0.0200303 369 0.0774885 0.040411 334 0.0476326 0.019416
7 337 0.0445414 0.0182297 330 0.0692986 0.0421633 284 0.040502 0.019261
8 342 0.0452022 0.0211431 303 0.0636287 0.0442441 273 0.0389333 0.0211599
9 316 0.0417658 0.0219777 284 0.0596388 0.0466534 215 0.0306617 0.0187475
10 306 0.0404441 0.0236469 291 0.0611088 0.0531148 150 0.0213919 0.0145329
11 293 0.0387259 0.0249065 220 0.0461991 0.0441711 154 0.0219624 0.0164125
12 268 0.0354216 0.0248524 200 0.0419992 0.043806 167 0.0238163 0.019416
13 222 0.0293418 0.0223022 176 0.0369593 0.0417617 142 0.020251 0.0178852
14 247 0.032646 0.0267225 152 0.0319194 0.0388413 136 0.0193953 0.0184471
15 214 0.0282844 0.024806 131 0.0275094 0.0358662 132 0.0188249 0.0191834
16 216 0.0285488 0.0267071 121 0.0254095 0.0353368 129 0.018397 0.0199973
17 198 0.0261697 0.0260116 92 0.0193196 0.0285469 111 0.01583 0.0182824
18 193 0.0255089 0.0268462 97 0.0203696 0.0318689 116 0.0165431 0.0202298
19 202 0.0266984 0.0296591 83 0.0174297 0.0287842 96 0.0136908 0.017672
20 157 0.0207507 0.0242651 75 0.0157497 0.0273788 89 0.0126925 0.0172457
21 154 0.0203542 0.0249915 59 0.0123898 0.0226149 91 0.0129778 0.0185149
22 134 0.0177108 0.0227814 42 0.00881982 0.0168653 66 0.00941244 0.0140679
23 139 0.0183717 0.0247056 42 0.00881982 0.0176319 72 0.0102681 0.0160443
24 145 0.0191647 0.0268925 40 0.00839983 0.0175224 67 0.00955505 0.0155793
25 123 0.0162569 0.0237628 38 0.00797984 0.0173399 72 0.0102681 0.0174395
26 116 0.0153317 0.0233069 20 0.00419992 0.0094913 54 0.00770108 0.0136028
27 70 0.00925192 0.0146054 30 0.00629987 0.0147845 45 0.00641757 0.0117717
28 83 0.0109701 0.0179593 29 0.00608988 0.014821 61 0.00869937 0.0165481
29 80 0.0105736 0.0179283 31 0.00650987 0.016409 45 0.00641757 0.0126436
30 81 0.0107058 0.0187784 26 0.00545989 0.014237 47 0.0067028 0.0136609
31 80 0.0105736 0.0191648 17 0.00356993 0.00961907 49 0.00698802 0.014717
32 75 0.00991277 0.0185466 21 0.00440991 0.0122657 54 0.00770108 0.0167419
33 54 0.00713719 0.0137708 15 0.00314994 0.00903499 42 0.00598973 0.0134284
34 61 0.00806238 0.0160273 17 0.00356993 0.0105499 41 0.00584712 0.0135059
35 48 0.00634417 0.0129826 11 0.00230995 0.00702721 37 0.00527667 0.0125467
36 64 0.0084589 0.0178047 6 0.00125997 0.00394254 41 0.00584712 0.0143004
37 72 0.00951626 0.0205867 11 0.00230995 0.00742877 41 0.00584712 0.0146976
38 45 0.00594766 0.0132144 10 0.00209996 0.00693595 39 0.00556189 0.0143585
39 37 0.0048903 0.0111511 8 0.00167997 0.00569478 28 0.00399315 0.01058
40 34 0.00449379 0.0105097 8 0.00167997 0.0058408 43 0.00613234 0.0166644
41 32 0.00422945 0.0101388 10 0.00209996 0.00748353 25 0.00356532 0.00993082
42 29 0.00383294 0.00941238 4 0.000839983 0.00306642 26 0.00370793 0.01058
43 50 0.00660851 0.0166146 9 0.00188996 0.00706372 21 0.00299487 0.00874881
44 28 0.00370077 0.00952057 9 0.00188996 0.00722799 31 0.00442099 0.0132153
45 30 0.00396511 0.0104324 7 0.00146997 0.00574954 24 0.0034227 0.0104637
46 25 0.00330426 0.0088869 2 0.000419992 0.00167923 21 0.00299487 0.0093592
47 31 0.00409728 0.0112593 3 0.000629987 0.0025736 24 0.0034227 0.0109287
48 18 0.00237906 0.00667676 2 0.000419992 0.00175224 23 0.00328009 0.0106962
49 21 0.00277557 0.00795184 5 0.00104998 0.00447186 22 0.00313748 0.0104443
50 27 0.0035686 0.0104324 2 0.000419992 0.00182525 14 0.00199658 0.00678203
51 15 0.00198255 0.00591172 1 0.000209996 0.000930878 19 0.00270964 0.00938826
52 16 0.00211472 0.00642948 5 0.00104998 0.00474565 22 0.00313748 0.0110838
53 17 0.00224689 0.00696269 3 0.000629987 0.00290215 24 0.0034227 0.0123239
54 14 0.00185038 0.00584217 1 0.000209996 0.000985635 11 0.00156874 0.00575503
55 13 0.00171821 0.00552533 4 0.000839983 0.00401555 21 0.00299487 0.0111903
56 8 0.00105736 0.00346203 2 0.000419992 0.00204428 14 0.00199658 0.00759587
57 15 0.00198255 0.00660721 3 0.000629987 0.00312118 10 0.00142613 0.00552251
58 16 0.00211472 0.00717134 1 0.000209996 0.00105865 13 0.00185396 0.00730521
59 13 0.00171821 0.00592717 2 0.000419992 0.0021538 5 0.000713063 0.00285814
60 12 0.00158604 0.00556397 2 0.000419992 0.0021903 12 0.00171135 0.0069758
61 10 0.0013217 0.00471392 1 0.000209996 0.0011134 9 0.00128351 0.00531905
62 9 0.00118953 0.00431208 2 0.000419992 0.00226331 12 0.00171135 0.00720832
63 8 0.00105736 0.00389478 1 0.000209996 0.00114991 12 0.00171135 0.00732459
64 6 0.000793021 0.00296745 2 0.000419992 0.00233632 15 0.00213919 0.00930106
65 4 0.000528681 0.00200921 0 0 0 11 0.00156874 0.00692735
66 6 0.000793021 0.00306018 1 0.000209996 0.00120467 8 0.0011409 0.00511559
67 4 0.000528681 0.00207103 0 0 0 11 0.00156874 0.0071405
68 7 0.000925192 0.0036784 1 0.000209996 0.00124117 8 0.0011409 0.0052706
69 3 0.000396511 0.00159964 0 0 0 6 0.000855676 0.00401108
70 3 0.000396511 0.00162282 0 0 0 8 0.0011409 0.00542562
71 4 0.000528681 0.00219468 1 0.000209996 0.00129593 6 0.000855676 0.00412735
72 6 0.000793021 0.00333838 1 0.000209996 0.00131418 5 0.000713063 0.0034879
73 5 0.000660851 0.00282062 0 0 0 8 0.0011409 0.00565815
74 4 0.000528681 0.00228741 0 0 0 7 0.000998289 0.0050187
75 8 0.00105736 0.00463664 1 0.000209996 0.00136894 5 0.000713063 0.00363323
76 3 0.000396511 0.00176192 1 0.000209996 0.00138719 5 0.000713063 0.00368167
77 1 0.00013217 0.000595036 0 0 0 4 0.000570451 0.00298409
78 6 0.000793021 0.00361658 1 0.000209996 0.0014237 4 0.000570451 0.00302285
79 1 0.00013217 0.000610491 0 0 0 6 0.000855676 0.0045924
80 2 0.00026434 0.00123644 0 0 0 6 0.000855676 0.00465053
81 2 0.00026434 0.00125189 0 0 0 7 0.000998289 0.00549344
82 2 0.00026434 0.00126735 1 0.000209996 0.00149671 4 0.000570451 0.00317786
83 2 0.00026434 0.0012828 0 0 0 6 0.000855676 0.00482493
84 4 0.000528681 0.00259652 0 0 0 5 0.000713063 0.00406922
85 1 0.00013217 0.000656858 0 0 0 4 0.000570451 0.00329413
86 2 0.00026434 0.00132917 0 0 0 9 0.00128351 0.00749898
87 0 0 0 0 0 0 6 0.000855676 0.00505745
88 1 0.00013217 0.000680041 0 0 0 0 0 0
89 2 0.00026434 0.00137554 0 0 0 4 0.000570451 0.00344914
90 1 0.00013217 0.000695496 0 0 0 6 0.000855676 0.00523185
91 1 0.00013217 0.000703224 0 0 0 2 0.000285225 0.00176333
92 0 0 0 0 0 0 3 0.000427838 0.00267406
93 0 0 0 0 0 0 1 0.000142613 0.000901041
94 1 0.00013217 0.000726407 0 0 0 1 0.000142613 0.000910729
95 1 0.00013217 0.000734135 0 0 0 2 0.000285225 0.00184084
96 0 0 0 0 0 0 2 0.000285225 0.00186021
97 0 0 0 0 0 0 1 0.000142613 0.000939795
98 0 0 0 1 0.000209996 0.00178875 1 0.000142613 0.000949484
99 0 0 0 0 0 0 25 0.00356532 0.0239793
 f_tail= 0.144801 f_loop=0.0768617 f_tie= 0.181543 f_tie+f_loop+f_tail= 0.403206 f_amorph= 0.432062 Ave_tie=17.1232 Ave_loop=11.505 Ave_tail=14.8185
