m  count[m]  count[m]*1.0/Nbond  nematic_count[m]  fraction_ nematic_cell[m] 
0 1501  0.00210578  0  0
1 656  0.000920314  0  0
2 807  0.00113215  571  0.707559
3 1025  0.00143799  529  0.516098
4 1325  0.00185887  749  0.565283
5 1473  0.0020665  664  0.450781
6 1488  0.00208754  617  0.414651
7 1587  0.00222643  635  0.400126
8 1705  0.00239198  711  0.417009
9 1867  0.00261925  755  0.404392
10 1874  0.00262907  707  0.377268
11 1902  0.00266835  645  0.339117
12 1986  0.0027862  795  0.400302
13 1949  0.00273429  733  0.37609
14 1933  0.00271184  733  0.379203
15 1795  0.00251824  673  0.37493
16 1805  0.00253227  672  0.372299
17 1692  0.00237374  648  0.382979
18 1576  0.002211  617  0.391497
19 1497  0.00210017  633  0.422846
20 1179  0.00165404  511  0.433418
21 834  0.00117003  388  0.465228
22 572  0.000802469  311  0.543706
23 322  0.00045174  162  0.503106
24 202  0.000283389  100  0.49505
25 122  0.000171156  56  0.459016
26 121  0.000169753  38  0.31405
27 92  0.000129068  29  0.315217
28 82  0.000115039  18  0.219512
29 73  0.000102413  20  0.273973
30 68  9.53984e-05  20  0.294118
31 71  9.96072e-05  20  0.28169
32 80  0.000112233  17  0.2125
33 62  8.69809e-05  17  0.274194
34 46  6.45342e-05  11  0.23913
35 58  8.13692e-05  15  0.258621
36 47  6.59371e-05  5  0.106383
37 50  7.01459e-05  16  0.32
38 42  5.89226e-05  11  0.261905
39 45  6.31313e-05  11  0.244444
40 40  5.61167e-05  9  0.225
41 40  5.61167e-05  13  0.325
42 23  3.22671e-05  6  0.26087
43 26  3.64759e-05  8  0.307692
44 29  4.06846e-05  7  0.241379
45 29  4.06846e-05  5  0.172414
46 21  2.94613e-05  7  0.333333
47 11  1.54321e-05  3  0.272727
48 10  1.40292e-05  3  0.3
49 15  2.10438e-05  5  0.333333
50 10  1.40292e-05  2  0.2
51 11  1.54321e-05  4  0.363636
52 3  4.20875e-06  2  0.666667
53 10  1.40292e-05  4  0.4
54 9  1.26263e-05  3  0.333333
55 6  8.41751e-06  3  0.5
56 4  5.61167e-06  0  0
58 4  5.61167e-06  1  0.25
59 3  4.20875e-06  1  0.333333
60 2  2.80584e-06  0  0
61 1  1.40292e-06  0  0
62 3  4.20875e-06  0  0
63 1  1.40292e-06  0  0
65 2  2.80584e-06  1  0.5
66 2  2.80584e-06  0  0
67 1  1.40292e-06  0  0
74 1  1.40292e-06  0  0
75 2  2.80584e-06  1  0.5
76 1  1.40292e-06  0  0
78 2  2.80584e-06  0  0
85 2  2.80584e-06  1  0.5
87 1  1.40292e-06  0  0
89 1  1.40292e-06  0  0
 total number of grid elements is:35937
 total number of bonds from sumcount is:439482
 total number of nematic grid elements is:13952
 total number of bonds in the nematic grid elements is:172764
 degree of crystallinity is:0.388235
