m  countseg_amorph  countseg_crys  countseg_tie  pdfseg_amorph[m]  pdfseg_crys  pdfseg_tie
1 1731 1934 0.0765963  0.101811  0
2 1651 1808 0.0730563  0.0951779  0
3 1559 1617 0.0689854  0.0851232  0.0618476
4 1493 2129 0.0660649  0.112076  0.0680211
5 1318 1953 0.0583212  0.102811  0.0657762
6 1205 1109 0.0533209  0.0583807  0.0658884
7 1019 832 0.0450905  0.0437987  0.0567965
8 972 983 0.0430108  0.0517477  0.0569087
9 867 1094 0.0383645  0.0575911  0.0510719
10 821 837 0.036329  0.0440619  0.0542148
11 728 665 0.0322138  0.0350074  0.043776
12 686 671 0.0303553  0.0353232  0.0410821
13 596 694 0.0263728  0.036534  0.0349085
14 563 515 0.0249126  0.027111  0.0324391
15 525 441 0.0232311  0.0232154  0.029633
16 496 449 0.0219479  0.0236366  0.0277248
17 441 365 0.0195141  0.0192146  0.0237962
18 431 268 0.0190716  0.0141082  0.0239084
19 400 201 0.0176999  0.0105812  0.0226737
20 349 176 0.0154432  0.00926511  0.0198675
21 339 147 0.0150007  0.00773847  0.0182961
22 273 101 0.0120802  0.00531691  0.0149287
23 286 95 0.0126554  0.00500105  0.01549
24 272 81 0.0120359  0.00426406  0.0151532
25 234 77 0.0103544  0.00405348  0.0123471
26 208 69 0.00920395  0.00363234  0.0111124
27 167 56 0.00738971  0.00294799  0.00819396
28 188 62 0.00831895  0.00326385  0.00875519
29 169 48 0.00747821  0.00252685  0.00785722
30 170 47 0.00752246  0.00247421  0.00796947
31 150 55 0.00663746  0.00289535  0.00796947
32 158 47 0.00699146  0.00247421  0.0070715
33 121 43 0.00535422  0.00226363  0.00606129
34 125 44 0.00553122  0.00231628  0.00684701
35 113 33 0.00500022  0.00173721  0.00505107
36 108 36 0.00477897  0.00189514  0.00505107
37 120 44 0.00530997  0.00231628  0.00594904
38 94 43 0.00415948  0.00226363  0.00392861
39 89 40 0.00393823  0.00210571  0.0043776
40 93 38 0.00411523  0.00200042  0.00325514
41 65 38 0.00287623  0.00200042  0.00303064
42 61 38 0.00269923  0.00200042  0.00213267
43 80 38 0.00353998  0.00200042  0.00505107
44 69 34 0.00305323  0.00178985  0.0029184
45 62 27 0.00274348  0.00142135  0.00336738
46 52 36 0.00230099  0.00189514  0.00213267
47 59 34 0.00261073  0.00178985  0.00246941
48 45 24 0.00199124  0.00126342  0.00134695
49 51 34 0.00225674  0.00178985  0.00179594
50 41 19 0.00181424  0.00100021  0.00224492
51 34 26 0.00150449  0.00136871  0.00101021
52 39 25 0.00172574  0.00131607  0.00123471
53 44 21 0.00194699  0.0011055  0.00112246
54 27 20 0.00119474  0.00105285  0.00112246
55 35 19 0.00154874  0.00100021  0.000785722
56 24 19 0.00106199  0.00100021  0.00056123
57 27 19 0.00119474  0.00100021  0.00134695
58 32 17 0.00141599  0.000894925  0.00134695
59 19 21 0.000840745  0.0011055  0.00112246
60 27 17 0.00119474  0.000894925  0.00056123
61 19 18 0.000840745  0.000947568  0.00101021
62 21 15 0.000929245  0.00078964  0.000448984
63 22 16 0.000973494  0.000842283  0.000336738
64 24 11 0.00106199  0.000579069  0.00056123
65 17 12 0.000752246  0.000631712  0.000336738
66 13 20 0.000575247  0.00105285  0.000448984
67 14 15 0.000619496  0.00078964  0.000112246
68 17 12 0.000752246  0.000631712  0.00056123
69 12 16 0.000530997  0.000842283  0.000224492
70 10 10 0.000442497  0.000526427  0.000224492
71 11 14 0.000486747  0.000736997  0.000224492
72 10 21 0.000442497  0.0011055  0.000448984
73 12 15 0.000530997  0.00078964  0.000224492
74 10 11 0.000442497  0.000579069  0.000336738
75 14 15 0.000619496  0.00078964  0.000785722
76 8 11 0.000353998  0.000579069  0.000112246
77 5 19 0.000221249  0.00100021  0
78 9 11 0.000398248  0.000579069  0.000336738
79 7 16 0.000309748  0.000842283  0.000112246
80 7 12 0.000309748  0.000631712  0
81 8 7 0.000353998  0.000368499  0
82 6 8 0.000265498  0.000421141  0.000112246
83 8 24 0.000353998  0.00126342  0
84 8 11 0.000353998  0.000579069  0.000224492
85 4 11 0.000176999  0.000579069  0
86 11 9 0.000486747  0.000473784  0
87 7 8 0.000309748  0.000421141  0
88 1 13 4.42497e-05  0.000684355  0.000112246
89 6 15 0.000265498  0.00078964  0
90 6 12 0.000265498  0.000631712  0
91 3 16 0.000132749  0.000842283  0
92 3 8 0.000132749  0.000421141  0
93 1 10 4.42497e-05  0.000526427  0
94 1 10 4.42497e-05  0.000526427  0
95 2 9 8.84995e-05  0.000473784  0
96 2 13 8.84995e-05  0.000684355  0
97 1 12 4.42497e-05  0.000631712  0
98 1 20 4.42497e-05  0.00105285  0
99 37 1759 0.00163724  0.0925984  0
the  average length of crystalline segments is=21.019 of  amorphous segments is =13.6278
the length weighted  average length of crystalline segments is=60.2974 of  amorphous segments is =28.5412
