m  count[m]  count[m]*1.0/Nbond  nematic_count[m]  fraction_ nematic_cell[m] 
0 1477  0.00207211  0  0
1 647  0.000907688  0  0
2 829  0.00116302  533  0.642943
3 957  0.00134259  460  0.480669
4 1297  0.00181958  617  0.475713
5 1550  0.00217452  644  0.415484
6 1530  0.00214646  507  0.331373
7 1665  0.00233586  519  0.311712
8 1777  0.00249299  562  0.316263
9 1847  0.00259119  579  0.313481
10 1850  0.0025954  536  0.28973
11 1870  0.00262346  487  0.260428
12 1976  0.00277217  582  0.294534
13 1899  0.00266414  498  0.262243
14 1928  0.00270483  569  0.295124
15 1809  0.00253788  509  0.281371
16 1851  0.0025968  535  0.289033
17 1668  0.00234007  461  0.276379
18 1609  0.0022573  441  0.274083
19 1509  0.002117  466  0.308814
20 1100  0.00154321  402  0.365455
21 864  0.00121212  326  0.377315
22 547  0.000767396  221  0.404022
23 289  0.000405443  119  0.411765
24 199  0.000279181  59  0.296482
25 133  0.000186588  35  0.263158
26 106  0.000148709  25  0.235849
27 67  9.39955e-05  15  0.223881
28 89  0.00012486  12  0.134831
29 84  0.000117845  13  0.154762
30 75  0.000105219  9  0.12
31 74  0.000103816  9  0.121622
32 82  0.000115039  17  0.207317
33 55  7.71605e-05  4  0.0727273
34 67  9.39955e-05  10  0.149254
35 64  8.97868e-05  9  0.140625
36 48  6.73401e-05  8  0.166667
37 46  6.45342e-05  14  0.304348
38 53  7.43547e-05  8  0.150943
39 57  7.99663e-05  6  0.105263
40 46  6.45342e-05  13  0.282609
41 41  5.75196e-05  9  0.219512
42 33  4.62963e-05  8  0.242424
43 18  2.52525e-05  2  0.111111
44 27  3.78788e-05  7  0.259259
45 17  2.38496e-05  2  0.117647
46 12  1.6835e-05  5  0.416667
47 9  1.26263e-05  2  0.222222
48 10  1.40292e-05  1  0.1
49 10  1.40292e-05  2  0.2
50 8  1.12233e-05  1  0.125
51 7  9.82043e-06  0  0
52 3  4.20875e-06  2  0.666667
53 3  4.20875e-06  2  0.666667
54 3  4.20875e-06  1  0.333333
55 4  5.61167e-06  0  0
56 2  2.80584e-06  0  0
57 4  5.61167e-06  1  0.25
58 1  1.40292e-06  0  0
59 1  1.40292e-06  0  0
60 2  2.80584e-06  0  0
61 4  5.61167e-06  0  0
62 2  2.80584e-06  0  0
63 2  2.80584e-06  0  0
64 2  2.80584e-06  0  0
65 2  2.80584e-06  0  0
66 2  2.80584e-06  0  0
67 1  1.40292e-06  0  0
68 1  1.40292e-06  0  0
70 2  2.80584e-06  0  0
72 1  1.40292e-06  0  0
73 1  1.40292e-06  0  0
74 2  2.80584e-06  0  0
75 1  1.40292e-06  0  0
77 2  2.80584e-06  0  0
78 3  4.20875e-06  1  0.333333
85 1  1.40292e-06  0  0
96 1  1.40292e-06  0  0
106 1  1.40292e-06  0  0
115 1  1.40292e-06  0  0
 total number of grid elements is:35937
 total number of bonds from sumcount is:438503
 total number of nematic grid elements is:10885
 total number of bonds in the nematic grid elements is:129877
 degree of crystallinity is:0.302891
