theta count1[theta]pdf1[theta]count2[theta]pdf2[theta]count3[theta]pdf3[theta]
0  4 0.0145296 1 0.0036324 1 0.0036324
0.025  12 0.0435888 5 0.018162 11 0.0399564
0.05  15 0.054486 9 0.0326916 6 0.0217944
0.075  29 0.10534 11 0.0399564 23 0.0835452
0.1  32 0.116237 26 0.0944424 39 0.141664
0.125  42 0.152561 39 0.141664 47 0.170723
0.15  38 0.138031 62 0.225209 50 0.18162
0.175  36 0.130766 74 0.268798 63 0.228841
0.2  36 0.130766 81 0.294224 74 0.268798
0.225  34 0.123502 92 0.334181 88 0.319651
0.25  57 0.207047 94 0.341446 101 0.366873
0.275  55 0.199782 88 0.319651 102 0.370505
0.3  77 0.279695 63 0.228841 105 0.381402
0.325  74 0.268798 91 0.330548 100 0.36324
0.35  73 0.265165 93 0.337813 92 0.334181
0.375  72 0.261533 102 0.370505 129 0.46858
0.4  81 0.294224 112 0.406829 123 0.446785
0.425  92 0.334181 98 0.355975 111 0.403197
0.45  110 0.399564 101 0.366873 132 0.479477
0.475  134 0.486742 93 0.337813 112 0.406829
0.5  139 0.504904 100 0.36324 116 0.421359
0.525  161 0.584817 125 0.45405 144 0.523066
0.55  178 0.646567 148 0.537595 127 0.461315
0.575  206 0.748275 120 0.435888 140 0.508536
0.6  204 0.74101 129 0.46858 120 0.435888
0.625  238 0.864511 152 0.552125 132 0.479477
0.65  184 0.668362 171 0.621141 158 0.573919
0.675  226 0.820923 198 0.719215 166 0.602979
0.7  197 0.715583 183 0.664729 184 0.668362
0.725  210 0.762804 172 0.624773 168 0.610243
0.75  188 0.682891 220 0.799128 162 0.588449
0.775  237 0.860879 202 0.733745 151 0.548493
0.8  212 0.770069 223 0.810025 181 0.657465
0.825  223 0.810025 209 0.759172 174 0.632038
0.85  254 0.92263 235 0.853614 210 0.762804
0.875  242 0.879041 202 0.733745 196 0.711951
0.9  232 0.842717 228 0.828187 172 0.624773
0.925  224 0.813658 242 0.879041 224 0.813658
0.95  208 0.755539 281 1.0207 257 0.933527
0.975  200 0.72648 266 0.966219 266 0.966219
1  221 0.802761 251 0.911733 286 1.03887
1.025  219 0.795496 240 0.871776 289 1.04976
1.05  212 0.770069 223 0.810025 255 0.926262
1.075  224 0.813658 230 0.835452 243 0.882673
1.1  208 0.755539 212 0.770069 199 0.722848
1.125  266 0.966219 234 0.849982 226 0.820923
1.15  235 0.853614 242 0.879041 233 0.846349
1.175  249 0.904468 250 0.9081 235 0.853614
1.2  256 0.929895 224 0.813658 259 0.940792
1.225  265 0.962586 260 0.944424 231 0.839085
1.25  235 0.853614 249 0.904468 233 0.846349
1.275  234 0.849982 244 0.886306 260 0.944424
1.3  256 0.929895 310 1.12604 261 0.948057
1.325  238 0.864511 285 1.03523 287 1.0425
1.35  228 0.828187 274 0.995278 301 1.09335
1.375  225 0.81729 289 1.04976 285 1.03523
1.4  229 0.83182 266 0.966219 309 1.12241
1.425  271 0.984381 262 0.951689 303 1.10062
1.45  299 1.08609 272 0.988013 309 1.12241
1.475  281 1.0207 274 0.995278 298 1.08246
1.5  320 1.16237 252 0.915365 279 1.01344
1.525  304 1.10425 291 1.05703 269 0.977116
1.55  271 0.984381 237 0.860879 205 0.744642
1.575  0 0 0 0 0 0
