theta count1[theta]pdf1[theta]count2[theta]pdf2[theta]count3[theta]pdf3[theta]
0  6 0.0152837 2 0.00509457 7 0.017831
0.025  14 0.035662 4 0.0101891 10 0.0254728
0.05  27 0.0687767 16 0.0407565 19 0.0483984
0.075  14 0.035662 27 0.0687767 22 0.0560402
0.1  20 0.0509457 27 0.0687767 27 0.0687767
0.125  32 0.0815131 40 0.101891 35 0.0891549
0.15  34 0.0866077 41 0.104439 55 0.140101
0.175  42 0.106986 58 0.147742 73 0.185952
0.2  48 0.12227 86 0.219066 90 0.229256
0.225  42 0.106986 95 0.241992 149 0.379545
0.25  59 0.15029 120 0.305674 154 0.392282
0.275  80 0.203783 171 0.435586 186 0.473795
0.3  107 0.272559 187 0.476342 165 0.420302
0.325  110 0.280201 195 0.49672 193 0.491626
0.35  106 0.270012 181 0.461058 204 0.519646
0.375  117 0.298032 175 0.445775 204 0.519646
0.4  145 0.369356 175 0.445775 219 0.557855
0.425  172 0.438133 137 0.348978 234 0.596064
0.45  200 0.509457 142 0.361714 221 0.56295
0.475  237 0.603706 139 0.354072 225 0.573139
0.5  249 0.634274 135 0.343883 194 0.494173
0.525  253 0.644463 137 0.348978 163 0.415207
0.55  263 0.669936 165 0.420302 148 0.376998
0.575  274 0.697956 194 0.494173 172 0.438133
0.6  304 0.774374 215 0.547666 209 0.532382
0.625  338 0.860982 176 0.448322 193 0.491626
0.65  354 0.901739 184 0.4687 220 0.560402
0.675  342 0.871171 202 0.514551 172 0.438133
0.7  319 0.812584 206 0.52474 184 0.4687
0.725  298 0.759091 256 0.652105 205 0.522193
0.75  278 0.708145 261 0.664841 259 0.659747
0.775  292 0.743807 268 0.682672 242 0.616443
0.8  335 0.85334 223 0.568044 250 0.636821
0.825  280 0.71324 267 0.680125 283 0.720881
0.85  275 0.700503 264 0.672483 287 0.73107
0.875  267 0.680125 308 0.784563 260 0.662294
0.9  257 0.654652 324 0.82532 265 0.67503
0.925  279 0.710692 330 0.840604 242 0.616443
0.95  305 0.776922 350 0.891549 249 0.634274
0.975  307 0.782016 432 1.10043 304 0.774374
1  299 0.761638 444 1.13099 319 0.812584
1.025  280 0.71324 355 0.904286 317 0.807489
1.05  281 0.715787 376 0.957779 300 0.764185
1.075  297 0.756543 374 0.952684 316 0.804942
1.1  281 0.715787 421 1.07241 307 0.782016
1.125  298 0.759091 379 0.965421 278 0.708145
1.15  312 0.794753 399 1.01637 314 0.799847
1.175  301 0.766732 395 1.00618 371 0.945042
1.2  359 0.914475 458 1.16666 405 1.03165
1.225  357 0.90938 429 1.09278 445 1.13354
1.25  381 0.970515 454 1.15647 487 1.24053
1.275  404 1.0291 477 1.21505 493 1.25581
1.3  413 1.05203 459 1.1692 451 1.14883
1.325  375 0.955231 478 1.2176 413 1.05203
1.35  357 0.90938 399 1.01637 405 1.03165
1.375  393 1.00108 367 0.934853 449 1.14373
1.4  374 0.952684 322 0.820225 447 1.13864
1.425  432 1.10043 305 0.776922 456 1.16156
1.45  434 1.10552 278 0.708145 423 1.0775
1.475  456 1.16156 317 0.807489 384 0.978157
1.5  398 1.01382 307 0.782016 334 0.850793
1.525  421 1.07241 303 0.771827 331 0.843151
1.55  319 0.812584 292 0.743807 265 0.67503
1.575  0 0 0 0 0 0
