m  countseg_amorph  countseg_crys  countseg_tie  pdfseg_amorph[m]  pdfseg_crys  pdfseg_tie
1 1749 1857 0.07713  0.0973883  0
2 1669 1816 0.073602  0.0952381  0
3 1594 1623 0.0702946  0.0851164  0.0598033
4 1393 2107 0.0614306  0.110499  0.0611446
5 1302 1914 0.0574175  0.100378  0.067628
6 1225 1171 0.0540219  0.0614118  0.0675162
7 1048 863 0.0462163  0.0452591  0.0611446
8 968 950 0.0426883  0.0498217  0.0555556
9 891 1057 0.0392926  0.0554332  0.0554438
10 789 835 0.0347945  0.0437906  0.0460541
11 793 621 0.0349709  0.0325677  0.0479544
12 688 673 0.0303404  0.0352947  0.0419182
13 644 777 0.0284001  0.0407489  0.0387883
14 561 627 0.0247398  0.0328823  0.0339817
15 521 483 0.0229758  0.0253304  0.0302929
16 502 377 0.0221379  0.0197713  0.0276101
17 470 370 0.0207268  0.0194042  0.0250391
18 417 286 0.0183895  0.014999  0.0222446
19 415 210 0.0183013  0.0110132  0.0249273
20 367 179 0.0161845  0.00938746  0.0226917
21 285 133 0.0125684  0.00697504  0.015873
22 319 109 0.0140677  0.00571638  0.0157612
23 262 87 0.0115541  0.00456262  0.0141963
24 247 80 0.0108926  0.00419551  0.0146434
25 217 75 0.00956959  0.00393329  0.0110664
26 200 53 0.0088199  0.00277953  0.0108428
27 202 57 0.0089081  0.0029893  0.0107311
28 182 60 0.00802611  0.00314663  0.00726582
29 157 55 0.00692362  0.00288441  0.00827185
30 169 63 0.00745281  0.00330396  0.00871898
31 137 40 0.00604163  0.00209776  0.00648334
32 129 49 0.00568883  0.00256975  0.006148
33 130 31 0.00573293  0.00162576  0.00592444
34 131 51 0.00577703  0.00267464  0.00503018
35 106 41 0.00467455  0.0021502  0.00458305
36 124 40 0.00546834  0.00209776  0.00547731
37 100 36 0.00440995  0.00188798  0.00447127
38 94 30 0.00414535  0.00157332  0.00435949
39 94 39 0.00414535  0.00204531  0.00335345
40 83 36 0.00366026  0.00188798  0.0036888
41 96 41 0.00423355  0.0021502  0.00447127
42 66 29 0.00291057  0.00152087  0.00312989
43 63 31 0.00277827  0.00162576  0.00279455
44 59 38 0.00260187  0.00199287  0.00290633
45 61 34 0.00269007  0.00178309  0.00268276
46 61 22 0.00269007  0.00115377  0.00156495
47 61 28 0.00269007  0.00146843  0.00234742
48 50 34 0.00220497  0.00178309  0.00111782
49 35 28 0.00154348  0.00146843  0.00145316
50 48 26 0.00211678  0.00136354  0.00156495
51 33 20 0.00145528  0.00104888  0.00111782
52 35 24 0.00154348  0.00125865  0.0012296
53 31 33 0.00136708  0.00173065  0.00145316
54 31 18 0.00136708  0.00094399  0.0012296
55 36 19 0.00158758  0.000996434  0.00134138
56 36 35 0.00158758  0.00183554  0.000782473
57 23 28 0.00101429  0.00146843  0.000894254
58 28 15 0.00123479  0.000786658  0.00111782
59 35 13 0.00154348  0.000681771  0.0012296
60 29 16 0.00127889  0.000839102  0.000670691
61 21 27 0.000926089  0.00141598  0.000335345
62 18 8 0.000793791  0.000419551  0.000894254
63 23 18 0.00101429  0.00094399  0.000670691
64 24 21 0.00105839  0.00110132  0.000670691
65 12 15 0.000529194  0.000786658  0.000447127
66 18 19 0.000793791  0.000996434  0.000670691
67 22 14 0.000970189  0.000734214  0.000894254
68 21 21 0.000926089  0.00110132  0.000558909
69 19 17 0.00083789  0.000891546  0.000558909
70 11 10 0.000485094  0.000524439  0.000447127
71 12 26 0.000529194  0.00136354  0.000223564
72 12 14 0.000529194  0.000734214  0.000223564
73 9 12 0.000396895  0.000629327  0.000223564
74 7 14 0.000308696  0.000734214  0.000223564
75 5 11 0.000220497  0.000576883  0.000111782
76 6 7 0.000264597  0.000367107  0.000111782
77 11 12 0.000485094  0.000629327  0.000223564
78 11 16 0.000485094  0.000839102  0.000223564
79 9 13 0.000396895  0.000681771  0
80 9 7 0.000396895  0.000367107  0.000111782
81 5 10 0.000220497  0.000524439  0.000223564
82 5 10 0.000220497  0.000524439  0.000111782
83 4 7 0.000176398  0.000367107  0
84 4 8 0.000176398  0.000419551  0
85 8 6 0.000352796  0.000314663  0
86 5 7 0.000220497  0.000367107  0
87 7 12 0.000308696  0.000629327  0
88 6 14 0.000264597  0.000734214  0.000111782
89 5 13 0.000220497  0.000681771  0
90 3 5 0.000132298  0.000262219  0
91 5 11 0.000220497  0.000576883  0
92 6 11 0.000264597  0.000576883  0
93 1 8 4.40995e-05  0.000419551  0
94 3 7 0.000132298  0.000367107  0
95 5 11 0.000220497  0.000576883  0
96 1 11 4.40995e-05  0.000576883  0
97 1 18 4.40995e-05  0.00094399  0
98 0 12 0  0.000629327  0
99 31 1765 0.00136708  0.0925635  0
the  average length of crystalline segments is=20.9086 of  amorphous segments is =13.6102
the length weighted  average length of crystalline segments is=59.9781 of  amorphous segments is =28.5263
