 time crystallinity "clusters w/ >= 2 members" "   independent clusters" "mean size cryst domains" "crystalline grid elements"
0 0.0 0.00030483158055174517 1.0 6.0 1.0 6.0
1 1200000.0 0.006858710562414266 9.0 109.0 1.238532110091743 135.0
2 2400000.0 0.0372402580907382 78.0 345.0 2.1246376811594203 733.0
3 3600000.0 0.11974800589341056 145.0 496.0 4.752016129032258 2357.0
4 4800000.0 0.22090128537316467 175.0 497.0 8.748490945674044 4348.0
5 6000000.0 0.3144845806025504 172.0 461.0 13.427331887201735 6190.0
6 7200000.0 0.3765178072448306 160.0 472.0 15.701271186440678 7411.0
7 8400000.0 0.4170096021947874 158.0 431.0 19.044083526682133 8208.0
8 9600000.0 0.4443428339175939 153.0 423.0 20.67612293144208 8746.0
9 10800000.0 0.464106081390032 141.0 408.0 22.389705882352942 9135.0
10 12000000.0 0.4790936341004928 140.0 395.0 23.873417721518987 9430.0
11 13200000.0 0.4940811868109536 135.0 372.0 26.142473118279568 9725.0
12 14400000.0 0.5009398973733679 139.0 352.0 28.011363636363637 9860.0
13 15600000.0 0.5092211553116903 130.0 350.0 28.63714285714286 10023.0
14 16800000.0 0.5162322816643804 127.0 336.0 30.241071428571427 10161.0
15 18000000.0 0.5172483869328862 112.0 317.0 32.11671924290221 10181.0
16 19200000.0 0.5241070974953005 126.0 343.0 30.075801749271136 10316.0
17 20400000.0 0.5273586343545191 114.0 322.0 32.2360248447205 10380.0
18 21600000.0 0.5320835238530712 113.0 315.0 33.24761904761905 10473.0
19 22800000.0 0.5330488238581517 126.0 315.0 33.30793650793651 10492.0
20 24000000.0 0.5375704923030026 115.0 317.0 33.37854889589905 10581.0
21 25200000.0 0.5428542396992329 102.0 326.0 32.7760736196319 10685.0
22 26400000.0 0.5450388660265203 125.0 351.0 30.564102564102566 10728.0
23 27600000.0 0.5477315449880608 112.0 345.0 31.24927536231884 10781.0
24 28800000.0 0.5463089976121526 115.0 314.0 34.245222929936304 10753.0
25 30000000.0 0.5508814713204288 114.0 325.0 33.363076923076925 10843.0
26 31200000.0 0.5502210028959 112.0 321.0 33.73831775700935 10830.0
27 32400000.0 0.5551999187115785 112.0 322.0 33.93788819875776 10928.0
28 33600000.0 0.5537265660722451 112.0 307.0 35.501628664495115 10899.0
29 34800000.0 0.5582482345170959 120.0 312.0 35.217948717948715 10988.0
30 36000000.0 0.5564700502972107 122.0 363.0 30.173553719008265 10953.0
31 37200000.0 0.5596707818930041 125.0 337.0 32.688427299703264 11016.0
32 38400000.0 0.5596199766295789 107.0 301.0 36.59468438538206 11015.0
33 39600000.0 0.5614489661128893 110.0 315.0 35.08253968253968 11051.0
34 40800000.0 0.560178834527257 106.0 314.0 35.11464968152866 11026.0
35 42000000.0 0.5628715134887975 113.0 311.0 35.62379421221865 11079.0
36 43200000.0 0.5668343240359701 106.0 329.0 33.911854103343465 11157.0
37 44400000.0 0.5670883503530966 105.0 299.0 37.331103678929765 11162.0
38 45600000.0 0.5682568714118783 106.0 336.0 33.288690476190474 11185.0
39 46800000.0 0.5689681450998323 116.0 306.0 36.59803921568628 11199.0
40 48000000.0 0.5672407661433725 117.0 307.0 36.36807817589577 11165.0
41 49200000.0 0.5705431082660164 110.0 313.0 35.87859424920128 11230.0
42 50400000.0 0.5715084082710968 112.0 318.0 35.374213836477985 11249.0
43 51600000.0 0.5710511609002693 110.0 334.0 33.65269461077844 11240.0
44 52800000.0 0.5710003556368439 114.0 323.0 34.795665634674926 11239.0
45 54000000.0 0.5716100187979475 112.0 327.0 34.40672782874618 11251.0
46 55200000.0 0.5714576030076716 121.0 342.0 32.888888888888886 11248.0
47 56400000.0 0.5728801503835798 111.0 310.0 36.3741935483871 11276.0
48 57600000.0 0.5764873240867754 118.0 313.0 36.25239616613418 11347.0
49 58800000.0 0.5764873240867754 113.0 311.0 36.48553054662379 11347.0
50 60000000.0 0.5769953767210283 119.0 309.0 36.75404530744336 11357.0
51 61200000.0 0.5759792714525225 113.0 323.0 35.09907120743034 11337.0
52 62400000.0 0.5787227556774882 111.0 310.0 36.74516129032258 11391.0
53 63600000.0 0.5771477925113042 113.0 292.0 38.9041095890411 11360.0
54 64800000.0 0.5818218767464309 115.0 336.0 34.083333333333336 11452.0
55 66000000.0 0.5808057714779251 116.0 314.0 36.40764331210191 11432.0
56 67200000.0 0.5786719504140629 107.0 291.0 39.14089347079038 11390.0
57 68400000.0 0.57730020830158 114.0 297.0 38.25925925925926 11363.0
58 69600000.0 0.5783163135700858 115.0 279.0 40.799283154121866 11383.0
59 70800000.0 0.579738860945994 115.0 339.0 33.660766961651916 11411.0
60 72000000.0 0.580958187268201 105.0 315.0 36.301587301587304 11435.0
61 73200000.0 0.5821267083269827 115.0 316.0 36.25949367088607 11458.0
62 74400000.0 0.5815170451658792 112.0 316.0 36.221518987341774 11446.0
63 75600000.0 0.5782655083066606 112.0 330.0 34.49090909090909 11382.0
64 76800000.0 0.5796880556825688 109.0 297.0 38.417508417508415 11410.0
65 78000000.0 0.5780622872529594 120.0 314.0 36.23566878980892 11378.0
66 79200000.0 0.5835492557028908 114.0 289.0 39.7439446366782 11486.0
67 80400000.0 0.5849718030787989 112.0 327.0 35.211009174311926 11514.0
68 81600000.0 0.584108113600569 127.0 309.0 37.20711974110032 11497.0
69 82800000.0 0.5837016714931667 105.0 296.0 38.814189189189186 11489.0
70 84000000.0 0.5839048925468678 115.0 297.0 38.696969696969695 11493.0
71 85200000.0 0.5821267083269827 119.0 323.0 35.473684210526315 11458.0
72 86400000.0 0.5818218767464309 115.0 293.0 39.08532423208191 11452.0
73 87600000.0 0.5814154346390286 118.0 295.0 38.79322033898305 11444.0
74 88800000.0 0.585327439922776 108.0 300.0 38.403333333333336 11521.0
75 90000000.0 0.5840573083371438 110.0 309.0 37.20388349514563 11496.0
76 91200000.0 0.585327439922776 112.0 321.0 35.890965732087224 11521.0
77 92400000.0 0.5870040136158106 109.0 293.0 39.43344709897611 11554.0
78 93600000.0 0.5880201188843164 111.0 310.0 37.33548387096774 11574.0
79 94800000.0 0.5870040136158106 118.0 307.0 37.63517915309446 11554.0
80 96000000.0 0.5861911294010059 108.0 309.0 37.33980582524272 11538.0
81 97200000.0 0.5858862978204542 111.0 295.0 39.09152542372881 11532.0
82 98400000.0 0.5873596504597877 106.0 303.0 38.15511551155115 11561.0
83 99600000.0 0.5892394452065234 117.0 313.0 37.054313099041536 11598.0
84 100800000.0 0.5896458873139258 113.0 315.0 36.84444444444444 11606.0
85 102000000.0 0.5858862978204542 108.0 281.0 41.03914590747331 11532.0
86 103200000.0 0.5916780978509374 122.0 296.0 39.3445945945946 11646.0
87 104400000.0 0.5901031346847534 108.0 300.0 38.71666666666667 11615.0
88 105600000.0 0.5901539399481787 107.0 268.0 43.343283582089555 11616.0
89 106800000.0 0.5920845399583397 111.0 290.0 40.186206896551724 11654.0
90 108000000.0 0.5919321241680638 110.0 283.0 41.169611307420496 11651.0
91 109200000.0 0.5901031346847534 107.0 304.0 38.20723684210526 11615.0
92 110400000.0 0.5966062084031906 104.0 312.0 37.63782051282051 11743.0
93 111600000.0 0.5947772189198801 106.0 322.0 36.357142857142854 11707.0
94 112800000.0 0.5913732662703857 107.0 317.0 36.7192429022082 11640.0
95 114000000.0 0.5926433978560178 115.0 305.0 38.24590163934426 11665.0
96 115200000.0 0.5898491083676269 102.0 317.0 36.624605678233436 11610.0
97 116400000.0 0.5928974241731443 111.0 300.0 38.9 11670.0
98 117600000.0 0.5946756083930295 102.0 302.0 38.758278145695364 11705.0
99 118800000.0 0.5933546715439719 107.0 308.0 37.91883116883117 11679.0
100 120000000.0 0.5916780978509374 108.0 330.0 35.29090909090909 11646.0
