45.9895706315254
56.3249115462258
38.8735312366899
48.6759190538331
63.4221439995561
49.5885255054478
51.1589274392427
58.7988431724312
49.9562857163540
36.8005291154446
37.0443084508261
45.4414159958521
44.7657272522889
39.3651631986628
52.3195407539888
41.5592836382379
39.3986293927462
49.1495910412221
50.8659438582597
49.1915307837908
34.3204446910243
63.6632021132405
62.9773633877123
52.1877095009895
63.3766173265545
38.1713740699854
53.2960811853315
41.7025730973542
50.5199201121823
53.0495108650095
52.3707278470404
56.6797181289044
50.8297813450126
44.6799367236105
48.3985553599874
46.4449783282483
65.7538640373537
60.6646042857299
40.9965970645059
47.0979724617563
43.4060005739155
44.1170747667288
70.1898223161190
31.2030570416321
46.2618153495355
31.2751608679113
59.8166186327519
69.5364078582640
54.9334508497212
59.8284343639520
44.0563283866807
45.9767559841843
53.3471765576669
54.1819277289515
55.8179074488548
60.0733088295271
47.6089376226704
63.2751212683641
60.8882111990807
42.8568405993487
46.7879032518352
52.4241494808265
47.8265972208115
47.6548922048650
50.8015293544192
70.5386966734749
70.1552428058566
39.6338582405965
52.8441092247467
40.6864397394386
56.3713756421304
54.7216439623375
65.8297250853258
57.8477362804646
55.6022634603557
54.3314219594046
54.9828336098565
56.7870740134628
62.4515192135207
58.6075558758364
46.9689854384561
63.9822630471418
48.6859058477851
45.2706643984522
34.3042742598651
36.2721123049250
44.5023481431736
40.2117348807628
40.0990607194160
56.1440324463916
44.5159514127934
53.3856965120917
49.6642348497129
47.6194396251269
54.3664828017763
48.9451290268466
56.2150712566856
57.4155870414301
51.1448889649447
39.6320928139686
71.6524263609106
48.2667812476266
61.7975071414211
42.0144035451312
52.8298156466784
49.1964702196503
46.3496659147990
47.4973671012112
54.0287289550063
56.9062456068866
64.5347625660888
56.1758726293797
55.5324039252655
39.2292343268139
41.8021414337647
59.0859287666993
70.3866579825993
60.9599200583758
48.4773715966632
61.0738907870806
52.2373930743780
57.7009143506328
55.9450064319808
53.7162841952753
69.5924612784975
57.4494691645331
52.2116297311244
47.5651797187666
60.2790381823498
51.7182906374583
53.1505459277493
55.0137007798247
57.0997373649366
50.7388779705088
54.9152214534025
63.4547750923480
50.4358932367904
52.0220184138620
46.3402741866839
60.8599799198329
60.0605505950480
47.7948492728082
56.6570611756678
57.0964054592716
61.9626516371277
49.3925354246769
52.4140150568440
49.8394013803498
46.7389154673468
52.3043789475593
55.1701036195548
63.4880938593875
44.3308602037456
56.5480261845088
51.5995098381921
55.8442243035936
46.0908402295350
57.8446225113109
57.4004306647026
50.7961147250787
56.5305214826154
44.2161715082117
67.0642588751084
51.0490203302935
45.9508414710108
65.3187716954673
51.2352046984606
51.5747435764000
45.5321003416596
59.6053103812465
31.5434233316544
43.7929024534097
58.5639518747077
64.1348972265353
36.5689359964006
43.8855932981148
35.2555884209815
51.7947479700571
53.0360908621495
47.7178036486083
70.0382018033920
44.0878215564710
48.0800760111468
56.3996605934074
52.8324707722413
38.1731328059787
56.1526778140949
51.2834720157129
56.1475131207181
35.1102912815692
62.3490816813376
56.2124141085398
48.9151817444523
49.4507403973039
49.3678677288488
54.7786717400163
49.1093504691863
39.7671677744789
57.4206227794450
65.5923553589398
52.2205903835541
34.2827939614228
41.4758798211482
57.2699820209411
59.4134478946616
51.5038816464063
51.3438342520412
59.0441248657778
53.3825000375860
73.0221226398055
32.5619345889273
51.6702839727630
36.9468810100792
51.4282978329639
49.1951221115579
53.2393611014526
58.6278289693607
54.5756756571121
60.9684777617194
64.2442733341046
54.5159876506577
59.4235686910697
48.2616430370804
51.4497852511934
43.3891808906801
56.0080999430226
54.6283523120950
61.0996623616407
47.6567593543241
65.1984284464328
53.7171434983101
59.7344814464359
48.4833793631580
43.8257396728634
60.4223042190211
57.5927310124722
46.3475880623115
38.7167470584650
57.4193801815425
45.8646348422846
49.8217699056996
70.5801046703811
43.6333418849339
55.9690921479310
69.6352880049684
53.9160338918446
58.0354903640171
62.5989449759392
64.4458409592777
44.5177457444665
56.7998698790270
43.1088827791416
51.1769998221582
65.6997388203105
50.9423481050166
40.8239327883821
56.3099343708529
43.6968235688832
59.1066183273382
57.3690702096005
49.1583027083842
69.9729509917703
55.1271924355992
65.7581004181938
46.9469967144871
56.6030659758013
52.8700832238698
55.2022676524807
64.7739816585937
43.2775663965139
53.5629257743524
57.9696112544585
58.4747539648468
55.5883951415129
47.4141063005401
44.0154861775818
54.9883907945016
51.3636252436363
50.6754602830907
53.7392049966902
53.7738805037671
55.1369089601166
51.6567297360532
47.8120739431103
52.9112976937912
40.9565119811399
33.8342768834579
31.5362495838043
56.2233113961475
40.5966882795978
43.4503567851462
47.2569958357857
31.8547574918962
65.1547346553322
52.2611645616255
51.4854306335045
53.0642656717080
47.9053740426441
49.4294088212544
47.4919270435248
46.6535898319064
58.1843031546826
34.9598320066705
47.6963690685264
66.8822121362111
74.6450743481083
54.1597819757398
52.4017452610589
52.1198706486071
40.2480053618825
45.2247207984994
47.3756182303860
54.4659008532444
37.9973814235505
63.4333080262777
39.9119089819827
49.2088721828305
42.5545885485030
53.2454821511322
40.7930723335093
48.8805010463625
51.5006656624234
59.9742827104033
61.6555189187063
66.8223291009956
33.2258635980880
55.5529983453234
36.8147613377920
56.9288143671792
42.9387559941249
60.5661844256993
51.9727163756387
52.7557501118116
34.7122691524173
54.3468453836740
42.7911321493701
55.3389897545214
61.0042053201707
37.9879059102738
41.9911931243710
46.9362457560196
44.1205425218489
63.7413576607973
48.6695504737239
50.6077395161354
49.6212205733148
43.8944638040708
59.5466295830440
39.5958380720379
65.2203999619895
36.2060546933538
54.9765749426058
50.0691201532672
59.3201167898084
48.9610707000941
58.4236470412263
41.3948947842091
56.8622738293012
57.3800691014243
37.6171242306791
50.6836448014192
57.8616643514878
48.5761147292641
49.7688398741876
59.9321563402282
61.0868778922515
64.3269073782655
40.1782290178821
50.4953619228805
39.8271303607157
65.9309358812460
54.3032614100380
62.8540667173237
59.0236585032962
58.0851198212524
71.9397327978103
43.4765153773434
50.0728953604212
55.8329534189802
43.4684590558426
45.3457249849386
65.0694486982504
53.4944481752772
61.3715873772422
33.3923405926165
41.0847266076866
51.5874383848855
45.6143625932061
52.7800031411203
50.7712356571204
51.7047060289227
56.0876202312247
57.4910322795480
40.0267602418514
47.3543193382059
61.2774013301108
62.7681212725167
59.3494941604464
52.5795897579038
29.5754479605923
57.4500773881373
43.9199087157236
50.6355643067368
49.2189829478914
65.0595978667843
36.2305315188764
51.9841759571751
56.1410257877752
56.5367504092123
32.8113849265206
62.4248758008290
66.8214051602825
56.6522949982999
53.6154464335222
63.8404681761710
64.5384170726349
66.0881211430469
69.6675125991131
58.9972794293092
58.7363476197651
52.5418430403014
55.5123789915728
57.3765318871608
44.1188541321330
61.5282977203575
47.1212514942265
44.0227026399776
55.6603239766801
50.5659679035464
54.3388166838508
50.0832101825288
47.6581150701932
55.7884080426929
65.5922345245985
51.8045375547874
62.4913268110017
45.0444632620974
48.0085210613237
36.3881548443590
52.6906069404117
49.8867341676597
48.4021385045124
46.3918931474450
62.5474523905235
64.4309263068633
51.4185244651353
56.2486027603949
48.2952340501814
54.6478234486183
47.4516498694339
41.6815486579891
66.2119813214380
40.9489624949369
48.8137468901888
50.0655249998540
56.1759756593821
62.0731115326777
61.6253306572110
48.5558069997853
53.4206798075072
60.9455258803490
46.0246602040547
47.8058963079696
49.4767862408827
62.8356496506636
55.7242722019484
47.5543092769643
47.5012461888989
48.1899037197203
60.3112550233670
39.3698231948392
62.0031704843244
59.0635645453264
51.5078125885646
41.2417656374350
37.3796650608349
53.2491627443991
63.0311247015693
56.2186058351223
44.9231110460385
72.5847690103651
45.3343205480883
41.0722711448805
63.9565087843261
42.6400624146425
57.9766842134140
43.4334076966320
57.3182700559018
53.7506032826685
46.5440080791399
47.9174580259934
55.0506117762090
47.9575061054211
53.1915878275792
51.1138477607963
45.5689464327049
42.5458856640499
44.3251311898248
51.7142362385491
67.5530915831977
59.9146842693998
40.3459453664538
49.1764949862321
54.8108736347421
53.8360424506367
59.2403658599627
54.6754398119484
61.7020147370984
46.4620168987043
56.3172421460885
37.3598779835247
60.8173411691508
52.6463220414378
54.9018352346998
31.2390835030072
43.6651316808206
53.5510873094294
58.3101247854673
63.1557247609744
53.5185098957214
57.0271999340675
56.5464048645831
47.8231524721092
53.8338893509533
53.0031880413201
48.3358976502876
55.3154310416453
51.4308021279647
42.2283649054279
69.0418545149164
45.5772288934070
60.4374396325683
37.0987303524256
45.8777737966121
54.5559002198967
59.7238775745713
52.8526138357798
39.7624626535879
50.7817877294215
28.7828402694001
41.7243867015191
68.5734826638408
47.2496244335138
58.1981642956690
66.4763103201480
50.0817632955771
53.5938405426615
60.8563554984184
64.1702242036062
36.8673768084635
69.7283279377509
47.4242124673335
56.7561774841328
56.1117490132780
49.4750628944570
50.4390237833777
38.0826941799515
43.3687163247162
66.0455989209847
56.5083296224046
38.6390764830095
68.2430035951167
50.0372663703558
48.9893997779789
48.0176020146287
62.7871773249731
55.6922527221234
44.4822446759339
55.7863232487745
31.9916930030807
51.7053185864443
60.6683587152947
44.4358001404198
56.2314047759091
50.2585655194864
55.3072831045234
60.3696126820524
64.3711687823801
67.0793689060383
68.5443296387463
47.1234675119927
53.7364455241038
63.4251835834249
48.5563955033060
60.4222378783725
42.1001460966775
43.4558601856718
44.1259001702336
62.0029264415976
51.0528194196336
48.8830639221189
45.4071705839607
44.5407183995307
64.7405831041420
58.8470788343428
37.3569356171163
42.7012582444306
61.5088626925259
61.3065810448901
42.5289583544486
42.6489636851682
52.4588483751860
32.3592371050191
46.0211575534931
82.8076704758361
61.6973020154267
61.6201065469269
63.9100678100850
53.6804856586032
33.9514615382795
37.1156600142678
43.3147049599445
55.6217206528631
49.2517348772786
60.0224102145584
44.8449800650110
40.3506938485184
48.7016985335536
45.8913238131264
43.2144364522354
42.5609514450366
62.7222297468566
61.6373500879362
43.6124385614072
75.4453233320470
55.1574333078635
55.9012890722593
50.9741428670451
51.6466361081058
42.3817075925353
56.0957634641428
55.6527396363085
54.4031222982563
31.3065805747804
47.2535867790633
48.7347959292045
61.4996257000012
51.6117698096466
42.2608281380584
49.5582621296934
45.3832805523883
48.0615897810018
62.7763674471855
34.1147465247766
44.6217535889691
46.2774955758571
55.9580221609827
64.4294359974232
46.9798834166486
58.9648677787836
53.7807189377521
69.3962250219893
53.0298663270514
50.5225952749392
40.1919119816858
55.2488829338614
48.2655152007922
55.9998046680000
60.6466444626741
66.0954298428157
64.7631502381183
66.1409274487692
50.0662575319476
52.0770679344591
59.2974482662795
69.3773916750999
69.9532448849900
50.8051475381506
49.7610281002321
35.7304986999043
56.7011230112016
54.1967817547601
59.7771650099652
60.6815013457773
59.4697857905686
66.2030209829825
45.6831496339448
56.2686578838859
53.1889616866200
56.8431866937789
44.4412425434906
44.5864089063402
56.7368456916977
60.8611384630646
30.5822835940160
56.3243628764915
49.9964754075419
49.8077667817648
52.9268639677658
52.7331937941549
44.7852743168644
51.1098785245357
51.3975730562629
49.4511165846845
41.6145610713829
42.5724271417691
41.1498575166738
58.5195263271656
50.5879596935955
34.9972968539625
59.5065353656406
55.1960987008153
67.0407938879506
47.4132853961511
56.3319620300491
43.0047499417497
46.8901097391423
53.2620849684714
54.9953734932720
56.3348244383431
62.4610458094456
53.2469388897253
52.9514866853108
50.1694950381899
62.5311948040392
67.1335473278082
73.8686579923861
59.8985444478631
46.3896001495914
54.2137915458383
50.8237254759354
65.0073845014992
63.4411586120857
45.0055837386575
61.9340586299987
54.4696712720116
54.2278732821884
50.8100310509066
62.9658034903158
60.6010833011109
38.4338274447211
33.5374795984105
39.7794656646251
66.0358563478937
58.5215400170316
52.1149747659340
41.3183652037226
65.0178252563226
35.5531381561547
57.9811553034919
58.8508420428658
49.1457717190042
46.6185364300283
53.0200035168426
68.2997083091017
41.5143320841061
53.7432380523210
46.0265711662336
39.2380323664701
59.5420032156103
54.9037504726727
57.2678758991793
53.0286439570712
44.8042951065458
58.4505657523816
58.0299186919044
54.7087319450643
58.3506407746737
56.4019403657464
53.7735914632079
52.1806638202146
40.8525966108165
51.5119372794635
56.8791766295566
49.5094163753951
67.0615332623088
49.3906637806243
58.4829065440154
44.3909260456459
57.6017022513477
32.2816763202639
49.9562388404236
51.0972208758030
62.2965023557968
35.2720244419100
39.5187876159973
54.2922082012031
52.3787175454477
43.5575904426663
42.0674704692695
60.0040858795528
39.4069161885389
53.7136851217308
56.3884177423560
55.7849523992326
35.7307782380564
50.5302536824765
50.6639976729968
53.8401278420085
44.9552686105309
60.6032144095239
51.5736194381276
49.9978727985409
34.5615087985877
40.7620301451651
54.5644681290475
36.0521411510155
56.1403472304924
48.1954412304896
53.9289831710591
40.9937418367612
45.0326304938938
52.9292633037420
58.1710038497349
69.0026776103746
64.5354916720135
44.3718930055297
53.3827754688549
52.9068674411170
61.2986842491855
32.5790061896618
46.4720255871876
41.7455973204992
50.9351771093204
41.8906863558276
48.8684259041395
65.0302663479788
57.5221554767925
64.2905114861984
53.5853197653377
58.3086889919192
56.3864528986716
60.5997341086157
46.5290574359783
51.5393803541159
57.7674160254928
42.6037639122770
65.8235575978818
37.4511418280682
72.7359037516031
51.2640720110934
49.6549461295938
36.7321265874606
40.4936103325348
47.3026637768902
57.1889366607195
36.0183373473160
40.0785466767822
42.6063763442398
45.9132499234866
45.8346038315077
57.0054837650272
56.4801828381062
60.1861264167518
59.2307540772323
58.3472250191190
48.0196978888928
66.5258252792825
46.8195148927595
42.1033446238189
65.1596967911112
46.5003549150819
40.3256542190747
58.3454935504891
40.8985344400209
45.6290136282645
43.6157845693147
35.3278045707036
51.5039331199714
61.1665407514064
51.3976350492831
68.0452251142084
55.8207486192432
51.3198661976132
63.9547689028802
65.3309872248834
51.5434839739875
47.7295092610538
57.1501372540902
45.1415891922517
64.5564912881806
65.8348912232430
56.8652549193884
48.4134053823095
58.6367054796404
38.8875438883213
55.3248707715228
60.9264847125295
51.6759323484532
62.1637839271529
76.7004883346542
38.9976064949214
53.0338212066303
43.8532556210194
52.4966435836390
47.4114044039016
33.0734206994019
52.4853223182930
66.3290310267764
50.4307023451437
32.3244689136698
46.3941635812710
36.4093375427866
53.5029198755979
71.1553998567993
47.0006321573456
48.4902495709050
51.6710873687734
48.7610446483265
46.2639044536560
42.3497670962646
60.8623264787064
37.8418806341831
49.8938206868005
59.9186374250023
62.3687053745127
60.3665696501614
53.0558852360317
52.4740310285955
50.3370795198384
50.7857540266341
54.2926146767494
54.6936915493229
49.3449694253853
62.2753140119130
35.0808672628225
60.7959224269749
47.9685678992013
47.7496518133376
39.1489235241519
46.7923391274593
65.0205256623813
56.0868798540722
55.9693686732357
62.9443176540890
35.5203256907814
49.4561672875076
41.1438712678409
54.1179985633185
46.9912062626790
61.4409671299092
46.8024101425345
61.5592627092569
37.6293332678088
50.5353692863489
40.3266317821629
67.3416115014371
59.2322162040626
36.3484191304836
55.3954753655450
51.2764208516488
46.5880806681963
66.0250647397155
49.4971707424210
48.3822409649826
38.7383267707777
55.1815002567410
67.1904881090636
46.8400967689712
65.2879318915722
50.0065423444684
66.6870930950984
43.9995642235053
62.1181797623391
45.6233543295845
59.2059862068192
40.6949859330633
60.5687701234674
44.3224496530763
37.6404472062467
64.8048920178723
62.5215617774947
50.8277082940541
44.9103706867645
48.7981761691329
61.9571867489691
64.6569614342019
38.7848262077741
46.7352756186632
40.3984849775109
59.1092066941499
50.2638304000128
60.3373117019633
62.1234679073018
68.6474424062681
61.3131782171343
48.6693540513184
45.9564490147014
46.1510498311509
48.9818410208065
50.2802214458142
59.2906998648702
52.4349761475898
50.3905024366844
46.4306567691966
39.0695206431594
44.7592727592867
45.6811658702366
42.0433754242360
52.7730480344819
45.7850045161925
47.3823686214415
49.8678260133270
58.5405759490799
55.0972486558793
43.0090258678555
52.5141315502856
63.5233797354802
37.6711398432295
49.1247859523806
70.3092497086396
47.0163851380037
41.8867810653076
55.5475837768360
63.7615375400862
34.3606816616828
54.9499529453516
45.4946099859652
50.8018133234302
40.1441372617464
59.9661497418290
56.6789846313288
34.9294976293937
52.6369290673892
54.6859276780210
62.9048416400153
59.3429899716509
58.9573944604076
56.1806832619638
47.6708694957724
48.6215786833226
54.2823321298119
58.9089239829705
48.0902454121852
73.3320984514963
56.0191806110675
42.2949716958617
47.2487465484284
62.4250253832647
57.4635270355894
48.5604107914067
45.8943523133145
48.7087663607913
61.2393709118974
59.3302074052565
58.4623559420217
56.9741892937742
56.9900314196260
53.8819813856845
65.7772135556794
61.9443373289172
53.8086872395155
51.8499155319910
65.8581861836423
69.2098904171310
51.1760621986146
43.0349669820992
46.9954592879676
46.8279747769806
48.8968831241614
42.4074363958587
60.0456913460583
54.0075785133803
49.5598193259139
53.8236646770994
63.6694524775948
62.2081872523513
58.5676240691594
55.2004668014103
43.3937224439222
51.6653838675131
49.1998523047885
38.2641434212355
65.2716905308275
44.8782052463987
50.5820914579690
41.3405510124316
66.4502678800953
48.6002531624569
50.2559701917388
26.9875242116803
66.1193147240450
62.9258130567839
64.5785434235912
39.0327560293847
51.3373151725490
51.3281512270734
53.4860218909581
49.7873593746643
51.7930975745796
68.8743072680959
39.5108486397770
52.1742848002631
53.6022277316528
47.1738611132830
53.6123050951321
39.1079678703892
54.6513657843337
42.4575983155095
45.5566283817865
62.3617024349201
46.9450158575036
34.6993567801432
48.8831580552787
44.8364163583065
54.5027275789144
39.4766561798346
44.0531924813866
44.3208100722601
61.4127226040538
46.1136604573533
35.1116035254839
50.7102660624909
54.9850916203697
52.3733200257967
56.4487452233750
56.3938732743343
59.7794425140870
46.8707271910255
56.3165972136791
37.8490310055000
60.4602543490957
37.7340286629895
56.8196122841509
46.2570252889856
41.6442758231251
57.2356102770734
60.3205507279584
59.6380992138218
57.7255546248643
63.9233582166490
63.9812907670180
38.4309083657594
66.5548752538465
45.3140524787757
53.1150014350581
44.2491392222920
53.4200222735474
50.2686734738565
68.7495157087645
47.8344594904437
60.1222371093896
42.7267593619691
43.3615675314042
57.8922399236048
61.4258406252499
34.1138293497550
34.0304294919794
55.7772748018719
46.6860752386436
54.1511325742468
55.3533776288992
48.0705322751771
48.9677086655277
59.5251404003023
56.6630228141647
42.3765485819181
56.8178469993151
59.9165080832799
38.0931041258299
59.1757189522524
54.1621963506520
50.3876576093942
58.8703454178461
47.4435412833475
41.2748843846345
32.8377752386975
39.2519267665146
61.9513215394351
67.1488846363526
49.4388942357251
60.7956286656086
60.1258179212233
62.1512499500194
59.0229043730445
69.3548045965243
51.8279552894098
48.4218804683636
53.3311839942117
52.1280471606256
61.1589230455209
51.3195501656032
60.6682122792091
60.9676856784842
48.8191707670703
48.6863695914267
57.9871653803600
58.6941673028730
51.0523135135345
63.4305904512906
55.2592018146352
48.3821562613688
47.9963871287898
55.2876157651526
57.3451738404726
38.7844287583627
35.7742646578775
52.8318068072888
66.4494789824301
42.2331568691267
45.1552884594762
56.8890159478398
31.1065005327342
55.0228730633985
51.9749986596524
43.1885213765884
47.1425041736002
56.8871289077595
49.9642987349622
58.7732369540854
51.0727803198511
62.4014895695860
31.4822859394325
53.8974275015122
66.8426454206182
54.4576682604922
48.7733759100365
51.4640268353496
47.6242311374458
33.2970542467626
55.6519462225757
46.1168199421660
47.8008548117754
42.2075523398023
53.3402166374393
49.8237221155620
40.1353353097319
43.7858593392741
47.3223274775401
55.5561111004144
50.9905138813066
52.5389348389709
71.8725449733170
54.9990148086228
65.6479266424747
36.5505002654249
50.0501968849713
41.6230074994674
53.5403669817224
31.1192036530502
55.5009865317950
52.0860993405308
60.2033244341193
27.8576819422465
60.1766750870993
38.6299997717385
54.0926675045546
56.2744226040875
39.6020770916017
46.2426928573064
58.0018459752524
52.3296608267696
58.6749079060858
48.0959390342437
59.8408886115968
48.4629184063519
56.3467594036944
69.6674946410914
49.4534965187279
68.7336047871938
37.7829523350737
53.8192338348360
51.6873317905834
54.2449401189946
43.4721058293009
60.6530216596106
41.9889668443262
56.8934729836347
62.9683742677574
46.5415822483693
54.1214751722619
59.1374561305533
55.3074907288991
48.6364697560163
55.5288309531365
72.0444673297892
50.8874518051587
37.8964736195445
62.8192443120736
57.2782465777510
52.4419180977931
57.5184506260615
65.2932978718852
56.7451026631158
57.3848826547832
58.3261094927385
38.9254652714991
48.7949875217353
55.7935242304520
58.2602251445925
42.9469477152786
51.5852095268146
56.8391094087845
58.4175614125063
43.8840182797705
52.8152041656057
55.4957454394206
52.5816948327524
44.9119371171036
55.3725419022195
46.4228270607451
53.9893106962149
53.5593882897921
47.9875305505598
49.3666930660250
51.8750938024835
58.5799382062550
42.2915052873999
56.0527144548461
34.8631749805639
67.7269666762611
45.9528262772216
42.5677387755572
53.6370002085951
60.5002849217126
49.2554924102014
47.5267742644118
57.4051111890696
51.4709163655463
52.5341759941590
59.6601387000026
64.6357627741626
41.5170698475484
56.3632301890680
61.7453892906777
60.4094140392481
64.9555914366443
73.1748761785462
44.5984226685352
57.5065603212147
55.9078642542861
53.3226028423558
59.2608247001980
55.7335507720768
61.6408919025562
58.2580250858146
51.1967864773927
54.0176211336430
61.4008614616434
52.5167269044292
44.5420274008455
38.2602226736000
66.1027306473126
71.9971127301425
49.3724805454924
50.7445219479795
40.9585222697525
58.0021564782326
55.5641918449843
60.6774190214564
53.9509000719182
50.0630827736698
53.5484238152824
47.4397883706045
57.4801134136691
54.7244542300595
55.7004170893803
54.0121764496909
51.6740572920909
46.6274163044570
55.7935743051808
54.1826428055317
48.8542556429156
55.0453500718578
53.7642156739554
55.1425839098201
56.7032806089707
63.5330495091431
63.2502846263369
48.2302116226047
59.1150561721193
44.2670753083923
50.2599162084231
53.6442811200734
68.6105411221611
44.9568537767138
49.6180109880934
61.1891671892324
48.3575698699188
57.4770967236786
44.5288324103281
58.0097647783529
56.7837298590539
57.1876906182641
46.5199489997537
46.7681369899803
58.7265808324420
49.3254465516526
45.6230373109213
62.2911955172918
60.5784389501015
33.2888518767565
51.0225961700075
59.7231894545067
55.3382625843165
30.0673302865763
49.6300880705335
59.0063363723148
48.8429169793168
45.2692484156029
40.3533468890233
48.8994729412232
56.9881088953779
49.7989403096213
42.7198932202162
54.5232495759920
57.8141244254283
47.1821703063766
41.4784625662822
67.7980264771236
50.5563145052164
47.5609650328598
54.1927062806209
70.6453417803878
55.3592913072943
56.0221435407686
53.3923686804318
55.5826999622212
59.6380155552151
50.7032135593000
34.7840489524582
69.2850442916252
49.4176810667069
52.9559180797624
41.9218677288887
58.8257399461986
66.7948208944919
49.7362690982067
53.4353699843799
53.8441744269068
47.8670542983256
62.9180784284099
48.4438381327952
48.3723025401519
49.8365488813842
51.6298958185515
50.9210067136397
55.9450009856674
48.4768461666451
70.7685362137279
44.2286093787119
51.2882203883565
41.9468159234992
42.0663663495440
55.9791447112489
63.3892792135366
47.2652718045006
35.1120534111135
45.6845852569757
49.5180615240994
55.8823994714043
51.4882282578377
56.0238701549298
51.3365344516183
62.3885958492242
49.8582234480588
51.2925910889861
58.4512781262384
52.8693312187442
50.6274434937518
55.4274767399328
44.7907397876155
51.5635071124201
52.6417860598112
59.6273872638591
39.3950534204915
46.3444165206225
37.8346807017531
52.8112220951724
59.4444955392480
55.4498230004900
59.7531096569650
64.7672656848393
59.0312973687324
68.2023403616964
68.0937075850228
52.8932676672199
46.2020421836185
53.0588435018161
41.2627269848067
52.5609613809043
54.1126143936742
44.7446738736699
48.7964656678308
42.4069827935053
37.6818151303628
53.7456699641526
63.3502195849768
48.2672627940141
47.4628194149903
56.9951629707323
46.8670964699032
62.4032828834776
49.9551205936688
57.9247808903374
49.4909021526256
41.9340802375101
51.9395813320773
58.8530859037630
45.1731247118768
58.6019375063800
51.8244499679625
45.2497902948738
64.3634427997686
66.4508473541473
53.1023461213067
53.2075573908924
54.1706039465750
56.0566970784383
54.3715331303468
47.9285754977470
65.7601372437330
27.3513502334347
49.2919212352608
62.0980348971794
63.1602494594844
56.0068841065819
61.0497818929036
56.0277661335826
36.1868681632068
47.8099146064330
48.8482736178470
59.6597608328853
45.9765762587678
48.4179285381200
49.3259532985837
57.5168337340539
43.9023165744466
45.6439296120781
39.3979465030935
51.6002063530588
57.5833589558148
64.1409434881882
61.4135375070695
69.8830918073056
44.5821955166606
43.4341078286765
45.9968479683654
53.0826549934855
45.4884325489799
54.5663444970858
47.7427121730686
58.3170551778233
48.9503365354638
57.7511091478333
48.7932923642728
65.2511532966637
52.9670408346057
42.3263413974043
49.4618137343506
45.9719575976886
47.8960474972954
65.6203794338915
37.7557818417333
56.4695936276388
49.5937684632625
46.0326228471031
69.6183733333310
53.0975675201840
73.1933183270988
42.5675393662024
60.9333408398466
47.1120805035061
53.7796307791531
45.8390937936070
47.2589849076327
48.3682406907254
61.6550225550563
67.9948596697366
49.6029434164276
36.7910939549455
63.9572566804318
64.2230002235152
50.9040133035440
60.6968555878757
51.7927653552007
60.0931483000237
42.5349188947283
55.9769958621462
50.8452365110586
60.9771178685368
62.8916557121242
54.4619326930212
47.6328192623124
68.4817385641782
63.9521806198539
51.1495206204193
52.3032934588648
57.4227295707344
58.7531343882721
39.9937653105378
66.8008157120934
46.9901603303665
55.4030913905795
31.3708015004275
41.1248999113958
43.2197541902958
46.1604313345555
47.4892392321987
45.1609429497817
44.9799995489547
54.0970170234184
49.0150213499031
38.0426987238474
46.2446548665227
41.2992511765476
55.8696786719245
55.2005326142929
47.0063446454589
32.1562389631474
55.2035773163840
41.8301870138002
50.9616759737249
52.8862169154599
54.3395804999182
34.4193270707556
49.7987540842544
53.7290106644129
43.9474334673746
45.4845281062077
63.3900466412941
64.9409799926303
36.1164245069646
46.4932001673399
43.3089582481042
60.9597471417762
70.6090234506810
48.0721537247072
60.3846764031908
60.0112744983810
41.2937749066906
57.1470693333588
51.9711906904798
51.9815233022179
72.6566130964744
54.8754115480430
45.6572898310765
61.4150936325798
71.6585099194097
62.1081897708060
55.8286469510606
41.8983590819795
57.0741940750529
72.9416198890313
50.4370284852150
60.8182879478487
47.1178155314118
65.3477842390330
45.8551290440912
46.0230062497336
63.1305751573462
55.2570932900541
56.9035018752486
42.6737644004390
51.3019988895520
44.4445235737168
49.0916914620068
49.9296502437733
51.7874930294547
46.4475742685266
56.8474886967362
56.9877695172140
49.4332150784250
62.3625206680484
54.6762042490295
61.1695455406102
56.4059361515076
68.9251389125005
55.2168423015882
44.5679448273111
55.0299590425760
46.0491582827183
49.1829496494915
54.2627937839117
59.9378157277776
55.2246438152331
53.1217311807809
56.6027633492627
51.2783814841609
58.1735419175783
42.9732493634843
53.2734424690977
69.7287338452020
60.5049621540631
38.0876656961992
51.6868272560893
51.7547617382046
61.4915449423104
43.6218451501391
41.9287548070404
67.2767606663747
40.4475390048530
50.6287837334161
58.5849212542534
53.6827432356617
38.1791597988818
49.5450319805962
50.3508509530888
59.9262237877804
39.6747323206782
46.4700909506134
59.0680427676592
57.1320326990136
54.4160679130110
44.8321132235984
48.9110529095864
44.3298486240926
44.8977931740014
51.9466323472180
57.0927917579895
51.7469478250057
36.1500423182468
57.3340169424176
59.9322884958083
60.8605521431453
46.3182018548114
65.4215470405124
58.8975728346585
60.1436747765112
68.7693273927436
37.1211033108228
49.9012516075087
32.9478415610643
65.3903795915173
43.9931042382494
46.6877606123998
62.2903326032831
55.9142520304764
59.0613653943675
48.0961137270828
55.9189944549354
63.3328987327969
61.2001040037664
42.3821073310568
48.3663592020439
51.1746374991888
59.0489336890342
62.2593390160561
41.9080437902689
65.1657839753676
57.5414914818574
52.2619340984234
52.6003474637570
40.9596198714021
49.3889731855477
62.7749391904631
37.6203807601324
37.8171078067756
60.7550109663685
49.8157426871822
34.6242515991966
53.4846907271251
60.8554799717078
46.6278073225154
65.3845088857424
55.9032145651071
45.6677336288029
67.1687443539858
49.7565295986880
42.8484751600231
62.6787183543026
52.5993731727638
57.1215575253138
51.4492937050522
36.5396090024962
41.3607159995060
46.8647708090050
39.8396903779389
50.4348466424515
56.1163275777748
34.4588106916046
71.6281214670981
58.7368725764688
53.9548638584245
54.7782056734781
66.3328074813450
52.0241006077502
41.6227659581988
69.0080782241197
42.2920363421426
45.7588426264550
50.9644334400066
63.0407503359524
53.7916236557480
54.2549934011689
42.8678180020039
50.1828394267840
49.3531212262288
58.4926109077778
52.7042858757692
58.2809513684991
43.6102253394415
52.3547650631732
48.4470977420262
58.4569819369094
40.0863828273388
35.1037431255585
56.5448577037247
64.1046068353263
45.8854335226866
43.7120944288043
56.8598474350562
32.5921642817238
65.7884586386173
60.4592800519582
43.0219415494288
48.4469968062086
55.9225328154540
58.3270393388635
44.4547732204781
34.5086539813228
59.8892076699145
31.0395761351283
46.4145769928078
59.6584656571966
64.3027121541681
46.2404487624078
62.5053949987138
55.1832603843227
38.3767170165415
31.9141327429037
49.9687663337135
55.7718832092413
50.9500541649677
50.7748725699207
47.6900644227274
52.9250290065049
43.4134004118896
61.3477480975375
39.5859450480003
53.3074550294183
48.8892187215139
58.9883533294776
42.8119803581576
63.4732810774057
41.1499601229281
68.4915166079370
49.5136648632684
57.3204449884952
33.0701220549320
63.5090446865993
59.1794492131719
60.6579529209487
30.6209643477116
59.0428894246801
60.5567927681262
67.9489739935452
57.5010191462734
43.4405652850511
63.2464533874362
51.1039447980177
59.7168056703153
72.1169300029864
31.7449922627512
54.9559018656636
51.4267512691909
49.0198633286167
47.8639703930946
47.5421343078945
51.1017952172099
43.9487463928107
63.8745384051368
46.7467570992851
57.6527573794383
47.5477734321794
64.1839759129810
44.3992625468312
59.0503177171668
65.2868634025075
51.0071716993182
51.4401180843076
58.5536658746395
74.9004728211312
47.4877500195720
52.2331370920980
63.7149859163813
58.8118499713056
48.3021230831493
47.3492337811522
42.9269925391091
59.2147362250540
62.2217792460659
62.0496555172323
49.0687531069485
58.7383762825501
68.9865718961457
47.5552634882693
55.4890475570418
60.8888472388759
53.5264772976792
56.3031880676325
73.1220063985237
50.8543370924932
58.5664454838946
32.1583028929563
43.9020135420257
48.7802432387920
50.8468218239574
35.7940849281471
47.1990936757155
54.0130018962993
49.4809070429081
52.0107594682005
56.2581003375590
45.0975827109703
51.8353999891172
49.7994970599684
59.1555986753270
43.6333461046890
36.0627531453541
55.7673633165016
49.1975075953843
49.7913997642056
57.3289454139224
65.8611879542391
45.3062888910725
54.6415897604952
48.8568523425850
47.3221617027239
38.1689970449702
63.9848844314025
53.2395937198172
48.8230045793163
61.2208327480600
40.6175898352454
77.6538576066766
65.9927632532706
77.0671764488997
56.8661461876000
56.8070647320358
58.9088176302103
48.1555154784652
59.1504673552822
48.8807916706350
60.8153477138357
54.0004928377981
56.6638618610228
51.8431534958290
66.1819276689883
62.7350860906867
49.6645221241838
52.6783955233876
60.7640915520876
55.2633902080242
60.6476409286745
60.2245569075453
52.5856747774953
59.6650859614208
49.8182613422545
44.7826913462324
64.6321451981471
49.8092406619855
50.7263751034966
53.8872396873196
58.2161521555636
52.7843011731761
56.0813766079588
54.3399371616600
51.1205684867583
51.6632236219546
44.0117907940428
61.8188536512096
52.1447479258807
61.5828539006822
55.7006294441286
54.0573813036564
46.6652496457216
53.3195626822887
58.2227391114014
49.5230850136174
53.4247075710366
43.4271309820522
54.1920261521838
50.6207535948074
47.5953322083519
52.5604246159471
51.9874774000067
56.8376026427351
55.7724891927329
53.3643907243580
36.0739735721482
51.4761224909802
62.6263216480043
55.9640829516103
36.1012022858475
52.5517903145251
57.6335578296609
57.5664174359328
58.7556500471567
49.6594595881775
76.9731309402546
44.9045891409559
46.4211724576889
43.7575782006101
50.0392217145066
35.1641426002408
45.8334971439296
48.4781033958760
57.5354067822207
35.0546629163225
52.0058371707274
52.6863419886871
45.0950346431849
49.2925929849124
30.9351958737242
48.0543427283133
52.5352062849030
49.5772901293584
33.3833890513524
64.3268573245476
53.3285029969604
42.2080603250657
57.8300109833728
59.2270625436642
53.0952220945764
61.5961125533741
46.9845289834242
59.6893615210677
41.3950228177513
63.2194186965769
41.6512314256717
63.1586840890037
38.1875948109704
58.2888855554667
52.1795856622780
47.7935746155668
64.1374409727912
63.4325611565251
54.6890772512395
54.5008254425913
63.4403793091386
61.3273053852962
48.1659566530254
53.8496141180871
41.9704805732051
52.9272437310623
55.1292399382317
57.8184595268134
50.2521756682424
62.0515947954392
53.8887243789374
55.2178070668152
46.8436762780758
34.6987516873343
56.7463839644067
58.1729319012277
48.3652254640249
32.5225876137607
54.5828450486379
33.9174461022405
53.4649503088506
76.2032001697810
41.9835358283262
61.0877336769555
57.2264145405295
61.9088163964512
66.3893005659220
60.9313329941013
65.9973799292229
38.8494142056479
54.7164485447817
38.8041266505064
53.7193267457143
61.4734425780280
45.9462813441407
46.5444416548570
43.2018447185087
46.8599792029097
57.7148937240025
59.4696196834855
42.3962496583452
62.6753558991078
52.3757216891407
55.2755173252993
61.6840887735946
56.1400409694241
35.9464437944164
51.4481938471017
60.0302120774793
37.1248775019958
51.8890597610183
60.9962988766322
53.4462671788287
59.2355315229712
49.1386093660102
53.5571919529977
66.6916092974342
70.1920115264427
52.0481696371702
69.7743411129223
54.7924426224032
37.9224230253982
51.9616568403345
54.2123391910202
63.1558242314204
43.0661030599687
48.6660804276597
38.7034671180635
48.3867429559526
39.9949270250503
54.1680039895051
45.4227573205916
27.1761662308099
58.1075616847748
56.5501113017418
51.8532671538709
56.1966390931663
52.0237765424820
63.0419005465587
56.3903231315539
54.0374985321352
60.7624480293655
43.9067957060974
50.7406831581544
63.3647953556460
59.7938564287755
50.5110219515641
55.6955408754871
58.9089916121262
29.8808510994289
45.3780545135000
47.4070882050272
67.5577777501947
40.0283279322679
52.9547823433018
48.5800002686350
52.6540690809088
51.9479561208621
50.6558317546262
44.3695003807945
50.1702074921822
60.2108666453336
53.3105639449087
52.0887894158692
63.8920057833066
45.7889744541565
45.6915995227033
29.0144114459760
61.7235813421312
43.7953494802304
57.7443447651499
57.6417272904647
60.9218618521344
37.3291862342535
53.9807220738665
60.5033987532944
53.5846953751316
48.5575131611223
32.9509719697974
52.4788437738605
46.5719976497425
58.4401004371436
64.1938736358873
42.3704729619238
50.9888633822743
43.4466383490929
50.6921045199378
74.9138223799835
54.3796385429529
67.7816554603793
55.0707455339894
53.8873198168869
56.0339541958099
54.7540345856647
58.6138096320915
57.6205968593800
38.4050831779998
59.2352418327175
60.3705136415456
43.4024217539494
57.7104441465795
51.9032146754842
61.1830689910319
61.0795735701893
56.3445915853764
68.9710321330559
50.1697742900153
29.9968166671409
41.8275302327882
53.5698790902988
59.4318276894709
49.5670854158411
51.3928610561042
61.2175023548564
59.4631395282240
56.4698991889267
40.6329483620604
52.3711870939474
48.9369103924910
59.8091276168948
46.9799821443039
67.8113566231958
53.9692872188241
67.0978031120099
32.2889661951073
54.2444171860600
53.9080482853223
42.0311861522579
45.3208018727822
48.1019383142250
49.4888086024663
64.2606872764780
65.0197414292313
57.4826774408270
50.1738679954874
51.8596012291412
54.7995224465866
47.7356687744330
48.0968731704845
37.5017033946097
63.2489682284030
44.7697310702372
59.3211954899924
35.6777510808494
58.2879774411147
47.1665844273699
44.3490481567469
47.7402842870866
53.2837937862184
53.0766663480251
56.4849983431859
57.4082344502303
50.5530047503653
46.2376915098843
45.9063884318035
62.0408277691690
56.9083926040154
57.6625416489923
73.6959821404409
50.0636355089738
49.6898727869891
44.4171967943250
54.8656931407051
45.4606161186011
64.1270243669390
54.1465969378055
46.9536493520145
61.3544907350461
60.3485319523821
54.1887672632686
48.4203015565450
41.6337121845688
60.5525977692220
65.5383619508923
57.3358949386347
60.9480197870004
47.4362828170148
56.6008921347319
46.1469195417261
62.6471651468735
59.1183790870034
46.6532667658521
53.0459703928062
57.3728731984413
49.8727359205066
50.4371377287557
46.5860963684849
46.7875404808808
49.2509935572309
35.2957428970720
56.0233980112669
61.8864334113809
47.4489868132693
50.9621711269032
61.7726300538166
58.0950010627528
51.1916332528883
59.7172505705630
58.7097633716263
45.8065206965500
46.6038749645586
48.0726488975958
44.8999801572448
50.1263931993569
48.0025987614882
57.7863739717164
66.6182196146394
73.2517410738474
42.0708175723631
50.5660038243691
37.2994022731408
53.2119848256575
62.8049103521374
61.2841132079471
32.2102314841868
52.1079100125630
43.2197129674093
48.6015536635763
58.4730847304743
44.1582378064397
74.4378698784585
45.1528490776611
55.3923864715599
62.7661817050511
44.1624203405210
39.5732084736538
42.5252639056890
49.4051997074575
57.7021883650746
40.4948241504906
57.2469916872459
49.5004642744244
57.4368417064977
46.6576289373620
48.3418425091822
54.5220728940622
41.8398596117223
54.1860827422211
48.6520865532356
58.7571668844439
47.7906494243562
44.9906467617117
54.1237001461027
62.0711273350424
60.3700645477088
62.4098341402621
60.5124476506171
73.9889141266495
57.8623804648337
62.0584442024703
39.3138851109043
50.1602857392589
40.6403836165849
54.2318593758686
49.3343636112447
46.4839328148411
54.7584434109521
57.2139282620045
48.4537097235966
55.7460441306089
63.9027578106257
59.1327569418561
50.8595840301666
54.1431781756341
42.7305577072879
52.7708875941601
52.1622310918551
59.9066724241248
43.2710933931579
58.3941102917210
40.5198822377228
53.6560317683241
39.2810322761196
40.4299707482986
58.1739217059539
61.2786338109635
55.0995488831369
47.5583527995362
54.9695078917967
53.5958516103365
53.9090083006992
54.5472608297660
51.8151081813309
53.4293690483782
65.5824445406240
48.2788857882475
54.0253212022035
60.5207349499347
56.6925613510380
53.7411458418850
56.5770790646322
47.2973456157177
42.6389795538481
58.7756554148767
48.7854318999968
40.9086748884201
55.1204270188950
40.9916447398704
57.6133149282774
56.3053799150244
46.9738323525377
65.5162095902337
48.4309509193343
52.6023792549996
49.3177603863775
64.6473456627458
50.6814436652778
46.6767612613373
53.8706436031649
51.3513029517527
49.9444235454161
53.6628303385951
61.0459339952658
50.5194533742148
56.4999340647606
53.4166497067266
54.9678900215847
63.8846548021198
52.4488158902142
62.8540756625758
61.7847168270147
51.7650233649113
62.1550738525126
55.6281180622384
60.9053828546525
44.2542120313449
46.7667537910171
35.9905928815123
66.4852529778048
45.3860746221730
39.6233920639564
52.3770520646076
21.6429556942218
64.0491919344949
52.9941300628000
43.6081978117194
45.8739335754464
57.5606211934081
56.3315427583180
48.6237704230851



















































































































































































































































































































































































































































































































































































































































































































































































































































































































































































































































































































































































































































































































































































































































































































































































































































































































































































































































































































































































































































































































































































































































































































































































































































































































































































































































































































































































































































































































































































































































































































































































































































































































































































































































































































































































































































































































































































































































































































































































































































































































































































































































































































































































































































































































































































































































































































































































































































































































































































































































































































































































































































































































































































































































































































































































































































































































































































































































































































































































































































































































































































































































































































































































































































































































































































































































































































































































































































































































































































































































































































































































































































































































































































































































































































































































































































































































































































































































































































































































































































































































































































































































































































































































































































































































































































































































































































































































































































































































































































































































































































































































































































































































































































































































































































































































































































































































































































































































































































































































































































































































































































































































































































































































































































































































































































































































































































































































































































































































































































































































































































































































































































































































































































































































































































































































































































































































































































































































































































































































































































































































































































































































































































































































































































































































































































































































































































































































































































































































































































































































































































































































































































































































































































































































































































































































































































































































































































































































































































































































































































































































































































































































































































































































































































































































































































































































































































































































































































































































































































































































































































































































































































































































































































































































































































































































































































































































































































































































































































































































































































































































































































































































































































































































































































































































































































































































































































































































































































































































































































































































































































































































































































































































































































































































































































































































































































































































































































































































































































































































































































































































































































































































































































































































































































































































































































































































































































































































































































































































































































































































































































































































































































































































































































































































































































































































































































































































































































































































































































































































































































































































































































































































































































































































































































































































































































































































































































































































































































































































































































































































































































































































































































































































































































































































































































































































































































































































































































































































































































































































































































































































































































































































































































































































































































































































































































































































































































































































































































































































































































































































































































































































































































































































































































































































































































































































































































































































































































































































































































































































































































































































































































































































































































































































































































































































































































































































































































































































































































































































































































































































































































































































































































































































































































































































































































































































































































































































































































































































































































































































































































































































































































































































































































































































































































































































































































































































































































































































































































































































































































































































































































































































































































































































































































































































































































































































































































































































































































































































































































































































































































































































































































































































































































































































































































































































































































































































































































































































































































































































































































































































































































































































































































































































































































































































































































































































































































































































































































































































































































































































































































































































































































































































































































































































































































































































































































































































































































































































































































































































































































































































































































































































































































































































































































































































































































































































































































































































































































































































































































































































































































































































































































































































































































































































































































































































































































































































































































































































































































































































































































































































































































































































































































































































































































































































































































































































































































































































































































































































































































































































































































































































































































































































































































































































































































































































































































































































































































































































































































































































































































































































































































































































































































































































































































































































































































































































































































































































































































































































































































































































































































































































































































































































































































































































































































































































































































































































































































































































































































































































































































































































































































































































































































































































































































































































































































































































































































































































































































































































































































































































































































































































































































































































































































































































































































































































































































































































































































































































































































































































































































































































































































































































































































































































































































































































































































































































































































































































































































































































































































































































































































































































































































































































































































































































































































































































































































































































































































































































































































































































































































































































































































































































































































































































































































































































































































































































































































































































































































































































































































































































































































































































































































































































































































































































































































































































































































































































































































































































































































































































































































































































































































































































































































































































































































































































































































