 time crystallinity "clusters w/ >= 2 members" "   independent clusters" "mean size cryst domains" "crystalline grid elements"
0 0.0 0.0021426385062748698 3.0 75.0 1.0266666666666666 77.0
1 1200000.0 0.032974371817347026 141.0 806.0 1.4702233250620347 1185.0
2 2400000.0 0.10348665720566547 398.0 1369.0 2.716581446311176 3719.0
3 3600000.0 0.17594679578150652 400.0 1265.0 4.998418972332016 6323.0
4 4800000.0 0.2314327851517934 405.0 1241.0 6.701853344077357 8317.0
5 6000000.0 0.27375685226924895 368.0 1121.0 8.776092774308653 9838.0
6 7200000.0 0.3016946322731447 344.0 1062.0 10.209039548022599 10842.0
7 8400000.0 0.32401146450733226 310.0 987.0 11.797365754812564 11644.0
8 9600000.0 0.3420986726771851 298.0 919.0 13.377584330794342 12294.0
9 10800000.0 0.3568188774800345 296.0 890.0 14.407865168539326 12823.0
10 12000000.0 0.3669755405292595 277.0 871.0 15.14121699196326 13188.0
11 13200000.0 0.3777443860088488 261.0 808.0 16.800742574257427 13575.0
12 14400000.0 0.38317054845980464 247.0 779.0 17.676508344030808 13770.0
13 15600000.0 0.39104544063221747 240.0 801.0 17.544319600499374 14053.0
14 16800000.0 0.3977794473662242 241.0 817.0 17.496940024479805 14295.0
15 18000000.0 0.40086818599215296 242.0 744.0 19.362903225806452 14406.0
16 19200000.0 0.4049865041600579 210.0 723.0 20.130013831258644 14554.0
17 20400000.0 0.4109413696190556 207.0 719.0 20.53963838664812 14768.0
18 21600000.0 0.4149205554164232 207.0 726.0 20.538567493112946 14911.0
19 22800000.0 0.42037454434148647 189.0 752.0 20.08909574468085 15107.0
20 24000000.0 0.42098672677185073 207.0 703.0 21.52062588904694 15129.0
21 25200000.0 0.4235189359156301 195.0 705.0 21.588652482269502 15220.0
22 26400000.0 0.4294181484264129 190.0 695.0 22.20431654676259 15432.0
23 27600000.0 0.4276094276094276 199.0 672.0 22.867559523809526 15367.0
24 28800000.0 0.4321173164148371 200.0 674.0 23.04005934718101 15529.0
25 30000000.0 0.43336950774967303 222.0 715.0 21.78181818181818 15574.0
26 31200000.0 0.434621699084509 187.0 654.0 23.882262996941897 15619.0
27 32400000.0 0.43676433759078387 200.0 686.0 22.88046647230321 15696.0
28 33600000.0 0.4382947936666945 195.0 652.0 24.1579754601227 15751.0
29 34800000.0 0.43929654673456325 182.0 622.0 25.381028938906752 15787.0
30 36000000.0 0.44124439992208586 186.0 639.0 24.815336463223787 15857.0
31 37200000.0 0.4438322620140802 171.0 657.0 24.27701674277017 15950.0
32 38400000.0 0.44508445334891616 178.0 626.0 25.55111821086262 15995.0
33 39600000.0 0.4462809917355372 183.0 598.0 26.819397993311036 16038.0
34 40800000.0 0.4482288449230598 166.0 634.0 25.406940063091483 16108.0
35 42000000.0 0.4509001864373765 166.0 635.0 25.518110236220473 16204.0
36 43200000.0 0.4528758660990066 167.0 600.0 27.125 16275.0
37 44400000.0 0.45429501627848734 173.0 607.0 26.89621087314662 16326.0
38 45600000.0 0.4529315190472215 160.0 590.0 27.58813559322034 16277.0
39 46800000.0 0.45373848679633805 162.0 631.0 25.84152139461173 16306.0
40 48000000.0 0.4542671898043799 162.0 572.0 28.54020979020979 16325.0
41 49200000.0 0.4550185046052815 148.0 578.0 28.290657439446367 16352.0
42 50400000.0 0.45771767259370566 144.0 541.0 30.404805914972272 16449.0
43 51600000.0 0.4576063666972758 146.0 582.0 28.256013745704468 16445.0
44 52800000.0 0.4598046581517656 159.0 605.0 27.312396694214875 16524.0
45 54000000.0 0.4605281464785597 161.0 598.0 27.67558528428094 16550.0
46 55200000.0 0.4624759996660823 159.0 608.0 27.335526315789473 16620.0
47 56400000.0 0.46250382614018976 160.0 591.0 28.123519458544838 16621.0
48 57600000.0 0.4627264379330495 151.0 580.0 28.670689655172414 16629.0
49 58800000.0 0.4653421264991513 151.0 579.0 28.882556131260795 16723.0
