1.000000000000000000e+00 1.000000000000000000e+00
2.000000000000000000e+00 8.945011496543884277e-01
3.000000000000000000e+00 8.126581907272338867e-01
4.000000000000000000e+00 7.413407564163208008e-01
5.000000000000000000e+00 6.759528517723083496e-01
6.000000000000000000e+00 6.138663291931152344e-01
7.000000000000000000e+00 5.541040301322937012e-01
8.000000000000000000e+00 4.956122636795043945e-01
9.000000000000000000e+00 4.382225871086120605e-01
1.000000000000000000e+01 3.817245364189147949e-01
1.100000000000000000e+01 3.263998031616210938e-01
1.200000000000000000e+01 2.722215056419372559e-01
1.300000000000000000e+01 2.191874235868453979e-01
1.400000000000000000e+01 1.675519645214080811e-01
1.500000000000000000e+01 1.175940036773681641e-01
1.600000000000000000e+01 6.951092928647994995e-02
1.700000000000000000e+01 2.357406355440616608e-02
1.800000000000000000e+01 -2.002210728824138641e-02
1.900000000000000000e+01 -6.069095432758331299e-02
2.000000000000000000e+01 -9.818558394908905029e-02
2.100000000000000000e+01 -1.320677548646926880e-01
2.200000000000000000e+01 -1.621338576078414917e-01
2.300000000000000000e+01 -1.887862086296081543e-01
2.400000000000000000e+01 -2.113539874553680420e-01
2.500000000000000000e+01 -2.299273312091827393e-01
2.600000000000000000e+01 -2.448837757110595703e-01
2.700000000000000000e+01 -2.561822533607482910e-01
2.800000000000000000e+01 -2.642792165279388428e-01
2.900000000000000000e+01 -2.690772712230682373e-01
3.000000000000000000e+01 -2.709679603576660156e-01
3.100000000000000000e+01 -2.702385485172271729e-01
3.200000000000000000e+01 -2.667130827903747559e-01
3.300000000000000000e+01 -2.607719004154205322e-01
3.400000000000000000e+01 -2.527793049812316895e-01
3.500000000000000000e+01 -2.429015636444091797e-01
3.600000000000000000e+01 -2.315679043531417847e-01
3.700000000000000000e+01 -2.189576327800750732e-01
3.800000000000000000e+01 -2.054436951875686646e-01
3.900000000000000000e+01 -1.913217753171920776e-01
4.000000000000000000e+01 -1.765319555997848511e-01
4.100000000000000000e+01 -1.611533015966415405e-01
4.200000000000000000e+01 -1.455927342176437378e-01
4.300000000000000000e+01 -1.299985647201538086e-01
4.400000000000000000e+01 -1.145903393626213074e-01
4.500000000000000000e+01 -9.925687313079833984e-02
4.600000000000000000e+01 -8.407011628150939941e-02
4.700000000000000000e+01 -6.943520903587341309e-02
4.800000000000000000e+01 -5.520136281847953796e-02
4.900000000000000000e+01 -4.144497588276863098e-02
5.000000000000000000e+01 -2.873508073389530182e-02
5.100000000000000000e+01 -1.665648259222507477e-02
5.200000000000000000e+01 -5.558477248996496201e-03
5.300000000000000000e+01 4.929076880216598511e-03
5.400000000000000000e+01 1.448952220380306244e-02
5.500000000000000000e+01 2.307847701013088226e-02
5.600000000000000000e+01 3.092036023736000061e-02
5.700000000000000000e+01 3.774466738104820251e-02
5.800000000000000000e+01 4.357692599296569824e-02
5.900000000000000000e+01 4.897669330239295959e-02
6.000000000000000000e+01 5.392766743898391724e-02
6.100000000000000000e+01 5.831885710358619690e-02
6.200000000000000000e+01 6.179029494524002075e-02
6.300000000000000000e+01 6.498508155345916748e-02
6.400000000000000000e+01 6.719327718019485474e-02
6.500000000000000000e+01 6.905000656843185425e-02
6.600000000000000000e+01 7.044450938701629639e-02
6.700000000000000000e+01 7.095985114574432373e-02
6.800000000000000000e+01 7.066383212804794312e-02
6.900000000000000000e+01 6.991373002529144287e-02
7.000000000000000000e+01 6.770408153533935547e-02
7.100000000000000000e+01 6.489440798759460449e-02
7.200000000000000000e+01 6.144839897751808167e-02
7.300000000000000000e+01 5.744044855237007141e-02
7.400000000000000000e+01 5.379210785031318665e-02
7.500000000000000000e+01 4.995994642376899719e-02
7.600000000000000000e+01 4.600723087787628174e-02
7.700000000000000000e+01 4.230258986353874207e-02
7.800000000000000000e+01 3.886965289711952209e-02
7.900000000000000000e+01 3.582044318318367004e-02
8.000000000000000000e+01 3.302092477679252625e-02
8.100000000000000000e+01 3.045541793107986450e-02
8.200000000000000000e+01 2.850810438394546509e-02
8.300000000000000000e+01 2.625015564262866974e-02
8.400000000000000000e+01 2.425245568156242371e-02
8.500000000000000000e+01 2.248296886682510376e-02
8.600000000000000000e+01 2.069642022252082825e-02
8.700000000000000000e+01 1.920057460665702820e-02
8.800000000000000000e+01 1.776967570185661316e-02
8.900000000000000000e+01 1.623342372477054596e-02
9.000000000000000000e+01 1.466519851237535477e-02
9.100000000000000000e+01 1.343836262822151184e-02
9.200000000000000000e+01 1.291827112436294556e-02
9.300000000000000000e+01 1.240804605185985565e-02
9.400000000000000000e+01 1.227780897170305252e-02
9.500000000000000000e+01 1.050070859491825104e-02
9.600000000000000000e+01 8.940735831856727600e-03
9.700000000000000000e+01 8.068111725151538849e-03
9.800000000000000000e+01 7.992041297256946564e-03
9.900000000000000000e+01 9.213091805577278137e-03
