1.000000000000000000e+00 1.000000000000000000e+00
2.000000000000000000e+00 8.995546102523803711e-01
3.000000000000000000e+00 8.214275240898132324e-01
4.000000000000000000e+00 7.533835172653198242e-01
5.000000000000000000e+00 6.906923651695251465e-01
6.000000000000000000e+00 6.306564211845397949e-01
7.000000000000000000e+00 5.722768306732177734e-01
8.000000000000000000e+00 5.149125456809997559e-01
9.000000000000000000e+00 4.583918154239654541e-01
1.000000000000000000e+01 4.027169942855834961e-01
1.100000000000000000e+01 3.478750586509704590e-01
1.200000000000000000e+01 2.938189506530761719e-01
1.300000000000000000e+01 2.405940890312194824e-01
1.400000000000000000e+01 1.884572654962539673e-01
1.500000000000000000e+01 1.379141211509704590e-01
1.600000000000000000e+01 8.898869901895523071e-02
1.700000000000000000e+01 4.215978831052780151e-02
1.800000000000000000e+01 -2.622535452246665955e-03
1.900000000000000000e+01 -4.480280354619026184e-02
2.000000000000000000e+01 -8.419190347194671631e-02
2.100000000000000000e+01 -1.203670725226402283e-01
2.200000000000000000e+01 -1.530341207981109619e-01
2.300000000000000000e+01 -1.820883452892303467e-01
2.400000000000000000e+01 -2.074465602636337280e-01
2.500000000000000000e+01 -2.290046513080596924e-01
2.600000000000000000e+01 -2.467565238475799561e-01
2.700000000000000000e+01 -2.609170973300933838e-01
2.800000000000000000e+01 -2.713616192340850830e-01
2.900000000000000000e+01 -2.785419225692749023e-01
3.000000000000000000e+01 -2.827053666114807129e-01
3.100000000000000000e+01 -2.839199006557464600e-01
3.200000000000000000e+01 -2.823171615600585938e-01
3.300000000000000000e+01 -2.781517803668975830e-01
3.400000000000000000e+01 -2.718439400196075439e-01
3.500000000000000000e+01 -2.634481489658355713e-01
3.600000000000000000e+01 -2.531310319900512695e-01
3.700000000000000000e+01 -2.412396967411041260e-01
3.800000000000000000e+01 -2.282372117042541504e-01
3.900000000000000000e+01 -2.143317013978958130e-01
4.000000000000000000e+01 -1.995578110218048096e-01
4.100000000000000000e+01 -1.844870597124099731e-01
4.200000000000000000e+01 -1.689095050096511841e-01
4.300000000000000000e+01 -1.531745344400405884e-01
4.400000000000000000e+01 -1.373409330844879150e-01
4.500000000000000000e+01 -1.217563226819038391e-01
4.600000000000000000e+01 -1.063592508435249329e-01
4.700000000000000000e+01 -9.134185314178466797e-02
4.800000000000000000e+01 -7.634228467941284180e-02
4.900000000000000000e+01 -6.181211769580841064e-02
5.000000000000000000e+01 -4.745930805802345276e-02
5.100000000000000000e+01 -3.388456627726554871e-02
5.200000000000000000e+01 -2.074282616376876831e-02
5.300000000000000000e+01 -8.637306280434131622e-03
5.400000000000000000e+01 2.786525292322039604e-03
5.500000000000000000e+01 1.319895684719085693e-02
5.600000000000000000e+01 2.262416481971740723e-02
5.700000000000000000e+01 3.103278763592243195e-02
5.800000000000000000e+01 3.873315081000328064e-02
5.900000000000000000e+01 4.582152143120765686e-02
6.000000000000000000e+01 5.249475315213203430e-02
6.100000000000000000e+01 5.859342217445373535e-02
6.200000000000000000e+01 6.411398202180862427e-02
6.300000000000000000e+01 6.897217780351638794e-02
6.400000000000000000e+01 7.300987094640731812e-02
6.500000000000000000e+01 7.656247168779373169e-02
6.600000000000000000e+01 7.948523759841918945e-02
6.700000000000000000e+01 8.132378011941909790e-02
6.800000000000000000e+01 8.273439854383468628e-02
6.900000000000000000e+01 8.294335007667541504e-02
7.000000000000000000e+01 8.245300501585006714e-02
7.100000000000000000e+01 8.091016113758087158e-02
7.200000000000000000e+01 7.868450134992599487e-02
7.300000000000000000e+01 7.640836387872695923e-02
7.400000000000000000e+01 7.290466129779815674e-02
7.500000000000000000e+01 6.925409287214279175e-02
7.600000000000000000e+01 6.547278165817260742e-02
7.700000000000000000e+01 6.163498014211654663e-02
7.800000000000000000e+01 5.832528695464134216e-02
7.900000000000000000e+01 5.565598979592323303e-02
8.000000000000000000e+01 5.311651900410652161e-02
8.100000000000000000e+01 5.052699521183967590e-02
8.200000000000000000e+01 4.814026132225990295e-02
8.300000000000000000e+01 4.568024724721908569e-02
8.400000000000000000e+01 4.365131631493568420e-02
8.500000000000000000e+01 4.141233861446380615e-02
8.600000000000000000e+01 3.957930207252502441e-02
8.700000000000000000e+01 3.795148059725761414e-02
8.800000000000000000e+01 3.623700886964797974e-02
8.900000000000000000e+01 3.498813882470130920e-02
9.000000000000000000e+01 3.337572515010833740e-02
9.100000000000000000e+01 3.187981992959976196e-02
9.200000000000000000e+01 2.992212586104869843e-02
9.300000000000000000e+01 2.832216024398803711e-02
9.400000000000000000e+01 2.619086951017379761e-02
9.500000000000000000e+01 2.373525314033031464e-02
9.600000000000000000e+01 2.145805396139621735e-02
9.700000000000000000e+01 1.931805908679962158e-02
9.800000000000000000e+01 1.644612662494182587e-02
9.900000000000000000e+01 1.641667820513248444e-02
