1.000000000000000000e+00 1.000000000000000000e+00
2.000000000000000000e+00 8.985732197761535645e-01
3.000000000000000000e+00 8.193003535270690918e-01
4.000000000000000000e+00 7.502629160881042480e-01
5.000000000000000000e+00 6.865822076797485352e-01
6.000000000000000000e+00 6.259678602218627930e-01
7.000000000000000000e+00 5.673233270645141602e-01
8.000000000000000000e+00 5.098797678947448730e-01
9.000000000000000000e+00 4.533808827400207520e-01
1.000000000000000000e+01 3.975611329078674316e-01
1.100000000000000000e+01 3.425616025924682617e-01
1.200000000000000000e+01 2.886694967746734619e-01
1.300000000000000000e+01 2.357504218816757202e-01
1.400000000000000000e+01 1.840804666280746460e-01
1.500000000000000000e+01 1.336041986942291260e-01
1.600000000000000000e+01 8.469382673501968384e-02
1.700000000000000000e+01 3.762729465961456299e-02
1.800000000000000000e+01 -7.034820504486560822e-03
1.900000000000000000e+01 -4.904672876000404358e-02
2.000000000000000000e+01 -8.812756836414337158e-02
2.100000000000000000e+01 -1.239400357007980347e-01
2.200000000000000000e+01 -1.562015265226364136e-01
2.300000000000000000e+01 -1.848224252462387085e-01
2.400000000000000000e+01 -2.096317261457443237e-01
2.500000000000000000e+01 -2.305134832859039307e-01
2.600000000000000000e+01 -2.473408132791519165e-01
2.700000000000000000e+01 -2.605838477611541748e-01
2.800000000000000000e+01 -2.701194286346435547e-01
2.900000000000000000e+01 -2.762114703655242920e-01
3.000000000000000000e+01 -2.793274819850921631e-01
3.100000000000000000e+01 -2.796212136745452881e-01
3.200000000000000000e+01 -2.775017023086547852e-01
3.300000000000000000e+01 -2.734805345535278320e-01
3.400000000000000000e+01 -2.667184472084045410e-01
3.500000000000000000e+01 -2.580341696739196777e-01
3.600000000000000000e+01 -2.475575655698776245e-01
3.700000000000000000e+01 -2.357828617095947266e-01
3.800000000000000000e+01 -2.226674556732177734e-01
3.900000000000000000e+01 -2.087889909744262695e-01
4.000000000000000000e+01 -1.942296922206878662e-01
4.100000000000000000e+01 -1.791408956050872803e-01
4.200000000000000000e+01 -1.637732684612274170e-01
4.300000000000000000e+01 -1.481093019247055054e-01
4.400000000000000000e+01 -1.323796212673187256e-01
4.500000000000000000e+01 -1.168045327067375183e-01
4.600000000000000000e+01 -1.012863516807556152e-01
4.700000000000000000e+01 -8.620543777942657471e-02
4.800000000000000000e+01 -7.121279835700988770e-02
4.900000000000000000e+01 -5.673189461231231689e-02
5.000000000000000000e+01 -4.296242073178291321e-02
5.100000000000000000e+01 -3.017334267497062683e-02
5.200000000000000000e+01 -1.788690313696861267e-02
5.300000000000000000e+01 -6.495501846075057983e-03
5.400000000000000000e+01 4.244948737323284149e-03
5.500000000000000000e+01 1.407763641327619553e-02
5.600000000000000000e+01 2.314827591180801392e-02
5.700000000000000000e+01 3.160939365625381470e-02
5.800000000000000000e+01 3.930668532848358154e-02
5.900000000000000000e+01 4.634190350770950317e-02
6.000000000000000000e+01 5.313006415963172913e-02
6.100000000000000000e+01 5.945640802383422852e-02
6.200000000000000000e+01 6.535346806049346924e-02
6.300000000000000000e+01 7.058247178792953491e-02
6.400000000000000000e+01 7.497311383485794067e-02
6.500000000000000000e+01 7.870959490537643433e-02
6.600000000000000000e+01 8.140997588634490967e-02
6.700000000000000000e+01 8.326929062604904175e-02
6.800000000000000000e+01 8.414676785469055176e-02
6.900000000000000000e+01 8.382259309291839600e-02
7.000000000000000000e+01 8.273492008447647095e-02
7.100000000000000000e+01 8.083432167768478394e-02
7.200000000000000000e+01 7.836053520441055298e-02
7.300000000000000000e+01 7.518673688173294067e-02
7.400000000000000000e+01 7.146035134792327881e-02
7.500000000000000000e+01 6.732150912284851074e-02
7.600000000000000000e+01 6.278911978006362915e-02
7.700000000000000000e+01 5.922276154160499573e-02
7.800000000000000000e+01 5.537024885416030884e-02
7.900000000000000000e+01 5.191802233457565308e-02
8.000000000000000000e+01 4.870405048131942749e-02
8.100000000000000000e+01 4.583588615059852600e-02
8.200000000000000000e+01 4.319458827376365662e-02
8.300000000000000000e+01 4.049042984843254089e-02
8.400000000000000000e+01 3.745703771710395813e-02
8.500000000000000000e+01 3.497389331459999084e-02
8.600000000000000000e+01 3.290512412786483765e-02
8.700000000000000000e+01 3.097652085125446320e-02
8.800000000000000000e+01 2.895946614444255829e-02
8.900000000000000000e+01 2.698734402656555176e-02
9.000000000000000000e+01 2.530159242451190948e-02
9.100000000000000000e+01 2.390417829155921936e-02
9.200000000000000000e+01 2.265735715627670288e-02
9.300000000000000000e+01 2.087557688355445862e-02
9.400000000000000000e+01 1.918214000761508942e-02
9.500000000000000000e+01 1.620636135339736938e-02
9.600000000000000000e+01 1.231230236589908600e-02
9.700000000000000000e+01 9.542858228087425232e-03
9.800000000000000000e+01 7.608106825500726700e-03
9.900000000000000000e+01 6.148363929241895676e-03
