1.000000000000000000e+00 1.000000000000000000e+00
2.000000000000000000e+00 9.017797708511352539e-01
3.000000000000000000e+00 8.248217105865478516e-01
4.000000000000000000e+00 7.579393982887268066e-01
5.000000000000000000e+00 6.959367394447326660e-01
6.000000000000000000e+00 6.367111802101135254e-01
7.000000000000000000e+00 5.788988471031188965e-01
8.000000000000000000e+00 5.222420096397399902e-01
9.000000000000000000e+00 4.663710594177246094e-01
1.000000000000000000e+01 4.112398326396942139e-01
1.100000000000000000e+01 3.566903471946716309e-01
1.200000000000000000e+01 3.028169572353363037e-01
1.300000000000000000e+01 2.500573992729187012e-01
1.400000000000000000e+01 1.981900036334991455e-01
1.500000000000000000e+01 1.477491557598114014e-01
1.600000000000000000e+01 9.858353435993194580e-02
1.700000000000000000e+01 5.103307589888572693e-02
1.800000000000000000e+01 5.482372827827930450e-03
1.900000000000000000e+01 -3.770783916115760803e-02
2.000000000000000000e+01 -7.767542451620101929e-02
2.100000000000000000e+01 -1.144824326038360596e-01
2.200000000000000000e+01 -1.482228338718414307e-01
2.300000000000000000e+01 -1.785565316677093506e-01
2.400000000000000000e+01 -2.051932066679000854e-01
2.500000000000000000e+01 -2.281135916709899902e-01
2.600000000000000000e+01 -2.478000968694686890e-01
2.700000000000000000e+01 -2.633736729621887207e-01
2.800000000000000000e+01 -2.752003967761993408e-01
2.900000000000000000e+01 -2.834749817848205566e-01
3.000000000000000000e+01 -2.885431051254272461e-01
3.100000000000000000e+01 -2.902600169181823730e-01
3.200000000000000000e+01 -2.893569767475128174e-01
3.300000000000000000e+01 -2.859290242195129395e-01
3.400000000000000000e+01 -2.801263034343719482e-01
3.500000000000000000e+01 -2.720997333526611328e-01
3.600000000000000000e+01 -2.624583542346954346e-01
3.700000000000000000e+01 -2.511752545833587646e-01
3.800000000000000000e+01 -2.384400069713592529e-01
3.900000000000000000e+01 -2.246249765157699585e-01
4.000000000000000000e+01 -2.100376635789871216e-01
4.100000000000000000e+01 -1.946875900030136108e-01
4.200000000000000000e+01 -1.788533926010131836e-01
4.300000000000000000e+01 -1.626294851303100586e-01
4.400000000000000000e+01 -1.465194672346115112e-01
4.500000000000000000e+01 -1.302704811096191406e-01
4.600000000000000000e+01 -1.141168549656867981e-01
4.700000000000000000e+01 -9.809837490320205688e-02
4.800000000000000000e+01 -8.209171891212463379e-02
4.900000000000000000e+01 -6.665091216564178467e-02
5.000000000000000000e+01 -5.177637189626693726e-02
5.100000000000000000e+01 -3.736234456300735474e-02
5.200000000000000000e+01 -2.390022017061710358e-02
5.300000000000000000e+01 -1.117403898388147354e-02
5.400000000000000000e+01 1.052774488925933838e-03
5.500000000000000000e+01 1.217924337834119797e-02
5.600000000000000000e+01 2.242719568312168121e-02
5.700000000000000000e+01 3.188465535640716553e-02
5.800000000000000000e+01 4.043512418866157532e-02
5.900000000000000000e+01 4.810255765914916992e-02
6.000000000000000000e+01 5.530744791030883789e-02
6.100000000000000000e+01 6.224202364683151245e-02
6.200000000000000000e+01 6.838790327310562134e-02
6.300000000000000000e+01 7.383408397436141968e-02
6.400000000000000000e+01 7.854889333248138428e-02
6.500000000000000000e+01 8.246375620365142822e-02
6.600000000000000000e+01 8.585379272699356079e-02
6.700000000000000000e+01 8.834230154752731323e-02
6.800000000000000000e+01 8.989662677049636841e-02
6.900000000000000000e+01 9.032751619815826416e-02
7.000000000000000000e+01 8.944503962993621826e-02
7.100000000000000000e+01 8.762267976999282837e-02
7.200000000000000000e+01 8.481087535619735718e-02
7.300000000000000000e+01 8.146351575851440430e-02
7.400000000000000000e+01 7.790131121873855591e-02
7.500000000000000000e+01 7.430699467658996582e-02
7.600000000000000000e+01 7.055380940437316895e-02
7.700000000000000000e+01 6.673769652843475342e-02
7.800000000000000000e+01 6.339863687753677368e-02
7.900000000000000000e+01 6.018311902880668640e-02
8.000000000000000000e+01 5.754437297582626343e-02
8.100000000000000000e+01 5.557734146714210510e-02
8.200000000000000000e+01 5.348803475499153137e-02
8.300000000000000000e+01 5.143958330154418945e-02
8.400000000000000000e+01 4.972641915082931519e-02
8.500000000000000000e+01 4.775722324848175049e-02
8.600000000000000000e+01 4.595851525664329529e-02
8.700000000000000000e+01 4.365462064743041992e-02
8.800000000000000000e+01 4.143597185611724854e-02
8.900000000000000000e+01 3.919035568833351135e-02
9.000000000000000000e+01 3.755575418472290039e-02
9.100000000000000000e+01 3.532065451145172119e-02
9.200000000000000000e+01 3.296999633312225342e-02
9.300000000000000000e+01 3.051380626857280731e-02
9.400000000000000000e+01 2.759803459048271179e-02
9.500000000000000000e+01 2.577295526862144470e-02
9.600000000000000000e+01 2.512345649302005768e-02
9.700000000000000000e+01 2.355885878205299377e-02
9.800000000000000000e+01 2.257383055984973907e-02
9.900000000000000000e+01 2.033869363367557526e-02
