1.000000000000000000e+00 1.000000000000000000e+00
2.000000000000000000e+00 8.993129134178161621e-01
3.000000000000000000e+00 8.207451105117797852e-01
4.000000000000000000e+00 7.522386312484741211e-01
5.000000000000000000e+00 6.889149546623229980e-01
6.000000000000000000e+00 6.285713315010070801e-01
7.000000000000000000e+00 5.699657201766967773e-01
8.000000000000000000e+00 5.126459598541259766e-01
9.000000000000000000e+00 4.563367068767547607e-01
1.000000000000000000e+01 4.006882309913635254e-01
1.100000000000000000e+01 3.459558486938476562e-01
1.200000000000000000e+01 2.919157743453979492e-01
1.300000000000000000e+01 2.387971878051757812e-01
1.400000000000000000e+01 1.869634389877319336e-01
1.500000000000000000e+01 1.365852802991867065e-01
1.600000000000000000e+01 8.784917742013931274e-02
1.700000000000000000e+01 4.098263010382652283e-02
1.800000000000000000e+01 -3.675568616017699242e-03
1.900000000000000000e+01 -4.586235061287879944e-02
2.000000000000000000e+01 -8.529146015644073486e-02
2.100000000000000000e+01 -1.215849444270133972e-01
2.200000000000000000e+01 -1.545083969831466675e-01
2.300000000000000000e+01 -1.834790408611297607e-01
2.400000000000000000e+01 -2.086908668279647827e-01
2.500000000000000000e+01 -2.300142943859100342e-01
2.600000000000000000e+01 -2.475822865962982178e-01
2.700000000000000000e+01 -2.613119482994079590e-01
2.800000000000000000e+01 -2.716897428035736084e-01
2.900000000000000000e+01 -2.785364389419555664e-01
3.000000000000000000e+01 -2.820730805397033691e-01
3.100000000000000000e+01 -2.828713953495025635e-01
3.200000000000000000e+01 -2.809738814830780029e-01
3.300000000000000000e+01 -2.764252126216888428e-01
3.400000000000000000e+01 -2.699706852436065674e-01
3.500000000000000000e+01 -2.617863714694976807e-01
3.600000000000000000e+01 -2.519405782222747803e-01
3.700000000000000000e+01 -2.403396666049957275e-01
3.800000000000000000e+01 -2.275823205709457397e-01
3.900000000000000000e+01 -2.137162536382675171e-01
4.000000000000000000e+01 -1.989542990922927856e-01
4.100000000000000000e+01 -1.837924420833587646e-01
4.200000000000000000e+01 -1.678091585636138916e-01
4.300000000000000000e+01 -1.521150916814804077e-01
4.400000000000000000e+01 -1.362534463405609131e-01
4.500000000000000000e+01 -1.204670891165733337e-01
4.600000000000000000e+01 -1.045165508985519409e-01
4.700000000000000000e+01 -8.915886282920837402e-02
4.800000000000000000e+01 -7.366108894348144531e-02
4.900000000000000000e+01 -5.880114063620567322e-02
5.000000000000000000e+01 -4.465529695153236389e-02
5.100000000000000000e+01 -3.113027103245258331e-02
5.200000000000000000e+01 -1.818440668284893036e-02
5.300000000000000000e+01 -6.308746524155139923e-03
5.400000000000000000e+01 4.579029977321624756e-03
5.500000000000000000e+01 1.436228211969137192e-02
5.600000000000000000e+01 2.334787696599960327e-02
5.700000000000000000e+01 3.169674426317214966e-02
5.800000000000000000e+01 3.918732702732086182e-02
5.900000000000000000e+01 4.611987620592117310e-02
6.000000000000000000e+01 5.223157629370689392e-02
6.100000000000000000e+01 5.814817547798156738e-02
6.200000000000000000e+01 6.372033059597015381e-02
6.300000000000000000e+01 6.821408867835998535e-02
6.400000000000000000e+01 7.219450175762176514e-02
6.500000000000000000e+01 7.527703791856765747e-02
6.600000000000000000e+01 7.789213210344314575e-02
6.700000000000000000e+01 7.976961880922317505e-02
6.800000000000000000e+01 8.063581585884094238e-02
6.900000000000000000e+01 8.022789657115936279e-02
7.000000000000000000e+01 7.956916093826293945e-02
7.100000000000000000e+01 7.787772268056869507e-02
7.200000000000000000e+01 7.573153078556060791e-02
7.300000000000000000e+01 7.287843525409698486e-02
7.400000000000000000e+01 6.938266009092330933e-02
7.500000000000000000e+01 6.552735716104507446e-02
7.600000000000000000e+01 6.190297007560729980e-02
7.700000000000000000e+01 5.846812203526496887e-02
7.800000000000000000e+01 5.579182505607604980e-02
7.900000000000000000e+01 5.342566967010498047e-02
8.000000000000000000e+01 5.060330033302307129e-02
8.100000000000000000e+01 4.803806915879249573e-02
8.200000000000000000e+01 4.604915529489517212e-02
8.300000000000000000e+01 4.436324909329414368e-02
8.400000000000000000e+01 4.271431639790534973e-02
8.500000000000000000e+01 4.075386002659797668e-02
8.600000000000000000e+01 3.957078605890274048e-02
8.700000000000000000e+01 3.832005336880683899e-02
8.800000000000000000e+01 3.711536526679992676e-02
8.900000000000000000e+01 3.644655272364616394e-02
9.000000000000000000e+01 3.572271019220352173e-02
9.100000000000000000e+01 3.461002185940742493e-02
9.200000000000000000e+01 3.376474231481552124e-02
9.300000000000000000e+01 3.282620012760162354e-02
9.400000000000000000e+01 3.117866255342960358e-02
9.500000000000000000e+01 2.878470160067081451e-02
9.600000000000000000e+01 2.730338834226131439e-02
9.700000000000000000e+01 2.698709070682525635e-02
9.800000000000000000e+01 2.598103508353233337e-02
9.900000000000000000e+01 2.334335260093212128e-02
