1.000000000000000000e+00 1.000000000000000000e+00
2.000000000000000000e+00 8.967059254646301270e-01
3.000000000000000000e+00 8.163745999336242676e-01
4.000000000000000000e+00 7.464158535003662109e-01
5.000000000000000000e+00 6.820139288902282715e-01
6.000000000000000000e+00 6.206889152526855469e-01
7.000000000000000000e+00 5.609902739524841309e-01
8.000000000000000000e+00 5.027308464050292969e-01
9.000000000000000000e+00 4.458291828632354736e-01
1.000000000000000000e+01 3.900187611579895020e-01
1.100000000000000000e+01 3.349200189113616943e-01
1.200000000000000000e+01 2.809010148048400879e-01
1.300000000000000000e+01 2.277529537677764893e-01
1.400000000000000000e+01 1.759840697050094604e-01
1.500000000000000000e+01 1.256609410047531128e-01
1.600000000000000000e+01 7.717317342758178711e-02
1.700000000000000000e+01 3.077576868236064911e-02
1.800000000000000000e+01 -1.318428386002779007e-02
1.900000000000000000e+01 -5.415578559041023254e-02
2.000000000000000000e+01 -9.239279478788375854e-02
2.100000000000000000e+01 -1.273948252201080322e-01
2.200000000000000000e+01 -1.586245149374008179e-01
2.300000000000000000e+01 -1.861670166254043579e-01
2.400000000000000000e+01 -2.096852809190750122e-01
2.500000000000000000e+01 -2.296917736530303955e-01
2.600000000000000000e+01 -2.457070797681808472e-01
2.700000000000000000e+01 -2.583256661891937256e-01
2.800000000000000000e+01 -2.674132585525512695e-01
2.900000000000000000e+01 -2.733486294746398926e-01
3.000000000000000000e+01 -2.761760950088500977e-01
3.100000000000000000e+01 -2.760698795318603516e-01
3.200000000000000000e+01 -2.733930945396423340e-01
3.300000000000000000e+01 -2.681170403957366943e-01
3.400000000000000000e+01 -2.604750096797943115e-01
3.500000000000000000e+01 -2.511215806007385254e-01
3.600000000000000000e+01 -2.403051406145095825e-01
3.700000000000000000e+01 -2.281564176082611084e-01
3.800000000000000000e+01 -2.148374319076538086e-01
3.900000000000000000e+01 -2.005516886711120605e-01
4.000000000000000000e+01 -1.857358068227767944e-01
4.100000000000000000e+01 -1.703815460205078125e-01
4.200000000000000000e+01 -1.548339128494262695e-01
4.300000000000000000e+01 -1.395213752985000610e-01
4.400000000000000000e+01 -1.238969489932060242e-01
4.500000000000000000e+01 -1.083925664424896240e-01
4.600000000000000000e+01 -9.329992532730102539e-02
4.700000000000000000e+01 -7.842101156711578369e-02
4.800000000000000000e+01 -6.393741816282272339e-02
4.900000000000000000e+01 -4.987712576985359192e-02
5.000000000000000000e+01 -3.613709285855293274e-02
5.100000000000000000e+01 -2.309005334973335266e-02
5.200000000000000000e+01 -1.123519428074359894e-02
5.300000000000000000e+01 6.555557047249749303e-05
5.400000000000000000e+01 1.036074757575988770e-02
5.500000000000000000e+01 1.970283687114715576e-02
5.600000000000000000e+01 2.822108194231987000e-02
5.700000000000000000e+01 3.575885295867919922e-02
5.800000000000000000e+01 4.248096793889999390e-02
5.900000000000000000e+01 4.874014481902122498e-02
6.000000000000000000e+01 5.406447499990463257e-02
6.100000000000000000e+01 5.870269611477851868e-02
6.200000000000000000e+01 6.281981617212295532e-02
6.300000000000000000e+01 6.600966304540634155e-02
6.400000000000000000e+01 6.904443353414535522e-02
6.500000000000000000e+01 7.131363451480865479e-02
6.600000000000000000e+01 7.310214638710021973e-02
6.700000000000000000e+01 7.416845858097076416e-02
6.800000000000000000e+01 7.436551153659820557e-02
6.900000000000000000e+01 7.365181297063827515e-02
7.000000000000000000e+01 7.242693752050399780e-02
7.100000000000000000e+01 7.022761553525924683e-02
7.200000000000000000e+01 6.757719814777374268e-02
7.300000000000000000e+01 6.449866294860839844e-02
7.400000000000000000e+01 6.121550872921943665e-02
7.500000000000000000e+01 5.719166621565818787e-02
7.600000000000000000e+01 5.275183171033859253e-02
7.700000000000000000e+01 4.901459068059921265e-02
7.800000000000000000e+01 4.521153867244720459e-02
7.900000000000000000e+01 4.184702038764953613e-02
8.000000000000000000e+01 3.946592286229133606e-02
8.100000000000000000e+01 3.744643181562423706e-02
8.200000000000000000e+01 3.570924326777458191e-02
8.300000000000000000e+01 3.433599323034286499e-02
8.400000000000000000e+01 3.253974020481109619e-02
8.500000000000000000e+01 3.128686547279357910e-02
8.600000000000000000e+01 3.023148328065872192e-02
8.700000000000000000e+01 2.857645228505134583e-02
8.800000000000000000e+01 2.740645594894886017e-02
8.900000000000000000e+01 2.625958062708377838e-02
9.000000000000000000e+01 2.488248050212860107e-02
9.100000000000000000e+01 2.355706505477428436e-02
9.200000000000000000e+01 2.229440957307815552e-02
9.300000000000000000e+01 2.128999494016170502e-02
9.400000000000000000e+01 2.058065682649612427e-02
9.500000000000000000e+01 1.943008787930011749e-02
9.600000000000000000e+01 1.818434521555900574e-02
9.700000000000000000e+01 1.613859087228775024e-02
9.800000000000000000e+01 1.582065783441066742e-02
9.900000000000000000e+01 1.559646334499120712e-02
