1.000000000000000000e+00 1.000000000000000000e+00
2.000000000000000000e+00 8.910009860992431641e-01
3.000000000000000000e+00 8.064732551574707031e-01
4.000000000000000000e+00 7.335497140884399414e-01
5.000000000000000000e+00 6.667377352714538574e-01
6.000000000000000000e+00 6.033298969268798828e-01
7.000000000000000000e+00 5.421869158744812012e-01
8.000000000000000000e+00 4.831268489360809326e-01
9.000000000000000000e+00 4.255880713462829590e-01
1.000000000000000000e+01 3.691687285900115967e-01
1.100000000000000000e+01 3.136868178844451904e-01
1.200000000000000000e+01 2.593642473220825195e-01
1.300000000000000000e+01 2.064602971076965332e-01
1.400000000000000000e+01 1.552246361970901489e-01
1.500000000000000000e+01 1.059657111763954163e-01
1.600000000000000000e+01 5.887748301029205322e-02
1.700000000000000000e+01 1.394901052117347717e-02
1.800000000000000000e+01 -2.807012386620044708e-02
1.900000000000000000e+01 -6.736027449369430542e-02
2.000000000000000000e+01 -1.034707576036453247e-01
2.100000000000000000e+01 -1.362472623586654663e-01
2.200000000000000000e+01 -1.651794463396072388e-01
2.300000000000000000e+01 -1.902082562446594238e-01
2.400000000000000000e+01 -2.117044627666473389e-01
2.500000000000000000e+01 -2.291484326124191284e-01
2.600000000000000000e+01 -2.429703027009963989e-01
2.700000000000000000e+01 -2.529550492763519287e-01
2.800000000000000000e+01 -2.595647871494293213e-01
2.900000000000000000e+01 -2.630156576633453369e-01
3.000000000000000000e+01 -2.635026574134826660e-01
3.100000000000000000e+01 -2.613565921783447266e-01
3.200000000000000000e+01 -2.563652992248535156e-01
3.300000000000000000e+01 -2.491465508937835693e-01
3.400000000000000000e+01 -2.399215996265411377e-01
3.500000000000000000e+01 -2.291034311056137085e-01
3.600000000000000000e+01 -2.169379740953445435e-01
3.700000000000000000e+01 -2.035993486642837524e-01
3.800000000000000000e+01 -1.895929127931594849e-01
3.900000000000000000e+01 -1.750699132680892944e-01
4.000000000000000000e+01 -1.602064371109008789e-01
4.100000000000000000e+01 -1.452712714672088623e-01
4.200000000000000000e+01 -1.303130239248275757e-01
4.300000000000000000e+01 -1.154373958706855774e-01
4.400000000000000000e+01 -1.007895022630691528e-01
4.500000000000000000e+01 -8.600668609142303467e-02
4.600000000000000000e+01 -7.136423885822296143e-02
4.700000000000000000e+01 -5.737220123410224915e-02
4.800000000000000000e+01 -4.439413547515869141e-02
4.900000000000000000e+01 -3.145828098058700562e-02
5.000000000000000000e+01 -1.929250359535217285e-02
5.100000000000000000e+01 -7.830413989722728729e-03
5.200000000000000000e+01 3.024461213499307632e-03
5.300000000000000000e+01 1.256706658750772476e-02
5.400000000000000000e+01 2.158975601196289062e-02
5.500000000000000000e+01 3.003296256065368652e-02
5.600000000000000000e+01 3.748568892478942871e-02
5.700000000000000000e+01 4.375064373016357422e-02
5.800000000000000000e+01 4.926371946930885315e-02
5.900000000000000000e+01 5.363990738987922668e-02
6.000000000000000000e+01 5.773025751113891602e-02
6.100000000000000000e+01 6.109211593866348267e-02
6.200000000000000000e+01 6.349347531795501709e-02
6.300000000000000000e+01 6.545822322368621826e-02
6.400000000000000000e+01 6.675344705581665039e-02
6.500000000000000000e+01 6.731876730918884277e-02
6.600000000000000000e+01 6.742769479751586914e-02
6.700000000000000000e+01 6.697401404380798340e-02
6.800000000000000000e+01 6.579312682151794434e-02
6.900000000000000000e+01 6.425736844539642334e-02
7.000000000000000000e+01 6.234466284513473511e-02
7.100000000000000000e+01 5.915902927517890930e-02
7.200000000000000000e+01 5.536964535713195801e-02
7.300000000000000000e+01 5.154926329851150513e-02
7.400000000000000000e+01 4.735184460878372192e-02
7.500000000000000000e+01 4.266561567783355713e-02
7.600000000000000000e+01 3.796338662505149841e-02
7.700000000000000000e+01 3.342121839523315430e-02
7.800000000000000000e+01 3.007345087826251984e-02
7.900000000000000000e+01 2.664962410926818848e-02
8.000000000000000000e+01 2.364192903041839600e-02
8.100000000000000000e+01 2.114488556981086731e-02
8.200000000000000000e+01 1.825500279664993286e-02
8.300000000000000000e+01 1.618855074048042297e-02
8.400000000000000000e+01 1.382268965244293213e-02
8.500000000000000000e+01 1.202546432614326477e-02
8.600000000000000000e+01 1.009157765656709671e-02
8.700000000000000000e+01 8.002538233995437622e-03
8.800000000000000000e+01 6.095919292420148849e-03
8.900000000000000000e+01 4.053416196256875992e-03
9.000000000000000000e+01 2.044270746409893036e-03
9.100000000000000000e+01 -3.664793912321329117e-04
9.200000000000000000e+01 -2.512925304472446442e-03
9.300000000000000000e+01 -4.162443336099386215e-03
9.400000000000000000e+01 -6.145125720649957657e-03
9.500000000000000000e+01 -8.570834994316101074e-03
9.600000000000000000e+01 -1.070064958184957504e-02
9.700000000000000000e+01 -1.421914249658584595e-02
9.800000000000000000e+01 -1.888086274266242981e-02
9.900000000000000000e+01 -1.671294122934341431e-02
