1.000000000000000000e+00 1.000000000000000000e+00
2.000000000000000000e+00 8.989076614379882812e-01
3.000000000000000000e+00 8.203132152557373047e-01
4.000000000000000000e+00 7.517449855804443359e-01
5.000000000000000000e+00 6.883893013000488281e-01
6.000000000000000000e+00 6.280578374862670898e-01
7.000000000000000000e+00 5.692805051803588867e-01
8.000000000000000000e+00 5.117421746253967285e-01
9.000000000000000000e+00 4.554809033870697021e-01
1.000000000000000000e+01 3.997393846511840820e-01
1.100000000000000000e+01 3.448856770992279053e-01
1.200000000000000000e+01 2.908504605293273926e-01
1.300000000000000000e+01 2.376891523599624634e-01
1.400000000000000000e+01 1.859369874000549316e-01
1.500000000000000000e+01 1.354439705610275269e-01
1.600000000000000000e+01 8.674997836351394653e-02
1.700000000000000000e+01 4.013999924063682556e-02
1.800000000000000000e+01 -4.448591731488704681e-03
1.900000000000000000e+01 -4.620311036705970764e-02
2.000000000000000000e+01 -8.533631265163421631e-02
2.100000000000000000e+01 -1.214318126440048218e-01
2.200000000000000000e+01 -1.540929377079010010e-01
2.300000000000000000e+01 -1.830009371042251587e-01
2.400000000000000000e+01 -2.082207649946212769e-01
2.500000000000000000e+01 -2.294012606143951416e-01
2.600000000000000000e+01 -2.466927617788314819e-01
2.700000000000000000e+01 -2.605383396148681641e-01
2.800000000000000000e+01 -2.709710597991943359e-01
2.900000000000000000e+01 -2.781049311161041260e-01
3.000000000000000000e+01 -2.818807959556579590e-01
3.100000000000000000e+01 -2.829876840114593506e-01
3.200000000000000000e+01 -2.813965678215026855e-01
3.300000000000000000e+01 -2.769339382648468018e-01
3.400000000000000000e+01 -2.701796591281890869e-01
3.500000000000000000e+01 -2.611727416515350342e-01
3.600000000000000000e+01 -2.506325840950012207e-01
3.700000000000000000e+01 -2.386600226163864136e-01
3.800000000000000000e+01 -2.254291325807571411e-01
3.900000000000000000e+01 -2.111292928457260132e-01
4.000000000000000000e+01 -1.963300406932830811e-01
4.100000000000000000e+01 -1.811117231845855713e-01
4.200000000000000000e+01 -1.652735173702239990e-01
4.300000000000000000e+01 -1.492928713560104370e-01
4.400000000000000000e+01 -1.332789659500122070e-01
4.500000000000000000e+01 -1.174012422561645508e-01
4.600000000000000000e+01 -1.016433313488960266e-01
4.700000000000000000e+01 -8.633511513471603394e-02
4.800000000000000000e+01 -7.123203575611114502e-02
4.900000000000000000e+01 -5.689820647239685059e-02
5.000000000000000000e+01 -4.322104901075363159e-02
5.100000000000000000e+01 -3.005471266806125641e-02
5.200000000000000000e+01 -1.779658719897270203e-02
5.300000000000000000e+01 -5.977799184620380402e-03
5.400000000000000000e+01 5.239998921751976013e-03
5.500000000000000000e+01 1.509204134345054626e-02
5.600000000000000000e+01 2.378910593688488007e-02
5.700000000000000000e+01 3.214599937200546265e-02
5.800000000000000000e+01 3.943667933344841003e-02
5.900000000000000000e+01 4.593032598495483398e-02
6.000000000000000000e+01 5.197134241461753845e-02
6.100000000000000000e+01 5.733610317111015320e-02
6.200000000000000000e+01 6.251975148916244507e-02
6.300000000000000000e+01 6.736781448125839233e-02
6.400000000000000000e+01 7.170626521110534668e-02
6.500000000000000000e+01 7.523205876350402832e-02
6.600000000000000000e+01 7.802926748991012573e-02
6.700000000000000000e+01 7.980204373598098755e-02
6.800000000000000000e+01 8.055908232927322388e-02
6.900000000000000000e+01 8.088546246290206909e-02
7.000000000000000000e+01 8.002537488937377930e-02
7.100000000000000000e+01 7.833643257617950439e-02
7.200000000000000000e+01 7.600762695074081421e-02
7.300000000000000000e+01 7.298657298088073730e-02
7.400000000000000000e+01 6.967767328023910522e-02
7.500000000000000000e+01 6.621102243661880493e-02
7.600000000000000000e+01 6.254972517490386963e-02
7.700000000000000000e+01 5.885942652821540833e-02
7.800000000000000000e+01 5.516512691974639893e-02
7.900000000000000000e+01 5.161021649837493896e-02
8.000000000000000000e+01 4.904172196984291077e-02
8.100000000000000000e+01 4.661189392209053040e-02
8.200000000000000000e+01 4.446612671017646790e-02
8.300000000000000000e+01 4.194723442196846008e-02
8.400000000000000000e+01 3.916816785931587219e-02
8.500000000000000000e+01 3.669634088873863220e-02
8.600000000000000000e+01 3.502652049064636230e-02
8.700000000000000000e+01 3.310772404074668884e-02
8.800000000000000000e+01 3.085114993155002594e-02
8.900000000000000000e+01 2.917516790330410004e-02
9.000000000000000000e+01 2.758621238172054291e-02
9.100000000000000000e+01 2.603232301771640778e-02
9.200000000000000000e+01 2.488431707024574280e-02
9.300000000000000000e+01 2.325136214494705200e-02
9.400000000000000000e+01 2.164180576801300049e-02
9.500000000000000000e+01 2.045360952615737915e-02
9.600000000000000000e+01 1.962988451123237610e-02
9.700000000000000000e+01 1.699211820960044861e-02
9.800000000000000000e+01 1.573254540562629700e-02
9.900000000000000000e+01 1.298688072711229324e-02
