1.000000000000000000e+00 1.000000000000000000e+00
2.000000000000000000e+00 8.968113064765930176e-01
3.000000000000000000e+00 8.162786364555358887e-01
4.000000000000000000e+00 7.461965680122375488e-01
5.000000000000000000e+00 6.816918253898620605e-01
6.000000000000000000e+00 6.203054189682006836e-01
7.000000000000000000e+00 5.608474612236022949e-01
8.000000000000000000e+00 5.030511021614074707e-01
9.000000000000000000e+00 4.459650814533233643e-01
1.000000000000000000e+01 3.894869685173034668e-01
1.100000000000000000e+01 3.343540430068969727e-01
1.200000000000000000e+01 2.802006006240844727e-01
1.300000000000000000e+01 2.271651178598403931e-01
1.400000000000000000e+01 1.755722910165786743e-01
1.500000000000000000e+01 1.252813339233398438e-01
1.600000000000000000e+01 7.691317796707153320e-02
1.700000000000000000e+01 3.035089559853076935e-02
1.800000000000000000e+01 -1.346778962761163712e-02
1.900000000000000000e+01 -5.464156717061996460e-02
2.000000000000000000e+01 -9.289610385894775391e-02
2.100000000000000000e+01 -1.278206706047058105e-01
2.200000000000000000e+01 -1.591833531856536865e-01
2.300000000000000000e+01 -1.865596324205398560e-01
2.400000000000000000e+01 -2.102973163127899170e-01
2.500000000000000000e+01 -2.301997989416122437e-01
2.600000000000000000e+01 -2.463786900043487549e-01
2.700000000000000000e+01 -2.591039836406707764e-01
2.800000000000000000e+01 -2.681506276130676270e-01
2.900000000000000000e+01 -2.739648818969726562e-01
3.000000000000000000e+01 -2.766911387443542480e-01
3.100000000000000000e+01 -2.764552831649780273e-01
3.200000000000000000e+01 -2.736992537975311279e-01
3.300000000000000000e+01 -2.686423063278198242e-01
3.400000000000000000e+01 -2.614643871784210205e-01
3.500000000000000000e+01 -2.524264156818389893e-01
3.600000000000000000e+01 -2.415790259838104248e-01
3.700000000000000000e+01 -2.289189249277114868e-01
3.800000000000000000e+01 -2.154345214366912842e-01
3.900000000000000000e+01 -2.013278901576995850e-01
4.000000000000000000e+01 -1.866559386253356934e-01
4.100000000000000000e+01 -1.711170375347137451e-01
4.200000000000000000e+01 -1.556208580732345581e-01
4.300000000000000000e+01 -1.401053518056869507e-01
4.400000000000000000e+01 -1.243802607059478760e-01
4.500000000000000000e+01 -1.087968647480010986e-01
4.600000000000000000e+01 -9.375500679016113281e-02
4.700000000000000000e+01 -7.875006645917892456e-02
4.800000000000000000e+01 -6.431149691343307495e-02
4.900000000000000000e+01 -5.044179409742355347e-02
5.000000000000000000e+01 -3.730048984289169312e-02
5.100000000000000000e+01 -2.455721050500869751e-02
5.200000000000000000e+01 -1.236700732260942459e-02
5.300000000000000000e+01 -8.834907202981412411e-04
5.400000000000000000e+01 9.655489586293697357e-03
5.500000000000000000e+01 1.927491277456283569e-02
5.600000000000000000e+01 2.771112881600856781e-02
5.700000000000000000e+01 3.567288070917129517e-02
5.800000000000000000e+01 4.260011389851570129e-02
5.900000000000000000e+01 4.911304637789726257e-02
6.000000000000000000e+01 5.488636717200279236e-02
6.100000000000000000e+01 5.980134755373001099e-02
6.200000000000000000e+01 6.429064273834228516e-02
6.300000000000000000e+01 6.785283982753753662e-02
6.400000000000000000e+01 7.141329348087310791e-02
6.500000000000000000e+01 7.404590398073196411e-02
6.600000000000000000e+01 7.586411386728286743e-02
6.700000000000000000e+01 7.719310373067855835e-02
6.800000000000000000e+01 7.753512263298034668e-02
6.900000000000000000e+01 7.750674337148666382e-02
7.000000000000000000e+01 7.648174464702606201e-02
7.100000000000000000e+01 7.455980777740478516e-02
7.200000000000000000e+01 7.160991430282592773e-02
7.300000000000000000e+01 6.761988252401351929e-02
7.400000000000000000e+01 6.352079659700393677e-02
7.500000000000000000e+01 5.910470336675643921e-02
7.600000000000000000e+01 5.461636558175086975e-02
7.700000000000000000e+01 5.078438669443130493e-02
7.800000000000000000e+01 4.720534384250640869e-02
7.900000000000000000e+01 4.345167428255081177e-02
8.000000000000000000e+01 3.982976078987121582e-02
8.100000000000000000e+01 3.717532381415367126e-02
8.200000000000000000e+01 3.466124832630157471e-02
8.300000000000000000e+01 3.230405598878860474e-02
8.400000000000000000e+01 3.036921843886375427e-02
8.500000000000000000e+01 2.851247414946556091e-02
8.600000000000000000e+01 2.655177935957908630e-02
8.700000000000000000e+01 2.466958761215209961e-02
8.800000000000000000e+01 2.293809689581394196e-02
8.900000000000000000e+01 2.089896239340305328e-02
9.000000000000000000e+01 1.931298710405826569e-02
9.100000000000000000e+01 1.784447766840457916e-02
9.200000000000000000e+01 1.620475761592388153e-02
9.300000000000000000e+01 1.522219460457563400e-02
9.400000000000000000e+01 1.406068634241819382e-02
9.500000000000000000e+01 1.232261303812265396e-02
9.600000000000000000e+01 9.577156975865364075e-03
9.700000000000000000e+01 7.753397803753614426e-03
9.800000000000000000e+01 5.528855137526988983e-03
9.900000000000000000e+01 7.309174165129661560e-03
