1.000000000000000000e+00 1.000000000000000000e+00
2.000000000000000000e+00 8.995222449302673340e-01
3.000000000000000000e+00 8.212356567382812500e-01
4.000000000000000000e+00 7.531486749649047852e-01
5.000000000000000000e+00 6.902413368225097656e-01
6.000000000000000000e+00 6.298138499259948730e-01
7.000000000000000000e+00 5.710635185241699219e-01
8.000000000000000000e+00 5.136727094650268555e-01
9.000000000000000000e+00 4.571430981159210205e-01
1.000000000000000000e+01 4.017119705677032471e-01
1.100000000000000000e+01 3.468765020370483398e-01
1.200000000000000000e+01 2.930799722671508789e-01
1.300000000000000000e+01 2.399513274431228638e-01
1.400000000000000000e+01 1.878894716501235962e-01
1.500000000000000000e+01 1.373870819807052612e-01
1.600000000000000000e+01 8.828447759151458740e-02
1.700000000000000000e+01 4.129984602332115173e-02
1.800000000000000000e+01 -3.418425098061561584e-03
1.900000000000000000e+01 -4.567565768957138062e-02
2.000000000000000000e+01 -8.492927253246307373e-02
2.100000000000000000e+01 -1.208593994379043579e-01
2.200000000000000000e+01 -1.537471711635589600e-01
2.300000000000000000e+01 -1.830771565437316895e-01
2.400000000000000000e+01 -2.083006799221038818e-01
2.500000000000000000e+01 -2.299189418554306030e-01
2.600000000000000000e+01 -2.478204816579818726e-01
2.700000000000000000e+01 -2.617352902889251709e-01
2.800000000000000000e+01 -2.717038691043853760e-01
2.900000000000000000e+01 -2.785931527614593506e-01
3.000000000000000000e+01 -2.822406589984893799e-01
3.100000000000000000e+01 -2.828515768051147461e-01
3.200000000000000000e+01 -2.810859084129333496e-01
3.300000000000000000e+01 -2.767438888549804688e-01
3.400000000000000000e+01 -2.701653242111206055e-01
3.500000000000000000e+01 -2.618334293365478516e-01
3.600000000000000000e+01 -2.516133487224578857e-01
3.700000000000000000e+01 -2.401673644781112671e-01
3.800000000000000000e+01 -2.274574041366577148e-01
3.900000000000000000e+01 -2.137885093688964844e-01
4.000000000000000000e+01 -1.992168724536895752e-01
4.100000000000000000e+01 -1.840998679399490356e-01
4.200000000000000000e+01 -1.687151491641998291e-01
4.300000000000000000e+01 -1.531052440404891968e-01
4.400000000000000000e+01 -1.374282985925674438e-01
4.500000000000000000e+01 -1.217020079493522644e-01
4.600000000000000000e+01 -1.058527305722236633e-01
4.700000000000000000e+01 -9.034170210361480713e-02
4.800000000000000000e+01 -7.495801895856857300e-02
4.900000000000000000e+01 -5.993479117751121521e-02
5.000000000000000000e+01 -4.569408670067787170e-02
5.100000000000000000e+01 -3.237945213913917542e-02
5.200000000000000000e+01 -1.981100067496299744e-02
5.300000000000000000e+01 -7.860373705625534058e-03
5.400000000000000000e+01 3.387272125110030174e-03
5.500000000000000000e+01 1.337879803031682968e-02
5.600000000000000000e+01 2.237368375062942505e-02
5.700000000000000000e+01 3.103047795593738556e-02
5.800000000000000000e+01 3.880265727639198303e-02
5.900000000000000000e+01 4.570813849568367004e-02
6.000000000000000000e+01 5.170328170061111450e-02
6.100000000000000000e+01 5.766349285840988159e-02
6.200000000000000000e+01 6.328018754720687866e-02
6.300000000000000000e+01 6.820469349622726440e-02
6.400000000000000000e+01 7.261583209037780762e-02
6.500000000000000000e+01 7.653447240591049194e-02
6.600000000000000000e+01 8.010460436344146729e-02
6.700000000000000000e+01 8.258868008852005005e-02
6.800000000000000000e+01 8.362642675638198853e-02
6.900000000000000000e+01 8.373399823904037476e-02
7.000000000000000000e+01 8.286219835281372070e-02
7.100000000000000000e+01 8.126438409090042114e-02
7.200000000000000000e+01 7.896582782268524170e-02
7.300000000000000000e+01 7.634271681308746338e-02
7.400000000000000000e+01 7.297877967357635498e-02
7.500000000000000000e+01 6.944069266319274902e-02
7.600000000000000000e+01 6.590073555707931519e-02
7.700000000000000000e+01 6.250035762786865234e-02
7.800000000000000000e+01 5.911009013652801514e-02
7.900000000000000000e+01 5.602838844060897827e-02
8.000000000000000000e+01 5.321602150797843933e-02
8.100000000000000000e+01 5.021174997091293335e-02
8.200000000000000000e+01 4.747422784566879272e-02
8.300000000000000000e+01 4.468787834048271179e-02
8.400000000000000000e+01 4.285365715622901917e-02
8.500000000000000000e+01 4.119218885898590088e-02
8.600000000000000000e+01 3.928628191351890564e-02
8.700000000000000000e+01 3.739994764328002930e-02
8.800000000000000000e+01 3.570402786135673523e-02
8.900000000000000000e+01 3.369219973683357239e-02
9.000000000000000000e+01 3.167792409658432007e-02
9.100000000000000000e+01 2.969929575920104980e-02
9.200000000000000000e+01 2.728109061717987061e-02
9.300000000000000000e+01 2.502780035138130188e-02
9.400000000000000000e+01 2.311715669929981232e-02
9.500000000000000000e+01 2.141021005809307098e-02
9.600000000000000000e+01 2.026943676173686981e-02
9.700000000000000000e+01 1.753401570022106171e-02
9.800000000000000000e+01 1.488740928471088409e-02
9.900000000000000000e+01 1.114501059055328369e-02
