1.000000000000000000e+00 1.000000000000000000e+00
2.000000000000000000e+00 8.821548223495483398e-01
3.000000000000000000e+00 7.912994027137756348e-01
4.000000000000000000e+00 7.134160399436950684e-01
5.000000000000000000e+00 6.429470777511596680e-01
6.000000000000000000e+00 5.769140124320983887e-01
7.000000000000000000e+00 5.140528678894042969e-01
8.000000000000000000e+00 4.536323547363281250e-01
9.000000000000000000e+00 3.953253626823425293e-01
1.000000000000000000e+01 3.388380408287048340e-01
1.100000000000000000e+01 2.837884128093719482e-01
1.200000000000000000e+01 2.301607131958007812e-01
1.300000000000000000e+01 1.784190088510513306e-01
1.400000000000000000e+01 1.288067698478698730e-01
1.500000000000000000e+01 8.122426271438598633e-02
1.600000000000000000e+01 3.615085035562515259e-02
1.700000000000000000e+01 -6.245389580726623535e-03
1.800000000000000000e+01 -4.568869248032569885e-02
1.900000000000000000e+01 -8.180753886699676514e-02
2.000000000000000000e+01 -1.146561577916145325e-01
2.100000000000000000e+01 -1.440142095088958740e-01
2.200000000000000000e+01 -1.695366948843002319e-01
2.300000000000000000e+01 -1.911391615867614746e-01
2.400000000000000000e+01 -2.086634933948516846e-01
2.500000000000000000e+01 -2.221587896347045898e-01
2.600000000000000000e+01 -2.323831170797348022e-01
2.700000000000000000e+01 -2.394212335348129272e-01
2.800000000000000000e+01 -2.431198656558990479e-01
2.900000000000000000e+01 -2.438899427652359009e-01
3.000000000000000000e+01 -2.419726848602294922e-01
3.100000000000000000e+01 -2.377138584852218628e-01
3.200000000000000000e+01 -2.313761413097381592e-01
3.300000000000000000e+01 -2.231028676033020020e-01
3.400000000000000000e+01 -2.130044251680374146e-01
3.500000000000000000e+01 -2.017153650522232056e-01
3.600000000000000000e+01 -1.894079744815826416e-01
3.700000000000000000e+01 -1.762269735336303711e-01
3.800000000000000000e+01 -1.622091829776763916e-01
3.900000000000000000e+01 -1.481243968009948730e-01
4.000000000000000000e+01 -1.341130882501602173e-01
4.100000000000000000e+01 -1.200337633490562439e-01
4.200000000000000000e+01 -1.063089519739151001e-01
4.300000000000000000e+01 -9.270816296339035034e-02
4.400000000000000000e+01 -7.914953678846359253e-02
4.500000000000000000e+01 -6.559931486845016479e-02
4.600000000000000000e+01 -5.257779732346534729e-02
4.700000000000000000e+01 -4.006597027182579041e-02
4.800000000000000000e+01 -2.838448248803615570e-02
4.900000000000000000e+01 -1.724314317107200623e-02
5.000000000000000000e+01 -7.310769520699977875e-03
5.100000000000000000e+01 2.111218171194195747e-03
5.200000000000000000e+01 1.113447267562150955e-02
5.300000000000000000e+01 1.911759562790393829e-02
5.400000000000000000e+01 2.647854015231132507e-02
5.500000000000000000e+01 3.314319998025894165e-02
5.600000000000000000e+01 3.897988051176071167e-02
5.700000000000000000e+01 4.351787269115447998e-02
5.800000000000000000e+01 4.700303822755813599e-02
5.900000000000000000e+01 4.974427819252014160e-02
6.000000000000000000e+01 5.191541463136672974e-02
6.100000000000000000e+01 5.364405736327171326e-02
6.200000000000000000e+01 5.468205362558364868e-02
6.300000000000000000e+01 5.507979914546012878e-02
6.400000000000000000e+01 5.518706515431404114e-02
6.500000000000000000e+01 5.492896959185600281e-02
6.600000000000000000e+01 5.401489138603210449e-02
6.700000000000000000e+01 5.247682332992553711e-02
6.800000000000000000e+01 5.040126293897628784e-02
6.900000000000000000e+01 4.789367318153381348e-02
7.000000000000000000e+01 4.493116214871406555e-02
7.100000000000000000e+01 4.194968566298484802e-02
7.200000000000000000e+01 3.841084614396095276e-02
7.300000000000000000e+01 3.450195118784904480e-02
7.400000000000000000e+01 3.087380900979042053e-02
7.500000000000000000e+01 2.745154686272144318e-02
7.600000000000000000e+01 2.402420900762081146e-02
7.700000000000000000e+01 2.038528397679328918e-02
7.800000000000000000e+01 1.773666217923164368e-02
7.900000000000000000e+01 1.509769167751073837e-02
8.000000000000000000e+01 1.267020311206579208e-02
8.100000000000000000e+01 1.049110200256109238e-02
8.200000000000000000e+01 8.522483520209789276e-03
8.300000000000000000e+01 7.189952768385410309e-03
8.400000000000000000e+01 6.433621514588594437e-03
8.500000000000000000e+01 5.292063578963279724e-03
8.600000000000000000e+01 3.946390002965927124e-03
8.700000000000000000e+01 3.032097825780510902e-03
8.800000000000000000e+01 2.449435647577047348e-03
8.900000000000000000e+01 1.662174938246607780e-03
9.000000000000000000e+01 1.264246297068893909e-03
9.100000000000000000e+01 1.504572224803268909e-03
9.200000000000000000e+01 1.028153812512755394e-03
9.300000000000000000e+01 -1.140185759140877053e-05
9.400000000000000000e+01 -2.510145306587219238e-03
9.500000000000000000e+01 -4.963249433785676956e-03
9.600000000000000000e+01 -6.991442758589982986e-03
9.700000000000000000e+01 -7.512639276683330536e-03
9.800000000000000000e+01 -7.990269921720027924e-03
9.900000000000000000e+01 -1.047681551426649094e-02
