1.000000000000000000e+00 1.000000000000000000e+00
2.000000000000000000e+00 8.975803256034851074e-01
3.000000000000000000e+00 8.182137012481689453e-01
4.000000000000000000e+00 7.492247223854064941e-01
5.000000000000000000e+00 6.854066848754882812e-01
6.000000000000000000e+00 6.245622634887695312e-01
7.000000000000000000e+00 5.656712651252746582e-01
8.000000000000000000e+00 5.078277587890625000e-01
9.000000000000000000e+00 4.511506557464599609e-01
1.000000000000000000e+01 3.953313827514648438e-01
1.100000000000000000e+01 3.405726850032806396e-01
1.200000000000000000e+01 2.865605652332305908e-01
1.300000000000000000e+01 2.334270477294921875e-01
1.400000000000000000e+01 1.816809922456741333e-01
1.500000000000000000e+01 1.312968283891677856e-01
1.600000000000000000e+01 8.285351097583770752e-02
1.700000000000000000e+01 3.626436740159988403e-02
1.800000000000000000e+01 -8.168895728886127472e-03
1.900000000000000000e+01 -4.977624118328094482e-02
2.000000000000000000e+01 -8.866920322179794312e-02
2.100000000000000000e+01 -1.243330538272857666e-01
2.200000000000000000e+01 -1.566288769245147705e-01
2.300000000000000000e+01 -1.851614415645599365e-01
2.400000000000000000e+01 -2.099822461605072021e-01
2.500000000000000000e+01 -2.308999150991439819e-01
2.600000000000000000e+01 -2.481878697872161865e-01
2.700000000000000000e+01 -2.614142596721649170e-01
2.800000000000000000e+01 -2.709609270095825195e-01
2.900000000000000000e+01 -2.771321535110473633e-01
3.000000000000000000e+01 -2.803269326686859131e-01
3.100000000000000000e+01 -2.806423306465148926e-01
3.200000000000000000e+01 -2.783943414688110352e-01
3.300000000000000000e+01 -2.737031280994415283e-01
3.400000000000000000e+01 -2.667473256587982178e-01
3.500000000000000000e+01 -2.580409944057464600e-01
3.600000000000000000e+01 -2.474892437458038330e-01
3.700000000000000000e+01 -2.355832904577255249e-01
3.800000000000000000e+01 -2.223211675882339478e-01
3.900000000000000000e+01 -2.081059068441390991e-01
4.000000000000000000e+01 -1.930695772171020508e-01
4.100000000000000000e+01 -1.777191907167434692e-01
4.200000000000000000e+01 -1.624368727207183838e-01
4.300000000000000000e+01 -1.465713828802108765e-01
4.400000000000000000e+01 -1.308441013097763062e-01
4.500000000000000000e+01 -1.149544268846511841e-01
4.600000000000000000e+01 -9.919143468141555786e-02
4.700000000000000000e+01 -8.383593708276748657e-02
4.800000000000000000e+01 -6.873107701539993286e-02
4.900000000000000000e+01 -5.405578762292861938e-02
5.000000000000000000e+01 -3.991935029625892639e-02
5.100000000000000000e+01 -2.640399895608425140e-02
5.200000000000000000e+01 -1.354188285768032074e-02
5.300000000000000000e+01 -1.610368606634438038e-03
5.400000000000000000e+01 9.189538657665252686e-03
5.500000000000000000e+01 1.912261359393596649e-02
5.600000000000000000e+01 2.796379663050174713e-02
5.700000000000000000e+01 3.575639426708221436e-02
5.800000000000000000e+01 4.296552389860153198e-02
5.900000000000000000e+01 4.980273917317390442e-02
6.000000000000000000e+01 5.619197711348533630e-02
6.100000000000000000e+01 6.206411495804786682e-02
6.200000000000000000e+01 6.714528053998947144e-02
6.300000000000000000e+01 7.130491733551025391e-02
6.400000000000000000e+01 7.492373883724212646e-02
6.500000000000000000e+01 7.775226235389709473e-02
6.600000000000000000e+01 8.035751432180404663e-02
6.700000000000000000e+01 8.224429190158843994e-02
6.800000000000000000e+01 8.309733867645263672e-02
6.900000000000000000e+01 8.290696144104003906e-02
7.000000000000000000e+01 8.161079138517379761e-02
7.100000000000000000e+01 7.921712100505828857e-02
7.200000000000000000e+01 7.592882961034774780e-02
7.300000000000000000e+01 7.232683897018432617e-02
7.400000000000000000e+01 6.815771013498306274e-02
7.500000000000000000e+01 6.388491392135620117e-02
7.600000000000000000e+01 5.923735350370407104e-02
7.700000000000000000e+01 5.490755662322044373e-02
7.800000000000000000e+01 5.096596479415893555e-02
7.900000000000000000e+01 4.761790111660957336e-02
8.000000000000000000e+01 4.441101104021072388e-02
8.100000000000000000e+01 4.145697876811027527e-02
8.200000000000000000e+01 3.854377567768096924e-02
8.300000000000000000e+01 3.589765727519989014e-02
8.400000000000000000e+01 3.318251669406890869e-02
8.500000000000000000e+01 3.064300492405891418e-02
8.600000000000000000e+01 2.855902351438999176e-02
8.700000000000000000e+01 2.620734833180904388e-02
8.800000000000000000e+01 2.379709295928478241e-02
8.900000000000000000e+01 2.146889455616474152e-02
9.000000000000000000e+01 1.930598169565200806e-02
9.100000000000000000e+01 1.679803989827632904e-02
9.200000000000000000e+01 1.434318255633115768e-02
9.300000000000000000e+01 1.235396042466163635e-02
9.400000000000000000e+01 1.058572996407747269e-02
9.500000000000000000e+01 8.466411381959915161e-03
9.600000000000000000e+01 7.157918997108936310e-03
9.700000000000000000e+01 6.300458684563636780e-03
9.800000000000000000e+01 3.956443630158901215e-03
9.900000000000000000e+01 4.859669599682092667e-03
