1.000000000000000000e+00 1.000000000000000000e+00
2.000000000000000000e+00 8.911567926406860352e-01
3.000000000000000000e+00 8.068990707397460938e-01
4.000000000000000000e+00 7.338461875915527344e-01
5.000000000000000000e+00 6.672915816307067871e-01
6.000000000000000000e+00 6.037775278091430664e-01
7.000000000000000000e+00 5.428372621536254883e-01
8.000000000000000000e+00 4.836387634277343750e-01
9.000000000000000000e+00 4.260115325450897217e-01
1.000000000000000000e+01 3.695259392261505127e-01
1.100000000000000000e+01 3.140288591384887695e-01
1.200000000000000000e+01 2.598021328449249268e-01
1.300000000000000000e+01 2.069595456123352051e-01
1.400000000000000000e+01 1.556723117828369141e-01
1.500000000000000000e+01 1.062804087996482849e-01
1.600000000000000000e+01 5.908587574958801270e-02
1.700000000000000000e+01 1.428361702710390091e-02
1.800000000000000000e+01 -2.816793695092201233e-02
1.900000000000000000e+01 -6.765964627265930176e-02
2.000000000000000000e+01 -1.039129719138145447e-01
2.100000000000000000e+01 -1.367544084787368774e-01
2.200000000000000000e+01 -1.657554507255554199e-01
2.300000000000000000e+01 -1.905740052461624146e-01
2.400000000000000000e+01 -2.115541845560073853e-01
2.500000000000000000e+01 -2.288441658020019531e-01
2.600000000000000000e+01 -2.425153404474258423e-01
2.700000000000000000e+01 -2.525578141212463379e-01
2.800000000000000000e+01 -2.592682242393493652e-01
2.900000000000000000e+01 -2.625026702880859375e-01
3.000000000000000000e+01 -2.627490758895874023e-01
3.100000000000000000e+01 -2.597635984420776367e-01
3.200000000000000000e+01 -2.548905611038208008e-01
3.300000000000000000e+01 -2.475412040948867798e-01
3.400000000000000000e+01 -2.387685924768447876e-01
3.500000000000000000e+01 -2.283357977867126465e-01
3.600000000000000000e+01 -2.166026681661605835e-01
3.700000000000000000e+01 -2.035058736801147461e-01
3.800000000000000000e+01 -1.896206438541412354e-01
3.900000000000000000e+01 -1.751313805580139160e-01
4.000000000000000000e+01 -1.602711081504821777e-01
4.100000000000000000e+01 -1.454677879810333252e-01
4.200000000000000000e+01 -1.305463612079620361e-01
4.300000000000000000e+01 -1.158819720149040222e-01
4.400000000000000000e+01 -1.013192385435104370e-01
4.500000000000000000e+01 -8.684911578893661499e-02
4.600000000000000000e+01 -7.294312864542007446e-02
4.700000000000000000e+01 -5.951088294386863708e-02
4.800000000000000000e+01 -4.647261649370193481e-02
4.900000000000000000e+01 -3.371271118521690369e-02
5.000000000000000000e+01 -2.157893590629100800e-02
5.100000000000000000e+01 -1.050694100558757782e-02
5.200000000000000000e+01 1.836865412769839168e-04
5.300000000000000000e+01 9.970162995159626007e-03
5.400000000000000000e+01 1.896381005644798279e-02
5.500000000000000000e+01 2.668552845716476440e-02
5.600000000000000000e+01 3.362618386745452881e-02
5.700000000000000000e+01 3.985550627112388611e-02
5.800000000000000000e+01 4.503638297319412231e-02
5.900000000000000000e+01 4.950821399688720703e-02
6.000000000000000000e+01 5.349086970090866089e-02
6.100000000000000000e+01 5.703641474246978760e-02
6.200000000000000000e+01 6.000008434057235718e-02
6.300000000000000000e+01 6.216602027416229248e-02
6.400000000000000000e+01 6.360761821269989014e-02
6.500000000000000000e+01 6.427953392267227173e-02
6.600000000000000000e+01 6.465574353933334351e-02
6.700000000000000000e+01 6.495209038257598877e-02
6.800000000000000000e+01 6.465806812047958374e-02
6.900000000000000000e+01 6.357351690530776978e-02
7.000000000000000000e+01 6.195550039410591125e-02
7.100000000000000000e+01 5.958201363682746887e-02
7.200000000000000000e+01 5.676852911710739136e-02
7.300000000000000000e+01 5.287600308656692505e-02
7.400000000000000000e+01 4.856876656413078308e-02
7.500000000000000000e+01 4.386365786194801331e-02
7.600000000000000000e+01 3.909867629408836365e-02
7.700000000000000000e+01 3.509555011987686157e-02
7.800000000000000000e+01 3.131414949893951416e-02
7.900000000000000000e+01 2.799484319984912872e-02
8.000000000000000000e+01 2.520909719169139862e-02
8.100000000000000000e+01 2.292850241065025330e-02
8.200000000000000000e+01 2.111863903701305389e-02
8.300000000000000000e+01 1.935983076691627502e-02
8.400000000000000000e+01 1.728264614939689636e-02
8.500000000000000000e+01 1.529833767563104630e-02
8.600000000000000000e+01 1.343725994229316711e-02
8.700000000000000000e+01 1.215890236198902130e-02
8.800000000000000000e+01 1.034897658973932266e-02
8.900000000000000000e+01 8.339540101587772369e-03
9.000000000000000000e+01 6.435437127947807312e-03
9.100000000000000000e+01 5.686145275831222534e-03
9.200000000000000000e+01 4.259707871824502945e-03
9.300000000000000000e+01 2.668807515874505043e-03
9.400000000000000000e+01 1.649010111577808857e-03
9.500000000000000000e+01 3.634499444160610437e-04
9.600000000000000000e+01 2.130349457729607821e-04
9.700000000000000000e+01 -6.784598808735609055e-04
9.800000000000000000e+01 3.494983247946947813e-04
9.900000000000000000e+01 2.406097017228603363e-03
