1.000000000000000000e+00 1.000000000000000000e+00
2.000000000000000000e+00 8.929308652877807617e-01
3.000000000000000000e+00 8.098399043083190918e-01
4.000000000000000000e+00 7.380821108818054199e-01
5.000000000000000000e+00 6.718201041221618652e-01
6.000000000000000000e+00 6.090005636215209961e-01
7.000000000000000000e+00 5.483921170234680176e-01
8.000000000000000000e+00 4.896795153617858887e-01
9.000000000000000000e+00 4.321721494197845459e-01
1.000000000000000000e+01 3.759483695030212402e-01
1.100000000000000000e+01 3.207815289497375488e-01
1.200000000000000000e+01 2.667911946773529053e-01
1.300000000000000000e+01 2.143342643976211548e-01
1.400000000000000000e+01 1.628940403461456299e-01
1.500000000000000000e+01 1.133749708533287048e-01
1.600000000000000000e+01 6.582990288734436035e-02
1.700000000000000000e+01 2.058095298707485199e-02
1.800000000000000000e+01 -2.253060415387153625e-02
1.900000000000000000e+01 -6.248972564935684204e-02
2.000000000000000000e+01 -9.924838691949844360e-02
2.100000000000000000e+01 -1.325148642063140869e-01
2.200000000000000000e+01 -1.623027622699737549e-01
2.300000000000000000e+01 -1.878345012664794922e-01
2.400000000000000000e+01 -2.097303569316864014e-01
2.500000000000000000e+01 -2.279417514801025391e-01
2.600000000000000000e+01 -2.423606365919113159e-01
2.700000000000000000e+01 -2.534539103507995605e-01
2.800000000000000000e+01 -2.609776854515075684e-01
2.900000000000000000e+01 -2.650851607322692871e-01
3.000000000000000000e+01 -2.665054798126220703e-01
3.100000000000000000e+01 -2.648982107639312744e-01
3.200000000000000000e+01 -2.609462738037109375e-01
3.300000000000000000e+01 -2.548817992210388184e-01
3.400000000000000000e+01 -2.467856854200363159e-01
3.500000000000000000e+01 -2.372200042009353638e-01
3.600000000000000000e+01 -2.261179983615875244e-01
3.700000000000000000e+01 -2.135002166032791138e-01
3.800000000000000000e+01 -1.998283714056015015e-01
3.900000000000000000e+01 -1.856371313333511353e-01
4.000000000000000000e+01 -1.707739979028701782e-01
4.100000000000000000e+01 -1.555799543857574463e-01
4.200000000000000000e+01 -1.401713341474533081e-01
4.300000000000000000e+01 -1.249454170465469360e-01
4.400000000000000000e+01 -1.097425967454910278e-01
4.500000000000000000e+01 -9.461870044469833374e-02
4.600000000000000000e+01 -7.985375076532363892e-02
4.700000000000000000e+01 -6.548243761062622070e-02
4.800000000000000000e+01 -5.165369808673858643e-02
4.900000000000000000e+01 -3.850536793470382690e-02
5.000000000000000000e+01 -2.583819255232810974e-02
5.100000000000000000e+01 -1.390927564352750778e-02
5.200000000000000000e+01 -2.368427114561200142e-03
5.300000000000000000e+01 8.011816069483757019e-03
5.400000000000000000e+01 1.753562502562999725e-02
5.500000000000000000e+01 2.603255212306976318e-02
5.600000000000000000e+01 3.416220471262931824e-02
5.700000000000000000e+01 4.078657552599906921e-02
5.800000000000000000e+01 4.660353809595108032e-02
5.900000000000000000e+01 5.175830796360969543e-02
6.000000000000000000e+01 5.623729526996612549e-02
6.100000000000000000e+01 6.018073484301567078e-02
6.200000000000000000e+01 6.318476796150207520e-02
6.300000000000000000e+01 6.540124863386154175e-02
6.400000000000000000e+01 6.714275479316711426e-02
6.500000000000000000e+01 6.854987889528274536e-02
6.600000000000000000e+01 6.933046132326126099e-02
6.700000000000000000e+01 6.911847740411758423e-02
6.800000000000000000e+01 6.865984946489334106e-02
6.900000000000000000e+01 6.728795170783996582e-02
7.000000000000000000e+01 6.533356755971908569e-02
7.100000000000000000e+01 6.256722658872604370e-02
7.200000000000000000e+01 5.914947390556335449e-02
7.300000000000000000e+01 5.582582205533981323e-02
7.400000000000000000e+01 5.195979773998260498e-02
7.500000000000000000e+01 4.789283871650695801e-02
7.600000000000000000e+01 4.405587166547775269e-02
7.700000000000000000e+01 4.013491049408912659e-02
7.800000000000000000e+01 3.660354018211364746e-02
7.900000000000000000e+01 3.276124224066734314e-02
8.000000000000000000e+01 2.929837070405483246e-02
8.100000000000000000e+01 2.582280710339546204e-02
8.200000000000000000e+01 2.298669144511222839e-02
8.300000000000000000e+01 2.051214128732681274e-02
8.400000000000000000e+01 1.890683546662330627e-02
8.500000000000000000e+01 1.673953607678413391e-02
8.600000000000000000e+01 1.458444166928529739e-02
8.700000000000000000e+01 1.262463815510272980e-02
8.800000000000000000e+01 1.074268016964197159e-02
8.900000000000000000e+01 9.023795835673809052e-03
9.000000000000000000e+01 7.093239575624465942e-03
9.100000000000000000e+01 5.543748848140239716e-03
9.200000000000000000e+01 4.451127722859382629e-03
9.300000000000000000e+01 3.061439376324415207e-03
9.400000000000000000e+01 2.701320685446262360e-03
9.500000000000000000e+01 1.413144404068589211e-03
9.600000000000000000e+01 5.648517399094998837e-04
9.700000000000000000e+01 -1.621340634301304817e-03
9.800000000000000000e+01 -2.959477715194225311e-03
9.900000000000000000e+01 -4.686886444687843323e-03
