1.000000000000000000e+00 1.000000000000000000e+00
2.000000000000000000e+00 8.948920965194702148e-01
3.000000000000000000e+00 8.131886124610900879e-01
4.000000000000000000e+00 7.424632906913757324e-01
5.000000000000000000e+00 6.776385307312011719e-01
6.000000000000000000e+00 6.157228350639343262e-01
7.000000000000000000e+00 5.560644268989562988e-01
8.000000000000000000e+00 4.976980984210968018e-01
9.000000000000000000e+00 4.404359459877014160e-01
1.000000000000000000e+01 3.843525648117065430e-01
1.100000000000000000e+01 3.293967843055725098e-01
1.200000000000000000e+01 2.754056751728057861e-01
1.300000000000000000e+01 2.224929183721542358e-01
1.400000000000000000e+01 1.710128933191299438e-01
1.500000000000000000e+01 1.212683469057083130e-01
1.600000000000000000e+01 7.332602143287658691e-02
1.700000000000000000e+01 2.746152877807617188e-02
1.800000000000000000e+01 -1.608473248779773712e-02
1.900000000000000000e+01 -5.678219348192214966e-02
2.000000000000000000e+01 -9.447519481182098389e-02
2.100000000000000000e+01 -1.289030313491821289e-01
2.200000000000000000e+01 -1.599388122558593750e-01
2.300000000000000000e+01 -1.868987232446670532e-01
2.400000000000000000e+01 -2.100262790918350220e-01
2.500000000000000000e+01 -2.292753756046295166e-01
2.600000000000000000e+01 -2.447399199008941650e-01
2.700000000000000000e+01 -2.563416957855224609e-01
2.800000000000000000e+01 -2.644467949867248535e-01
2.900000000000000000e+01 -2.695896327495574951e-01
3.000000000000000000e+01 -2.718970775604248047e-01
3.100000000000000000e+01 -2.713405787944793701e-01
3.200000000000000000e+01 -2.683676779270172119e-01
3.300000000000000000e+01 -2.630280256271362305e-01
3.400000000000000000e+01 -2.556866705417633057e-01
3.500000000000000000e+01 -2.463662028312683105e-01
3.600000000000000000e+01 -2.353960275650024414e-01
3.700000000000000000e+01 -2.229124158620834351e-01
3.800000000000000000e+01 -2.095747888088226318e-01
3.900000000000000000e+01 -1.951935738325119019e-01
4.000000000000000000e+01 -1.801567375659942627e-01
4.100000000000000000e+01 -1.648580580949783325e-01
4.200000000000000000e+01 -1.496049016714096069e-01
4.300000000000000000e+01 -1.341802030801773071e-01
4.400000000000000000e+01 -1.190592721104621887e-01
4.500000000000000000e+01 -1.043583229184150696e-01
4.600000000000000000e+01 -8.956931531429290771e-02
4.700000000000000000e+01 -7.509504258632659912e-02
4.800000000000000000e+01 -6.075191125273704529e-02
4.900000000000000000e+01 -4.715277254581451416e-02
5.000000000000000000e+01 -3.404702618718147278e-02
5.100000000000000000e+01 -2.164097316563129425e-02
5.200000000000000000e+01 -9.977119043469429016e-03
5.300000000000000000e+01 9.780232794582843781e-04
5.400000000000000000e+01 1.099161803722381592e-02
5.500000000000000000e+01 1.989230141043663025e-02
5.600000000000000000e+01 2.815854176878929138e-02
5.700000000000000000e+01 3.519645333290100098e-02
5.800000000000000000e+01 4.192334786057472229e-02
5.900000000000000000e+01 4.779430478811264038e-02
6.000000000000000000e+01 5.297677963972091675e-02
6.100000000000000000e+01 5.777809768915176392e-02
6.200000000000000000e+01 6.169610098004341125e-02
6.300000000000000000e+01 6.514061242341995239e-02
6.400000000000000000e+01 6.791031360626220703e-02
6.500000000000000000e+01 6.991492956876754761e-02
6.600000000000000000e+01 7.122869044542312622e-02
6.700000000000000000e+01 7.201390713453292847e-02
6.800000000000000000e+01 7.243007421493530273e-02
6.900000000000000000e+01 7.176514714956283569e-02
7.000000000000000000e+01 7.018520683050155640e-02
7.100000000000000000e+01 6.813932210206985474e-02
7.200000000000000000e+01 6.562555581331253052e-02
7.300000000000000000e+01 6.252736598253250122e-02
7.400000000000000000e+01 5.878942832350730896e-02
7.500000000000000000e+01 5.508610978722572327e-02
7.600000000000000000e+01 5.136555805802345276e-02
7.700000000000000000e+01 4.780060052871704102e-02
7.800000000000000000e+01 4.395605996251106262e-02
7.900000000000000000e+01 4.111114516854286194e-02
8.000000000000000000e+01 3.855646401643753052e-02
8.100000000000000000e+01 3.648046031594276428e-02
8.200000000000000000e+01 3.431720659136772156e-02
8.300000000000000000e+01 3.194192051887512207e-02
8.400000000000000000e+01 2.933288365602493286e-02
8.500000000000000000e+01 2.749920636415481567e-02
8.600000000000000000e+01 2.563045918941497803e-02
8.700000000000000000e+01 2.371848560869693756e-02
8.800000000000000000e+01 2.193014137446880341e-02
8.900000000000000000e+01 1.996687985956668854e-02
9.000000000000000000e+01 1.844228059053421021e-02
9.100000000000000000e+01 1.659828983247280121e-02
9.200000000000000000e+01 1.475369744002819061e-02
9.300000000000000000e+01 1.376894302666187286e-02
9.400000000000000000e+01 1.248102262616157532e-02
9.500000000000000000e+01 1.036111172288656235e-02
9.600000000000000000e+01 8.372122421860694885e-03
9.700000000000000000e+01 4.715753719210624695e-03
9.800000000000000000e+01 1.196389435790479183e-03
9.900000000000000000e+01 2.629495691508054733e-03
