1.000000000000000000e+00 1.000000000000000000e+00
2.000000000000000000e+00 8.978273868560791016e-01
3.000000000000000000e+00 8.179463744163513184e-01
4.000000000000000000e+00 7.485313415527343750e-01
5.000000000000000000e+00 6.845000386238098145e-01
6.000000000000000000e+00 6.237173080444335938e-01
7.000000000000000000e+00 5.646952390670776367e-01
8.000000000000000000e+00 5.069783329963684082e-01
9.000000000000000000e+00 4.502979516983032227e-01
1.000000000000000000e+01 3.944370150566101074e-01
1.100000000000000000e+01 3.396050333976745605e-01
1.200000000000000000e+01 2.855837047100067139e-01
1.300000000000000000e+01 2.324829697608947754e-01
1.400000000000000000e+01 1.804692596197128296e-01
1.500000000000000000e+01 1.298484951257705688e-01
1.600000000000000000e+01 8.088280260562896729e-02
1.700000000000000000e+01 3.408019617199897766e-02
1.800000000000000000e+01 -1.016766019165515900e-02
1.900000000000000000e+01 -5.188170820474624634e-02
2.000000000000000000e+01 -9.046404063701629639e-02
2.100000000000000000e+01 -1.259350180625915527e-01
2.200000000000000000e+01 -1.580865681171417236e-01
2.300000000000000000e+01 -1.864593178033828735e-01
2.400000000000000000e+01 -2.112817168235778809e-01
2.500000000000000000e+01 -2.318870276212692261e-01
2.600000000000000000e+01 -2.487619966268539429e-01
2.700000000000000000e+01 -2.620549499988555908e-01
2.800000000000000000e+01 -2.715917229652404785e-01
2.900000000000000000e+01 -2.777386903762817383e-01
3.000000000000000000e+01 -2.806705534458160400e-01
3.100000000000000000e+01 -2.803967297077178955e-01
3.200000000000000000e+01 -2.775524854660034180e-01
3.300000000000000000e+01 -2.723862528800964355e-01
3.400000000000000000e+01 -2.652382850646972656e-01
3.500000000000000000e+01 -2.561462819576263428e-01
3.600000000000000000e+01 -2.455884814262390137e-01
3.700000000000000000e+01 -2.334797978401184082e-01
3.800000000000000000e+01 -2.201565653085708618e-01
3.900000000000000000e+01 -2.058011442422866821e-01
4.000000000000000000e+01 -1.908697187900543213e-01
4.100000000000000000e+01 -1.753955036401748657e-01
4.200000000000000000e+01 -1.596805900335311890e-01
4.300000000000000000e+01 -1.434874832630157471e-01
4.400000000000000000e+01 -1.274172961711883545e-01
4.500000000000000000e+01 -1.117843165993690491e-01
4.600000000000000000e+01 -9.654518961906433105e-02
4.700000000000000000e+01 -8.142530918121337891e-02
4.800000000000000000e+01 -6.676027178764343262e-02
4.900000000000000000e+01 -5.263539403676986694e-02
5.000000000000000000e+01 -3.920957073569297791e-02
5.100000000000000000e+01 -2.632027491927146912e-02
5.200000000000000000e+01 -1.416459586471319199e-02
5.300000000000000000e+01 -2.620860002934932709e-03
5.400000000000000000e+01 7.974330335855484009e-03
5.500000000000000000e+01 1.779933832585811615e-02
5.600000000000000000e+01 2.690294757485389709e-02
5.700000000000000000e+01 3.488975018262863159e-02
5.800000000000000000e+01 4.224213957786560059e-02
5.900000000000000000e+01 4.861805215477943420e-02
6.000000000000000000e+01 5.439831316471099854e-02
6.100000000000000000e+01 5.956507474184036255e-02
6.200000000000000000e+01 6.437283009290695190e-02
6.300000000000000000e+01 6.897544115781784058e-02
6.400000000000000000e+01 7.307936996221542358e-02
6.500000000000000000e+01 7.608357071876525879e-02
6.600000000000000000e+01 7.825215160846710205e-02
6.700000000000000000e+01 7.945185899734497070e-02
6.800000000000000000e+01 7.988116145133972168e-02
6.900000000000000000e+01 7.974391430616378784e-02
7.000000000000000000e+01 7.868517935276031494e-02
7.100000000000000000e+01 7.695938646793365479e-02
7.200000000000000000e+01 7.414016127586364746e-02
7.300000000000000000e+01 7.114414870738983154e-02
7.400000000000000000e+01 6.726984679698944092e-02
7.500000000000000000e+01 6.287695467472076416e-02
7.600000000000000000e+01 5.828518792986869812e-02
7.700000000000000000e+01 5.406478792428970337e-02
7.800000000000000000e+01 4.971583560109138489e-02
7.900000000000000000e+01 4.595224931836128235e-02
8.000000000000000000e+01 4.251023754477500916e-02
8.100000000000000000e+01 3.968257084488868713e-02
8.200000000000000000e+01 3.764755278825759888e-02
8.300000000000000000e+01 3.543700650334358215e-02
8.400000000000000000e+01 3.288555890321731567e-02
8.500000000000000000e+01 3.076080977916717529e-02
8.600000000000000000e+01 2.791172824800014496e-02
8.700000000000000000e+01 2.511265873908996582e-02
8.800000000000000000e+01 2.267664670944213867e-02
8.900000000000000000e+01 2.004941552877426147e-02
9.000000000000000000e+01 1.777645945549011230e-02
9.100000000000000000e+01 1.571311615407466888e-02
9.200000000000000000e+01 1.366261206567287445e-02
9.300000000000000000e+01 1.155958417803049088e-02
9.400000000000000000e+01 8.927117101848125458e-03
9.500000000000000000e+01 6.105661857873201370e-03
9.600000000000000000e+01 4.098454490303993225e-03
9.700000000000000000e+01 1.381483743898570538e-03
9.800000000000000000e+01 -6.686506676487624645e-04
9.900000000000000000e+01 -8.737707394175231457e-04
