1.000000000000000000e+00 1.000000000000000000e+00
2.000000000000000000e+00 8.920168876647949219e-01
3.000000000000000000e+00 8.082417845726013184e-01
4.000000000000000000e+00 7.357648015022277832e-01
5.000000000000000000e+00 6.694369316101074219e-01
6.000000000000000000e+00 6.066684722900390625e-01
7.000000000000000000e+00 5.458498597145080566e-01
8.000000000000000000e+00 4.868708848953247070e-01
9.000000000000000000e+00 4.292103648185729980e-01
1.000000000000000000e+01 3.728905320167541504e-01
1.100000000000000000e+01 3.174748122692108154e-01
1.200000000000000000e+01 2.631770670413970947e-01
1.300000000000000000e+01 2.100974023342132568e-01
1.400000000000000000e+01 1.587419956922531128e-01
1.500000000000000000e+01 1.092282980680465698e-01
1.600000000000000000e+01 6.168480217456817627e-02
1.700000000000000000e+01 1.646362990140914917e-02
1.800000000000000000e+01 -2.650090679526329041e-02
1.900000000000000000e+01 -6.630624830722808838e-02
2.000000000000000000e+01 -1.030796766281127930e-01
2.100000000000000000e+01 -1.362526714801788330e-01
2.200000000000000000e+01 -1.655856817960739136e-01
2.300000000000000000e+01 -1.908516734838485718e-01
2.400000000000000000e+01 -2.123331129550933838e-01
2.500000000000000000e+01 -2.301724702119827271e-01
2.600000000000000000e+01 -2.440556287765502930e-01
2.700000000000000000e+01 -2.544731199741363525e-01
2.800000000000000000e+01 -2.611531019210815430e-01
2.900000000000000000e+01 -2.646609246730804443e-01
3.000000000000000000e+01 -2.652899026870727539e-01
3.100000000000000000e+01 -2.631309330463409424e-01
3.200000000000000000e+01 -2.584481537342071533e-01
3.300000000000000000e+01 -2.516273558139801025e-01
3.400000000000000000e+01 -2.428384125232696533e-01
3.500000000000000000e+01 -2.324817329645156860e-01
3.600000000000000000e+01 -2.204430103302001953e-01
3.700000000000000000e+01 -2.075248509645462036e-01
3.800000000000000000e+01 -1.937621384859085083e-01
3.900000000000000000e+01 -1.795860677957534790e-01
4.000000000000000000e+01 -1.647981405258178711e-01
4.100000000000000000e+01 -1.495116502046585083e-01
4.200000000000000000e+01 -1.340669393539428711e-01
4.300000000000000000e+01 -1.186690479516983032e-01
4.400000000000000000e+01 -1.040022596716880798e-01
4.500000000000000000e+01 -8.976756781339645386e-02
4.600000000000000000e+01 -7.556468993425369263e-02
4.700000000000000000e+01 -6.165733560919761658e-02
4.800000000000000000e+01 -4.800548404455184937e-02
4.900000000000000000e+01 -3.485953807830810547e-02
5.000000000000000000e+01 -2.243470586836338043e-02
5.100000000000000000e+01 -1.071528624743223190e-02
5.200000000000000000e+01 5.759847699664533138e-04
5.300000000000000000e+01 1.063608005642890930e-02
5.400000000000000000e+01 1.992034353315830231e-02
5.500000000000000000e+01 2.809246629476547241e-02
5.600000000000000000e+01 3.549527004361152649e-02
5.700000000000000000e+01 4.244383051991462708e-02
5.800000000000000000e+01 4.866390302777290344e-02
5.900000000000000000e+01 5.371616408228874207e-02
6.000000000000000000e+01 5.782149359583854675e-02
6.100000000000000000e+01 6.136789545416831970e-02
6.200000000000000000e+01 6.451276689767837524e-02
6.300000000000000000e+01 6.699580699205398560e-02
6.400000000000000000e+01 6.899738311767578125e-02
6.500000000000000000e+01 7.049041986465454102e-02
6.600000000000000000e+01 7.132496684789657593e-02
6.700000000000000000e+01 7.146708667278289795e-02
6.800000000000000000e+01 7.101709395647048950e-02
6.900000000000000000e+01 6.984533369541168213e-02
7.000000000000000000e+01 6.754696369171142578e-02
7.100000000000000000e+01 6.470864266157150269e-02
7.200000000000000000e+01 6.140565499663352966e-02
7.300000000000000000e+01 5.735625326633453369e-02
7.400000000000000000e+01 5.214729905128479004e-02
7.500000000000000000e+01 4.721040651202201843e-02
7.600000000000000000e+01 4.198693111538887024e-02
7.700000000000000000e+01 3.707475960254669189e-02
7.800000000000000000e+01 3.295173868536949158e-02
7.900000000000000000e+01 2.878614328801631927e-02
8.000000000000000000e+01 2.471260167658329010e-02
8.100000000000000000e+01 2.136604115366935730e-02
8.200000000000000000e+01 1.862228475511074066e-02
8.300000000000000000e+01 1.595798507332801819e-02
8.400000000000000000e+01 1.385125331580638885e-02
8.500000000000000000e+01 1.141732651740312576e-02
8.600000000000000000e+01 9.362125769257545471e-03
8.700000000000000000e+01 7.700554560869932175e-03
8.800000000000000000e+01 6.386877037584781647e-03
8.900000000000000000e+01 4.178832285106182098e-03
9.000000000000000000e+01 2.242124872282147408e-03
9.100000000000000000e+01 9.665680117905139923e-04
9.200000000000000000e+01 -2.285036862303968519e-05
9.300000000000000000e+01 -1.186160487122833729e-03
9.400000000000000000e+01 -1.498778816312551498e-03
9.500000000000000000e+01 -2.639219863340258598e-03
9.600000000000000000e+01 -2.691569970920681953e-03
9.700000000000000000e+01 -2.104488434270024300e-03
9.800000000000000000e+01 -8.504914003424346447e-04
9.900000000000000000e+01 1.796414609998464584e-03
