1.000000000000000000e+00 1.000000000000000000e+00
2.000000000000000000e+00 8.937823176383972168e-01
3.000000000000000000e+00 8.110784292221069336e-01
4.000000000000000000e+00 7.394884228706359863e-01
5.000000000000000000e+00 6.738299727439880371e-01
6.000000000000000000e+00 6.114044785499572754e-01
7.000000000000000000e+00 5.511367917060852051e-01
8.000000000000000000e+00 4.925370812416076660e-01
9.000000000000000000e+00 4.352532625198364258e-01
1.000000000000000000e+01 3.791288733482360840e-01
1.100000000000000000e+01 3.242551088333129883e-01
1.200000000000000000e+01 2.701562941074371338e-01
1.300000000000000000e+01 2.173843383789062500e-01
1.400000000000000000e+01 1.658824533224105835e-01
1.500000000000000000e+01 1.162761822342872620e-01
1.600000000000000000e+01 6.851889193058013916e-02
1.700000000000000000e+01 2.303353138267993927e-02
1.800000000000000000e+01 -2.009281516075134277e-02
1.900000000000000000e+01 -6.026476994156837463e-02
2.000000000000000000e+01 -9.723080694675445557e-02
2.100000000000000000e+01 -1.306834667921066284e-01
2.200000000000000000e+01 -1.604714691638946533e-01
2.300000000000000000e+01 -1.869125515222549438e-01
2.400000000000000000e+01 -2.092630863189697266e-01
2.500000000000000000e+01 -2.278505116701126099e-01
2.600000000000000000e+01 -2.428331077098846436e-01
2.700000000000000000e+01 -2.540682852268218994e-01
2.800000000000000000e+01 -2.619917392730712891e-01
2.900000000000000000e+01 -2.668318152427673340e-01
3.000000000000000000e+01 -2.685433924198150635e-01
3.100000000000000000e+01 -2.675976753234863281e-01
3.200000000000000000e+01 -2.640514671802520752e-01
3.300000000000000000e+01 -2.581761181354522705e-01
3.400000000000000000e+01 -2.501674890518188477e-01
3.500000000000000000e+01 -2.401660978794097900e-01
3.600000000000000000e+01 -2.289079427719116211e-01
3.700000000000000000e+01 -2.161520570516586304e-01
3.800000000000000000e+01 -2.023846209049224854e-01
3.900000000000000000e+01 -1.877204477787017822e-01
4.000000000000000000e+01 -1.726094335317611694e-01
4.100000000000000000e+01 -1.571137905120849609e-01
4.200000000000000000e+01 -1.417285948991775513e-01
4.300000000000000000e+01 -1.267587393522262573e-01
4.400000000000000000e+01 -1.120581701397895813e-01
4.500000000000000000e+01 -9.736609458923339844e-02
4.600000000000000000e+01 -8.258253335952758789e-02
4.700000000000000000e+01 -6.831774860620498657e-02
4.800000000000000000e+01 -5.444497615098953247e-02
4.900000000000000000e+01 -4.166296869516372681e-02
5.000000000000000000e+01 -2.950816974043846130e-02
5.100000000000000000e+01 -1.782407239079475403e-02
5.200000000000000000e+01 -6.772558204829692841e-03
5.300000000000000000e+01 3.876980626955628395e-03
5.400000000000000000e+01 1.364426594227552414e-02
5.500000000000000000e+01 2.250248193740844727e-02
5.600000000000000000e+01 3.031313419342041016e-02
5.700000000000000000e+01 3.719339519739151001e-02
5.800000000000000000e+01 4.354916140437126160e-02
5.900000000000000000e+01 4.934892058372497559e-02
6.000000000000000000e+01 5.413428694009780884e-02
6.100000000000000000e+01 5.862562730908393860e-02
6.200000000000000000e+01 6.217579171061515808e-02
6.300000000000000000e+01 6.505907326936721802e-02
6.400000000000000000e+01 6.754961609840393066e-02
6.500000000000000000e+01 6.959300488233566284e-02
6.600000000000000000e+01 7.074187695980072021e-02
6.700000000000000000e+01 7.088234275579452515e-02
6.800000000000000000e+01 7.061912119388580322e-02
6.900000000000000000e+01 6.980976462364196777e-02
7.000000000000000000e+01 6.843522936105728149e-02
7.100000000000000000e+01 6.625667214393615723e-02
7.200000000000000000e+01 6.354385614395141602e-02
7.300000000000000000e+01 6.003180891275405884e-02
7.400000000000000000e+01 5.624633282423019409e-02
7.500000000000000000e+01 5.260723829269409180e-02
7.600000000000000000e+01 4.878039285540580750e-02
7.700000000000000000e+01 4.462271556258201599e-02
7.800000000000000000e+01 4.075568914413452148e-02
7.900000000000000000e+01 3.705138340592384338e-02
8.000000000000000000e+01 3.354899212718009949e-02
8.100000000000000000e+01 3.051909431815147400e-02
8.200000000000000000e+01 2.799377217888832092e-02
8.300000000000000000e+01 2.558746561408042908e-02
8.400000000000000000e+01 2.360305190086364746e-02
8.500000000000000000e+01 2.173398807644844055e-02
8.600000000000000000e+01 2.001003175973892212e-02
8.700000000000000000e+01 1.810642704367637634e-02
8.800000000000000000e+01 1.597363501787185669e-02
8.900000000000000000e+01 1.348013523966073990e-02
9.000000000000000000e+01 1.099734008312225342e-02
9.100000000000000000e+01 9.450362995266914368e-03
9.200000000000000000e+01 7.240802515298128128e-03
9.300000000000000000e+01 5.123576615005731583e-03
9.400000000000000000e+01 3.697543637827038765e-03
9.500000000000000000e+01 1.546254847198724747e-03
9.600000000000000000e+01 -4.659249971155077219e-04
9.700000000000000000e+01 -3.375628497451543808e-03
9.800000000000000000e+01 -5.177318118512630463e-03
9.900000000000000000e+01 -2.990612993016839027e-03
