1.000000000000000000e+00 1.000000000000000000e+00
2.000000000000000000e+00 9.012645483016967773e-01
3.000000000000000000e+00 8.242751955986022949e-01
4.000000000000000000e+00 7.575077414512634277e-01
5.000000000000000000e+00 6.955925226211547852e-01
6.000000000000000000e+00 6.360798478126525879e-01
7.000000000000000000e+00 5.782487988471984863e-01
8.000000000000000000e+00 5.216267704963684082e-01
9.000000000000000000e+00 4.657512903213500977e-01
1.000000000000000000e+01 4.103831648826599121e-01
1.100000000000000000e+01 3.556704819202423096e-01
1.200000000000000000e+01 3.017521202564239502e-01
1.300000000000000000e+01 2.486575841903686523e-01
1.400000000000000000e+01 1.965957134962081909e-01
1.500000000000000000e+01 1.457490622997283936e-01
1.600000000000000000e+01 9.639511257410049438e-02
1.700000000000000000e+01 4.875628650188446045e-02
1.800000000000000000e+01 3.461846616119146347e-03
1.900000000000000000e+01 -3.944404423236846924e-02
2.000000000000000000e+01 -7.970429956912994385e-02
2.100000000000000000e+01 -1.169082820415496826e-01
2.200000000000000000e+01 -1.503711938858032227e-01
2.300000000000000000e+01 -1.801581978797912598e-01
2.400000000000000000e+01 -2.064165621995925903e-01
2.500000000000000000e+01 -2.287487387657165527e-01
2.600000000000000000e+01 -2.477744072675704956e-01
2.700000000000000000e+01 -2.630616128444671631e-01
2.800000000000000000e+01 -2.743911445140838623e-01
2.900000000000000000e+01 -2.825272381305694580e-01
3.000000000000000000e+01 -2.874920964241027832e-01
3.100000000000000000e+01 -2.891600131988525391e-01
3.200000000000000000e+01 -2.878531515598297119e-01
3.300000000000000000e+01 -2.841437757015228271e-01
3.400000000000000000e+01 -2.780008316040039062e-01
3.500000000000000000e+01 -2.699374258518218994e-01
3.600000000000000000e+01 -2.597708404064178467e-01
3.700000000000000000e+01 -2.485441416501998901e-01
3.800000000000000000e+01 -2.360443323850631714e-01
3.900000000000000000e+01 -2.224148809909820557e-01
4.000000000000000000e+01 -2.075694203376770020e-01
4.100000000000000000e+01 -1.921339482069015503e-01
4.200000000000000000e+01 -1.762334406375885010e-01
4.300000000000000000e+01 -1.603743135929107666e-01
4.400000000000000000e+01 -1.445107609033584595e-01
4.500000000000000000e+01 -1.287423968315124512e-01
4.600000000000000000e+01 -1.125638112425804138e-01
4.700000000000000000e+01 -9.648814052343368530e-02
4.800000000000000000e+01 -8.088098466396331787e-02
4.900000000000000000e+01 -6.561604142189025879e-02
5.000000000000000000e+01 -5.072475224733352661e-02
5.100000000000000000e+01 -3.632408007979393005e-02
5.200000000000000000e+01 -2.230992354452610016e-02
5.300000000000000000e+01 -9.159037843346595764e-03
5.400000000000000000e+01 2.865682588890194893e-03
5.500000000000000000e+01 1.392181776463985443e-02
5.600000000000000000e+01 2.389779500663280487e-02
5.700000000000000000e+01 3.325212746858596802e-02
5.800000000000000000e+01 4.213505983352661133e-02
5.900000000000000000e+01 4.997177794575691223e-02
6.000000000000000000e+01 5.695529654622077942e-02
6.100000000000000000e+01 6.342596560716629028e-02
6.200000000000000000e+01 6.931226700544357300e-02
6.300000000000000000e+01 7.461313158273696899e-02
6.400000000000000000e+01 7.906316965818405151e-02
6.500000000000000000e+01 8.290591835975646973e-02
6.600000000000000000e+01 8.580275624990463257e-02
6.700000000000000000e+01 8.752383291721343994e-02
6.800000000000000000e+01 8.899120986461639404e-02
6.900000000000000000e+01 8.931423723697662354e-02
7.000000000000000000e+01 8.852799236774444580e-02
7.100000000000000000e+01 8.701024949550628662e-02
7.200000000000000000e+01 8.450794219970703125e-02
7.300000000000000000e+01 8.081999421119689941e-02
7.400000000000000000e+01 7.689258456230163574e-02
7.500000000000000000e+01 7.304814457893371582e-02
7.600000000000000000e+01 6.872631609439849854e-02
7.700000000000000000e+01 6.470672041177749634e-02
7.800000000000000000e+01 6.108070537447929382e-02
7.900000000000000000e+01 5.779921263456344604e-02
8.000000000000000000e+01 5.532437562942504883e-02
8.100000000000000000e+01 5.252751335501670837e-02
8.200000000000000000e+01 5.010255053639411926e-02
8.300000000000000000e+01 4.742798581719398499e-02
8.400000000000000000e+01 4.470816254615783691e-02
8.500000000000000000e+01 4.244306683540344238e-02
8.600000000000000000e+01 3.995057195425033569e-02
8.700000000000000000e+01 3.776335716247558594e-02
8.800000000000000000e+01 3.653920069336891174e-02
8.900000000000000000e+01 3.512195497751235962e-02
9.000000000000000000e+01 3.321538120508193970e-02
9.100000000000000000e+01 3.195654228329658508e-02
9.200000000000000000e+01 3.066764585673809052e-02
9.300000000000000000e+01 2.903883345425128937e-02
9.400000000000000000e+01 2.667386084794998169e-02
9.500000000000000000e+01 2.327118813991546631e-02
9.600000000000000000e+01 2.086286805570125580e-02
9.700000000000000000e+01 1.983127370476722717e-02
9.800000000000000000e+01 1.710772514343261719e-02
9.900000000000000000e+01 1.355168316513299942e-02
