1.000000000000000000e+00 1.000000000000000000e+00
2.000000000000000000e+00 9.006732106208801270e-01
3.000000000000000000e+00 8.230311870574951172e-01
4.000000000000000000e+00 7.554474472999572754e-01
5.000000000000000000e+00 6.929045915603637695e-01
6.000000000000000000e+00 6.331797242164611816e-01
7.000000000000000000e+00 5.749981999397277832e-01
8.000000000000000000e+00 5.181325674057006836e-01
9.000000000000000000e+00 4.620634317398071289e-01
1.000000000000000000e+01 4.067722856998443604e-01
1.100000000000000000e+01 3.518968522548675537e-01
1.200000000000000000e+01 2.979026436805725098e-01
1.300000000000000000e+01 2.448559999465942383e-01
1.400000000000000000e+01 1.931106150150299072e-01
1.500000000000000000e+01 1.425382196903228760e-01
1.600000000000000000e+01 9.350914508104324341e-02
1.700000000000000000e+01 4.649288207292556763e-02
1.800000000000000000e+01 1.743610017001628876e-03
1.900000000000000000e+01 -4.075048491358757019e-02
2.000000000000000000e+01 -8.034500479698181152e-02
2.100000000000000000e+01 -1.165516898036003113e-01
2.200000000000000000e+01 -1.495202332735061646e-01
2.300000000000000000e+01 -1.791844069957733154e-01
2.400000000000000000e+01 -2.052621096372604370e-01
2.500000000000000000e+01 -2.276088595390319824e-01
2.600000000000000000e+01 -2.460629642009735107e-01
2.700000000000000000e+01 -2.608897089958190918e-01
2.800000000000000000e+01 -2.719164788722991943e-01
2.900000000000000000e+01 -2.793562710285186768e-01
3.000000000000000000e+01 -2.836080789566040039e-01
3.100000000000000000e+01 -2.848113179206848145e-01
3.200000000000000000e+01 -2.836141884326934814e-01
3.300000000000000000e+01 -2.800768017768859863e-01
3.400000000000000000e+01 -2.740748226642608643e-01
3.500000000000000000e+01 -2.661786079406738281e-01
3.600000000000000000e+01 -2.563625276088714600e-01
3.700000000000000000e+01 -2.452218532562255859e-01
3.800000000000000000e+01 -2.326736152172088623e-01
3.900000000000000000e+01 -2.190548479557037354e-01
4.000000000000000000e+01 -2.047394812107086182e-01
4.100000000000000000e+01 -1.893611699342727661e-01
4.200000000000000000e+01 -1.738837659358978271e-01
4.300000000000000000e+01 -1.581135839223861694e-01
4.400000000000000000e+01 -1.422705203294754028e-01
4.500000000000000000e+01 -1.264796704053878784e-01
4.600000000000000000e+01 -1.109973117709159851e-01
4.700000000000000000e+01 -9.566204249858856201e-02
4.800000000000000000e+01 -7.997245341539382935e-02
4.900000000000000000e+01 -6.494895368814468384e-02
5.000000000000000000e+01 -5.032261833548545837e-02
5.100000000000000000e+01 -3.650604188442230225e-02
5.200000000000000000e+01 -2.341964282095432281e-02
5.300000000000000000e+01 -1.089925412088632584e-02
5.400000000000000000e+01 6.079860613681375980e-04
5.500000000000000000e+01 1.141421031206846237e-02
5.600000000000000000e+01 2.129084058105945587e-02
5.700000000000000000e+01 3.009364381432533264e-02
5.800000000000000000e+01 3.829657286405563354e-02
5.900000000000000000e+01 4.607303813099861145e-02
6.000000000000000000e+01 5.337318405508995056e-02
6.100000000000000000e+01 5.997743457555770874e-02
6.200000000000000000e+01 6.605910509824752808e-02
6.300000000000000000e+01 7.160063832998275757e-02
6.400000000000000000e+01 7.604724168777465820e-02
6.500000000000000000e+01 7.993276417255401611e-02
6.600000000000000000e+01 8.329030126333236694e-02
6.700000000000000000e+01 8.539622277021408081e-02
6.800000000000000000e+01 8.674565702676773071e-02
6.900000000000000000e+01 8.715836703777313232e-02
7.000000000000000000e+01 8.688818663358688354e-02
7.100000000000000000e+01 8.497481793165206909e-02
7.200000000000000000e+01 8.229299634695053101e-02
7.300000000000000000e+01 7.922609150409698486e-02
7.400000000000000000e+01 7.610841840505599976e-02
7.500000000000000000e+01 7.236551493406295776e-02
7.600000000000000000e+01 6.876803189516067505e-02
7.700000000000000000e+01 6.541446596384048462e-02
7.800000000000000000e+01 6.235524639487266541e-02
7.900000000000000000e+01 5.903454497456550598e-02
8.000000000000000000e+01 5.584514141082763672e-02
8.100000000000000000e+01 5.338415130972862244e-02
8.200000000000000000e+01 5.077826976776123047e-02
8.300000000000000000e+01 4.791991412639617920e-02
8.400000000000000000e+01 4.509858787059783936e-02
8.500000000000000000e+01 4.289868474006652832e-02
8.600000000000000000e+01 4.102322086691856384e-02
8.700000000000000000e+01 3.945427387952804565e-02
8.800000000000000000e+01 3.753630444407463074e-02
8.900000000000000000e+01 3.606241568922996521e-02
9.000000000000000000e+01 3.441018983721733093e-02
9.100000000000000000e+01 3.235614672303199768e-02
9.200000000000000000e+01 3.028354048728942871e-02
9.300000000000000000e+01 2.811133489012718201e-02
9.400000000000000000e+01 2.552928216755390167e-02
9.500000000000000000e+01 2.338816970586776733e-02
9.600000000000000000e+01 2.101047895848751068e-02
9.700000000000000000e+01 2.004799805581569672e-02
9.800000000000000000e+01 1.829451322555541992e-02
9.900000000000000000e+01 1.406779699027538300e-02
