1.000000000000000000e+00 1.000000000000000000e+00
2.000000000000000000e+00 9.016386866569519043e-01
3.000000000000000000e+00 8.249398469924926758e-01
4.000000000000000000e+00 7.581673264503479004e-01
5.000000000000000000e+00 6.962982416152954102e-01
6.000000000000000000e+00 6.372477412223815918e-01
7.000000000000000000e+00 5.794382095336914062e-01
8.000000000000000000e+00 5.226932168006896973e-01
9.000000000000000000e+00 4.668945968151092529e-01
1.000000000000000000e+01 4.119268357753753662e-01
1.100000000000000000e+01 3.573151230812072754e-01
1.200000000000000000e+01 3.034179806709289551e-01
1.300000000000000000e+01 2.504367828369140625e-01
1.400000000000000000e+01 1.984267532825469971e-01
1.500000000000000000e+01 1.476785838603973389e-01
1.600000000000000000e+01 9.838093072175979614e-02
1.700000000000000000e+01 5.103573948144912720e-02
1.800000000000000000e+01 5.705310031771659851e-03
1.900000000000000000e+01 -3.728400915861129761e-02
2.000000000000000000e+01 -7.748935371637344360e-02
2.100000000000000000e+01 -1.146764606237411499e-01
2.200000000000000000e+01 -1.485251188278198242e-01
2.300000000000000000e+01 -1.788779199123382568e-01
2.400000000000000000e+01 -2.055304795503616333e-01
2.500000000000000000e+01 -2.285389602184295654e-01
2.600000000000000000e+01 -2.476399093866348267e-01
2.700000000000000000e+01 -2.631317973136901855e-01
2.800000000000000000e+01 -2.749078571796417236e-01
2.900000000000000000e+01 -2.833947837352752686e-01
3.000000000000000000e+01 -2.885246872901916504e-01
3.100000000000000000e+01 -2.905782461166381836e-01
3.200000000000000000e+01 -2.897392213344573975e-01
3.300000000000000000e+01 -2.864109873771667480e-01
3.400000000000000000e+01 -2.807794809341430664e-01
3.500000000000000000e+01 -2.727586328983306885e-01
3.600000000000000000e+01 -2.628303170204162598e-01
3.700000000000000000e+01 -2.515490949153900146e-01
3.800000000000000000e+01 -2.389708012342453003e-01
3.900000000000000000e+01 -2.251697927713394165e-01
4.000000000000000000e+01 -2.108238786458969116e-01
4.100000000000000000e+01 -1.955686360597610474e-01
4.200000000000000000e+01 -1.798030585050582886e-01
4.300000000000000000e+01 -1.637457907199859619e-01
4.400000000000000000e+01 -1.474675834178924561e-01
4.500000000000000000e+01 -1.309964507818222046e-01
4.600000000000000000e+01 -1.146203950047492981e-01
4.700000000000000000e+01 -9.829124063253402710e-02
4.800000000000000000e+01 -8.237727731466293335e-02
4.900000000000000000e+01 -6.656007468700408936e-02
5.000000000000000000e+01 -5.159325152635574341e-02
5.100000000000000000e+01 -3.708169236779212952e-02
5.200000000000000000e+01 -2.325869537889957428e-02
5.300000000000000000e+01 -1.020700111985206604e-02
5.400000000000000000e+01 2.005166374146938324e-03
5.500000000000000000e+01 1.313891727477312088e-02
5.600000000000000000e+01 2.342793717980384827e-02
5.700000000000000000e+01 3.309272602200508118e-02
5.800000000000000000e+01 4.157649725675582886e-02
5.900000000000000000e+01 4.956471174955368042e-02
6.000000000000000000e+01 5.653764307498931885e-02
6.100000000000000000e+01 6.312209367752075195e-02
6.200000000000000000e+01 6.932444125413894653e-02
6.300000000000000000e+01 7.475794851779937744e-02
6.400000000000000000e+01 7.972007989883422852e-02
6.500000000000000000e+01 8.385159075260162354e-02
6.600000000000000000e+01 8.696432411670684814e-02
6.700000000000000000e+01 8.931536972522735596e-02
6.800000000000000000e+01 9.028748422861099243e-02
6.900000000000000000e+01 9.064614027738571167e-02
7.000000000000000000e+01 8.980511128902435303e-02
7.100000000000000000e+01 8.784415572881698608e-02
7.200000000000000000e+01 8.507336676120758057e-02
7.300000000000000000e+01 8.182714879512786865e-02
7.400000000000000000e+01 7.814009487628936768e-02
7.500000000000000000e+01 7.415252178907394409e-02
7.600000000000000000e+01 7.040131092071533203e-02
7.700000000000000000e+01 6.676367670297622681e-02
7.800000000000000000e+01 6.363829225301742554e-02
7.900000000000000000e+01 6.061362102627754211e-02
8.000000000000000000e+01 5.790432915091514587e-02
8.100000000000000000e+01 5.542984977364540100e-02
8.200000000000000000e+01 5.282481387257575989e-02
8.300000000000000000e+01 5.041210725903511047e-02
8.400000000000000000e+01 4.784464463591575623e-02
8.500000000000000000e+01 4.535474255681037903e-02
8.600000000000000000e+01 4.343139752745628357e-02
8.700000000000000000e+01 4.124291613698005676e-02
8.800000000000000000e+01 3.920495882630348206e-02
8.900000000000000000e+01 3.723714873194694519e-02
9.000000000000000000e+01 3.500508889555931091e-02
9.100000000000000000e+01 3.253035247325897217e-02
9.200000000000000000e+01 2.991470880806446075e-02
9.300000000000000000e+01 2.708121947944164276e-02
9.400000000000000000e+01 2.487965300679206848e-02
9.500000000000000000e+01 2.282302454113960266e-02
9.600000000000000000e+01 2.089628390967845917e-02
9.700000000000000000e+01 1.924804784357547760e-02
9.800000000000000000e+01 1.633620448410511017e-02
9.900000000000000000e+01 1.173538342118263245e-02
