1.000000000000000000e+00 1.000000000000000000e+00
2.000000000000000000e+00 9.024271965026855469e-01
3.000000000000000000e+00 8.261218667030334473e-01
4.000000000000000000e+00 7.592855691909790039e-01
5.000000000000000000e+00 6.977331638336181641e-01
6.000000000000000000e+00 6.386331915855407715e-01
7.000000000000000000e+00 5.809803009033203125e-01
8.000000000000000000e+00 5.244524478912353516e-01
9.000000000000000000e+00 4.687636494636535645e-01
1.000000000000000000e+01 4.137024879455566406e-01
1.100000000000000000e+01 3.590539991855621338e-01
1.200000000000000000e+01 3.050406873226165771e-01
1.300000000000000000e+01 2.517234086990356445e-01
1.400000000000000000e+01 1.995108723640441895e-01
1.500000000000000000e+01 1.486406177282333374e-01
1.600000000000000000e+01 9.915968030691146851e-02
1.700000000000000000e+01 5.147123336791992188e-02
1.800000000000000000e+01 6.180597003549337387e-03
1.900000000000000000e+01 -3.692513331770896912e-02
2.000000000000000000e+01 -7.728705555200576782e-02
2.100000000000000000e+01 -1.145755648612976074e-01
2.200000000000000000e+01 -1.486187279224395752e-01
2.300000000000000000e+01 -1.791910678148269653e-01
2.400000000000000000e+01 -2.060574293136596680e-01
2.500000000000000000e+01 -2.291982322931289673e-01
2.600000000000000000e+01 -2.484470307826995850e-01
2.700000000000000000e+01 -2.638922631740570068e-01
2.800000000000000000e+01 -2.756747007369995117e-01
2.900000000000000000e+01 -2.840254604816436768e-01
3.000000000000000000e+01 -2.891320586204528809e-01
3.100000000000000000e+01 -2.912083566188812256e-01
3.200000000000000000e+01 -2.905926108360290527e-01
3.300000000000000000e+01 -2.875589728355407715e-01
3.400000000000000000e+01 -2.820373475551605225e-01
3.500000000000000000e+01 -2.742861211299896240e-01
3.600000000000000000e+01 -2.647435367107391357e-01
3.700000000000000000e+01 -2.534093260765075684e-01
3.800000000000000000e+01 -2.407783120870590210e-01
3.900000000000000000e+01 -2.270952761173248291e-01
4.000000000000000000e+01 -2.124401181936264038e-01
4.100000000000000000e+01 -1.967876255512237549e-01
4.200000000000000000e+01 -1.806276887655258179e-01
4.300000000000000000e+01 -1.645284444093704224e-01
4.400000000000000000e+01 -1.482418030500411987e-01
4.500000000000000000e+01 -1.316518038511276245e-01
4.600000000000000000e+01 -1.151810586452484131e-01
4.700000000000000000e+01 -9.860201179981231689e-02
4.800000000000000000e+01 -8.233490586280822754e-02
4.900000000000000000e+01 -6.683436036109924316e-02
5.000000000000000000e+01 -5.171252042055130005e-02
5.100000000000000000e+01 -3.704654797911643982e-02
5.200000000000000000e+01 -2.315773256123065948e-02
5.300000000000000000e+01 -1.008593570441007614e-02
5.400000000000000000e+01 1.838112017139792442e-03
5.500000000000000000e+01 1.304506789892911911e-02
5.600000000000000000e+01 2.373249083757400513e-02
5.700000000000000000e+01 3.337036818265914917e-02
5.800000000000000000e+01 4.226702451705932617e-02
5.900000000000000000e+01 5.013722553849220276e-02
6.000000000000000000e+01 5.711078643798828125e-02
6.100000000000000000e+01 6.359132379293441772e-02
6.200000000000000000e+01 6.962108612060546875e-02
6.300000000000000000e+01 7.543318718671798706e-02
6.400000000000000000e+01 8.077599108219146729e-02
6.500000000000000000e+01 8.530179411172866821e-02
6.600000000000000000e+01 8.868387341499328613e-02
6.700000000000000000e+01 9.120272845029830933e-02
6.800000000000000000e+01 9.286528080701828003e-02
6.900000000000000000e+01 9.354293346405029297e-02
7.000000000000000000e+01 9.290135651826858521e-02
7.100000000000000000e+01 9.095849841833114624e-02
7.200000000000000000e+01 8.838759362697601318e-02
7.300000000000000000e+01 8.488010615110397339e-02
7.400000000000000000e+01 8.098727464675903320e-02
7.500000000000000000e+01 7.656535506248474121e-02
7.600000000000000000e+01 7.214812934398651123e-02
7.700000000000000000e+01 6.833814084529876709e-02
7.800000000000000000e+01 6.481545418500900269e-02
7.900000000000000000e+01 6.207616999745368958e-02
8.000000000000000000e+01 5.953500047326087952e-02
8.100000000000000000e+01 5.702292546629905701e-02
8.200000000000000000e+01 5.465093255043029785e-02
8.300000000000000000e+01 5.246561765670776367e-02
8.400000000000000000e+01 5.040098354220390320e-02
8.500000000000000000e+01 4.850200563669204712e-02
8.600000000000000000e+01 4.597485810518264771e-02
8.700000000000000000e+01 4.370367527008056641e-02
8.800000000000000000e+01 4.130959883332252502e-02
8.900000000000000000e+01 3.925069049000740051e-02
9.000000000000000000e+01 3.739224374294281006e-02
9.100000000000000000e+01 3.555713966488838196e-02
9.200000000000000000e+01 3.369358181953430176e-02
9.300000000000000000e+01 3.196724504232406616e-02
9.400000000000000000e+01 3.034318983554840088e-02
9.500000000000000000e+01 2.851920947432518005e-02
9.600000000000000000e+01 2.657487243413925171e-02
9.700000000000000000e+01 2.566571347415447235e-02
9.800000000000000000e+01 2.491305395960807800e-02
9.900000000000000000e+01 1.989777386188507080e-02
