1.000000000000000000e+00 1.000000000000000000e+00
2.000000000000000000e+00 9.019806981086730957e-01
3.000000000000000000e+00 8.253734707832336426e-01
4.000000000000000000e+00 7.587416172027587891e-01
5.000000000000000000e+00 6.972810626029968262e-01
6.000000000000000000e+00 6.382316946983337402e-01
7.000000000000000000e+00 5.806814432144165039e-01
8.000000000000000000e+00 5.240197777748107910e-01
9.000000000000000000e+00 4.681922495365142822e-01
1.000000000000000000e+01 4.128363132476806641e-01
1.100000000000000000e+01 3.584271371364593506e-01
1.200000000000000000e+01 3.044785261154174805e-01
1.300000000000000000e+01 2.513315081596374512e-01
1.400000000000000000e+01 1.992480307817459106e-01
1.500000000000000000e+01 1.484459936618804932e-01
1.600000000000000000e+01 9.917493909597396851e-02
1.700000000000000000e+01 5.159556493163108826e-02
1.800000000000000000e+01 6.403720006346702576e-03
1.900000000000000000e+01 -3.655255958437919617e-02
2.000000000000000000e+01 -7.686524093151092529e-02
2.100000000000000000e+01 -1.142943501472473145e-01
2.200000000000000000e+01 -1.483050584793090820e-01
2.300000000000000000e+01 -1.787150353193283081e-01
2.400000000000000000e+01 -2.054888755083084106e-01
2.500000000000000000e+01 -2.285655885934829712e-01
2.600000000000000000e+01 -2.479239106178283691e-01
2.700000000000000000e+01 -2.635695040225982666e-01
2.800000000000000000e+01 -2.757502198219299316e-01
2.900000000000000000e+01 -2.842732667922973633e-01
3.000000000000000000e+01 -2.895949184894561768e-01
3.100000000000000000e+01 -2.916557192802429199e-01
3.200000000000000000e+01 -2.911385595798492432e-01
3.300000000000000000e+01 -2.878610789775848389e-01
3.400000000000000000e+01 -2.822115123271942139e-01
3.500000000000000000e+01 -2.747180759906768799e-01
3.600000000000000000e+01 -2.656390964984893799e-01
3.700000000000000000e+01 -2.546162009239196777e-01
3.800000000000000000e+01 -2.421180754899978638e-01
3.900000000000000000e+01 -2.283070981502532959e-01
4.000000000000000000e+01 -2.137328088283538818e-01
4.100000000000000000e+01 -1.984792053699493408e-01
4.200000000000000000e+01 -1.824718266725540161e-01
4.300000000000000000e+01 -1.661175638437271118e-01
4.400000000000000000e+01 -1.496348530054092407e-01
4.500000000000000000e+01 -1.326508074998855591e-01
4.600000000000000000e+01 -1.157341003417968750e-01
4.700000000000000000e+01 -9.869400411844253540e-02
4.800000000000000000e+01 -8.208049833774566650e-02
4.900000000000000000e+01 -6.598094105720520020e-02
5.000000000000000000e+01 -5.042955279350280762e-02
5.100000000000000000e+01 -3.588549792766571045e-02
5.200000000000000000e+01 -2.181847579777240753e-02
5.300000000000000000e+01 -8.642860688269138336e-03
5.400000000000000000e+01 3.607688471674919128e-03
5.500000000000000000e+01 1.504407823085784912e-02
5.600000000000000000e+01 2.541155740618705750e-02
5.700000000000000000e+01 3.479901701211929321e-02
5.800000000000000000e+01 4.350954666733741760e-02
5.900000000000000000e+01 5.154139921069145203e-02
6.000000000000000000e+01 5.911511182785034180e-02
6.100000000000000000e+01 6.573841720819473267e-02
6.200000000000000000e+01 7.177846878767013550e-02
6.300000000000000000e+01 7.724598050117492676e-02
6.400000000000000000e+01 8.207054436206817627e-02
6.500000000000000000e+01 8.588247001171112061e-02
6.600000000000000000e+01 8.915979415178298950e-02
6.700000000000000000e+01 9.150020778179168701e-02
6.800000000000000000e+01 9.296425431966781616e-02
6.900000000000000000e+01 9.342755377292633057e-02
7.000000000000000000e+01 9.250113368034362793e-02
7.100000000000000000e+01 9.046424925327301025e-02
7.200000000000000000e+01 8.726807683706283569e-02
7.300000000000000000e+01 8.349210768938064575e-02
7.400000000000000000e+01 7.966887950897216797e-02
7.500000000000000000e+01 7.553038746118545532e-02
7.600000000000000000e+01 7.106690108776092529e-02
7.700000000000000000e+01 6.680139899253845215e-02
7.800000000000000000e+01 6.267623603343963623e-02
7.900000000000000000e+01 5.933542549610137939e-02
8.000000000000000000e+01 5.632265657186508179e-02
8.100000000000000000e+01 5.380881577730178833e-02
8.200000000000000000e+01 5.146782472729682922e-02
8.300000000000000000e+01 4.925524443387985229e-02
8.400000000000000000e+01 4.709253087639808655e-02
8.500000000000000000e+01 4.494956508278846741e-02
8.600000000000000000e+01 4.262907430529594421e-02
8.700000000000000000e+01 4.007696732878684998e-02
8.800000000000000000e+01 3.802781552076339722e-02
8.900000000000000000e+01 3.595899790525436401e-02
9.000000000000000000e+01 3.420973941683769226e-02
9.100000000000000000e+01 3.274866938591003418e-02
9.200000000000000000e+01 3.076509386301040649e-02
9.300000000000000000e+01 2.887987904250621796e-02
9.400000000000000000e+01 2.682468853890895844e-02
9.500000000000000000e+01 2.487437427043914795e-02
9.600000000000000000e+01 2.350425720214843750e-02
9.700000000000000000e+01 2.095271646976470947e-02
9.800000000000000000e+01 1.497516129165887833e-02
9.900000000000000000e+01 1.055866479873657227e-02
