1.000000000000000000e+00 1.000000000000000000e+00
2.000000000000000000e+00 9.022229313850402832e-01
3.000000000000000000e+00 8.257489204406738281e-01
4.000000000000000000e+00 7.590694427490234375e-01
5.000000000000000000e+00 6.972646117210388184e-01
6.000000000000000000e+00 6.381032466888427734e-01
7.000000000000000000e+00 5.804364681243896484e-01
8.000000000000000000e+00 5.237635970115661621e-01
9.000000000000000000e+00 4.678199291229248047e-01
1.000000000000000000e+01 4.125389158725738525e-01
1.100000000000000000e+01 3.580362200736999512e-01
1.200000000000000000e+01 3.041175603866577148e-01
1.300000000000000000e+01 2.510575652122497559e-01
1.400000000000000000e+01 1.990602016448974609e-01
1.500000000000000000e+01 1.484040319919586182e-01
1.600000000000000000e+01 9.894750267267227173e-02
1.700000000000000000e+01 5.132957920432090759e-02
1.800000000000000000e+01 5.846618674695491791e-03
1.900000000000000000e+01 -3.713613748550415039e-02
2.000000000000000000e+01 -7.736678421497344971e-02
2.100000000000000000e+01 -1.146292313933372498e-01
2.200000000000000000e+01 -1.486397534608840942e-01
2.300000000000000000e+01 -1.791186630725860596e-01
2.400000000000000000e+01 -2.060252875089645386e-01
2.500000000000000000e+01 -2.292758673429489136e-01
2.600000000000000000e+01 -2.486766576766967773e-01
2.700000000000000000e+01 -2.645292878150939941e-01
2.800000000000000000e+01 -2.764212787151336670e-01
2.900000000000000000e+01 -2.849007248878479004e-01
3.000000000000000000e+01 -2.900568842887878418e-01
3.100000000000000000e+01 -2.920729219913482666e-01
3.200000000000000000e+01 -2.911615371704101562e-01
3.300000000000000000e+01 -2.876561880111694336e-01
3.400000000000000000e+01 -2.820231914520263672e-01
3.500000000000000000e+01 -2.743832767009735107e-01
3.600000000000000000e+01 -2.649194300174713135e-01
3.700000000000000000e+01 -2.538095712661743164e-01
3.800000000000000000e+01 -2.414960414171218872e-01
3.900000000000000000e+01 -2.279001623392105103e-01
4.000000000000000000e+01 -2.133549302816390991e-01
4.100000000000000000e+01 -1.979196220636367798e-01
4.200000000000000000e+01 -1.821287125349044800e-01
4.300000000000000000e+01 -1.657639145851135254e-01
4.400000000000000000e+01 -1.489656120538711548e-01
4.500000000000000000e+01 -1.320535540580749512e-01
4.600000000000000000e+01 -1.152758002281188965e-01
4.700000000000000000e+01 -9.871152043342590332e-02
4.800000000000000000e+01 -8.259896934032440186e-02
4.900000000000000000e+01 -6.674882024526596069e-02
5.000000000000000000e+01 -5.142068862915039062e-02
5.100000000000000000e+01 -3.640900924801826477e-02
5.200000000000000000e+01 -2.218183502554893494e-02
5.300000000000000000e+01 -9.252779185771942139e-03
5.400000000000000000e+01 2.753747859969735146e-03
5.500000000000000000e+01 1.409502979367971420e-02
5.600000000000000000e+01 2.444872818887233734e-02
5.700000000000000000e+01 3.416338190436363220e-02
5.800000000000000000e+01 4.266881942749023438e-02
5.900000000000000000e+01 5.051555484533309937e-02
6.000000000000000000e+01 5.812474340200424194e-02
6.100000000000000000e+01 6.496920436620712280e-02
6.200000000000000000e+01 7.122726738452911377e-02
6.300000000000000000e+01 7.711951434612274170e-02
6.400000000000000000e+01 8.207371830940246582e-02
6.500000000000000000e+01 8.642270416021347046e-02
6.600000000000000000e+01 8.983185142278671265e-02
6.700000000000000000e+01 9.263162314891815186e-02
6.800000000000000000e+01 9.401173144578933716e-02
6.900000000000000000e+01 9.430397301912307739e-02
7.000000000000000000e+01 9.385336935520172119e-02
7.100000000000000000e+01 9.245210886001586914e-02
7.200000000000000000e+01 8.996858447790145874e-02
7.300000000000000000e+01 8.644281327724456787e-02
7.400000000000000000e+01 8.238943666219711304e-02
7.500000000000000000e+01 7.805764675140380859e-02
7.600000000000000000e+01 7.352546602487564087e-02
7.700000000000000000e+01 6.905592232942581177e-02
7.800000000000000000e+01 6.490403413772583008e-02
7.900000000000000000e+01 6.144148111343383789e-02
8.000000000000000000e+01 5.866351351141929626e-02
8.100000000000000000e+01 5.606468021869659424e-02
8.200000000000000000e+01 5.392103642225265503e-02
8.300000000000000000e+01 5.152656510472297668e-02
8.400000000000000000e+01 4.892116039991378784e-02
8.500000000000000000e+01 4.618068784475326538e-02
8.600000000000000000e+01 4.419425874948501587e-02
8.700000000000000000e+01 4.179001599550247192e-02
8.800000000000000000e+01 3.940140828490257263e-02
8.900000000000000000e+01 3.766870498657226562e-02
9.000000000000000000e+01 3.573194146156311035e-02
9.100000000000000000e+01 3.379368782043457031e-02
9.200000000000000000e+01 3.171078860759735107e-02
9.300000000000000000e+01 2.942997775971889496e-02
9.400000000000000000e+01 2.744504250586032867e-02
9.500000000000000000e+01 2.557064034044742584e-02
9.600000000000000000e+01 2.318724244832992554e-02
9.700000000000000000e+01 2.034148201346397400e-02
9.800000000000000000e+01 1.642250828444957733e-02
9.900000000000000000e+01 1.088211499154567719e-02
