1.000000000000000000e+00 1.000000000000000000e+00
2.000000000000000000e+00 9.014420509338378906e-01
3.000000000000000000e+00 8.243597745895385742e-01
4.000000000000000000e+00 7.573698163032531738e-01
5.000000000000000000e+00 6.956312060356140137e-01
6.000000000000000000e+00 6.365066766738891602e-01
7.000000000000000000e+00 5.787288546562194824e-01
8.000000000000000000e+00 5.220181941986083984e-01
9.000000000000000000e+00 4.660445749759674072e-01
1.000000000000000000e+01 4.109418988227844238e-01
1.100000000000000000e+01 3.564247190952301025e-01
1.200000000000000000e+01 3.024354577064514160e-01
1.300000000000000000e+01 2.491932362318038940e-01
1.400000000000000000e+01 1.971851587295532227e-01
1.500000000000000000e+01 1.465925425291061401e-01
1.600000000000000000e+01 9.741118550300598145e-02
1.700000000000000000e+01 5.002473667263984680e-02
1.800000000000000000e+01 4.758295137435197830e-03
1.900000000000000000e+01 -3.801979869604110718e-02
2.000000000000000000e+01 -7.799322158098220825e-02
2.100000000000000000e+01 -1.153167560696601868e-01
2.200000000000000000e+01 -1.489899605512619019e-01
2.300000000000000000e+01 -1.792584210634231567e-01
2.400000000000000000e+01 -2.056835889816284180e-01
2.500000000000000000e+01 -2.281724065542221069e-01
2.600000000000000000e+01 -2.472542226314544678e-01
2.700000000000000000e+01 -2.626703977584838867e-01
2.800000000000000000e+01 -2.741537094116210938e-01
2.900000000000000000e+01 -2.823991477489471436e-01
3.000000000000000000e+01 -2.871772348880767822e-01
3.100000000000000000e+01 -2.888714969158172607e-01
3.200000000000000000e+01 -2.882007956504821777e-01
3.300000000000000000e+01 -2.846783697605133057e-01
3.400000000000000000e+01 -2.786934375762939453e-01
3.500000000000000000e+01 -2.708710134029388428e-01
3.600000000000000000e+01 -2.611340284347534180e-01
3.700000000000000000e+01 -2.499310523271560669e-01
3.800000000000000000e+01 -2.373582273721694946e-01
3.900000000000000000e+01 -2.237600684165954590e-01
4.000000000000000000e+01 -2.091749459505081177e-01
4.100000000000000000e+01 -1.941145956516265869e-01
4.200000000000000000e+01 -1.783054172992706299e-01
4.300000000000000000e+01 -1.621283292770385742e-01
4.400000000000000000e+01 -1.462376713752746582e-01
4.500000000000000000e+01 -1.302481293678283691e-01
4.600000000000000000e+01 -1.142890900373458862e-01
4.700000000000000000e+01 -9.829784184694290161e-02
4.800000000000000000e+01 -8.238118886947631836e-02
4.900000000000000000e+01 -6.715301424264907837e-02
5.000000000000000000e+01 -5.222683772444725037e-02
5.100000000000000000e+01 -3.781709820032119751e-02
5.200000000000000000e+01 -2.406949736177921295e-02
5.300000000000000000e+01 -1.125865522772073746e-02
5.400000000000000000e+01 7.458088803105056286e-04
5.500000000000000000e+01 1.207414735108613968e-02
5.600000000000000000e+01 2.251556329429149628e-02
5.700000000000000000e+01 3.177483752369880676e-02
5.800000000000000000e+01 4.032957553863525391e-02
5.900000000000000000e+01 4.794258251786231995e-02
6.000000000000000000e+01 5.511809885501861572e-02
6.100000000000000000e+01 6.210670992732048035e-02
6.200000000000000000e+01 6.838718056678771973e-02
6.300000000000000000e+01 7.374417036771774292e-02
6.400000000000000000e+01 7.839672267436981201e-02
6.500000000000000000e+01 8.233734220266342163e-02
6.600000000000000000e+01 8.585806190967559814e-02
6.700000000000000000e+01 8.838153630495071411e-02
6.800000000000000000e+01 9.005565941333770752e-02
6.900000000000000000e+01 9.037314355373382568e-02
7.000000000000000000e+01 8.967413008213043213e-02
7.100000000000000000e+01 8.811205625534057617e-02
7.200000000000000000e+01 8.559236675500869751e-02
7.300000000000000000e+01 8.253212273120880127e-02
7.400000000000000000e+01 7.865468412637710571e-02
7.500000000000000000e+01 7.488682866096496582e-02
7.600000000000000000e+01 7.071185857057571411e-02
7.700000000000000000e+01 6.640949845314025879e-02
7.800000000000000000e+01 6.292507797479629517e-02
7.900000000000000000e+01 5.965902283787727356e-02
8.000000000000000000e+01 5.663010850548744202e-02
8.100000000000000000e+01 5.401906743645668030e-02
8.200000000000000000e+01 5.173337459564208984e-02
8.300000000000000000e+01 4.969510808587074280e-02
8.400000000000000000e+01 4.753645882010459900e-02
8.500000000000000000e+01 4.497265443205833435e-02
8.600000000000000000e+01 4.288743436336517334e-02
8.700000000000000000e+01 4.101044312119483948e-02
8.800000000000000000e+01 3.979184105992317200e-02
8.900000000000000000e+01 3.831743821501731873e-02
9.000000000000000000e+01 3.602738305926322937e-02
9.100000000000000000e+01 3.311033919453620911e-02
9.200000000000000000e+01 3.088767640292644501e-02
9.300000000000000000e+01 2.833175845444202423e-02
9.400000000000000000e+01 2.632215991616249084e-02
9.500000000000000000e+01 2.410452812910079956e-02
9.600000000000000000e+01 2.180180139839649200e-02
9.700000000000000000e+01 1.843148656189441681e-02
9.800000000000000000e+01 1.666720956563949585e-02
9.900000000000000000e+01 1.602409593760967255e-02
