1.000000000000000000e+00 1.000000000000000000e+00
2.000000000000000000e+00 9.012045860290527344e-01
3.000000000000000000e+00 8.239322900772094727e-01
4.000000000000000000e+00 7.570483684539794922e-01
5.000000000000000000e+00 6.952204108238220215e-01
6.000000000000000000e+00 6.358380317687988281e-01
7.000000000000000000e+00 5.780667662620544434e-01
8.000000000000000000e+00 5.213945508003234863e-01
9.000000000000000000e+00 4.653336703777313232e-01
1.000000000000000000e+01 4.101060926914215088e-01
1.100000000000000000e+01 3.555610775947570801e-01
1.200000000000000000e+01 3.015772104263305664e-01
1.300000000000000000e+01 2.484911233186721802e-01
1.400000000000000000e+01 1.965835392475128174e-01
1.500000000000000000e+01 1.458491235971450806e-01
1.600000000000000000e+01 9.668100625276565552e-02
1.700000000000000000e+01 4.940302670001983643e-02
1.800000000000000000e+01 4.097912460565567017e-03
1.900000000000000000e+01 -3.867968171834945679e-02
2.000000000000000000e+01 -7.869609445333480835e-02
2.100000000000000000e+01 -1.154257208108901978e-01
2.200000000000000000e+01 -1.487653702497482300e-01
2.300000000000000000e+01 -1.787274479866027832e-01
2.400000000000000000e+01 -2.051774859428405762e-01
2.500000000000000000e+01 -2.280095666646957397e-01
2.600000000000000000e+01 -2.470558285713195801e-01
2.700000000000000000e+01 -2.621019780635833740e-01
2.800000000000000000e+01 -2.735370397567749023e-01
2.900000000000000000e+01 -2.815729975700378418e-01
3.000000000000000000e+01 -2.868068814277648926e-01
3.100000000000000000e+01 -2.891347110271453857e-01
3.200000000000000000e+01 -2.882848680019378662e-01
3.300000000000000000e+01 -2.849305868148803711e-01
3.400000000000000000e+01 -2.789183557033538818e-01
3.500000000000000000e+01 -2.706243097782135010e-01
3.600000000000000000e+01 -2.606999278068542480e-01
3.700000000000000000e+01 -2.488628327846527100e-01
3.800000000000000000e+01 -2.358864843845367432e-01
3.900000000000000000e+01 -2.220560759305953979e-01
4.000000000000000000e+01 -2.073714584112167358e-01
4.100000000000000000e+01 -1.923291832208633423e-01
4.200000000000000000e+01 -1.768885105848312378e-01
4.300000000000000000e+01 -1.610379666090011597e-01
4.400000000000000000e+01 -1.448521316051483154e-01
4.500000000000000000e+01 -1.286949217319488525e-01
4.600000000000000000e+01 -1.127076223492622375e-01
4.700000000000000000e+01 -9.693754464387893677e-02
4.800000000000000000e+01 -8.123142272233963013e-02
4.900000000000000000e+01 -6.616464257240295410e-02
5.000000000000000000e+01 -5.141866207122802734e-02
5.100000000000000000e+01 -3.759834542870521545e-02
5.200000000000000000e+01 -2.427765540778636932e-02
5.300000000000000000e+01 -1.157804206013679504e-02
5.400000000000000000e+01 2.533467195462435484e-04
5.500000000000000000e+01 1.134591456502676010e-02
5.600000000000000000e+01 2.151023782789707184e-02
5.700000000000000000e+01 3.058918379247188568e-02
5.800000000000000000e+01 3.909531608223915100e-02
5.900000000000000000e+01 4.696102067828178406e-02
6.000000000000000000e+01 5.422378703951835632e-02
6.100000000000000000e+01 6.096844375133514404e-02
6.200000000000000000e+01 6.711577624082565308e-02
6.300000000000000000e+01 7.292429357767105103e-02
6.400000000000000000e+01 7.779335230588912964e-02
6.500000000000000000e+01 8.193369954824447632e-02
6.600000000000000000e+01 8.543903380632400513e-02
6.700000000000000000e+01 8.837358653545379639e-02
6.800000000000000000e+01 9.010383486747741699e-02
6.900000000000000000e+01 9.067234396934509277e-02
7.000000000000000000e+01 8.986597508192062378e-02
7.100000000000000000e+01 8.837357163429260254e-02
7.200000000000000000e+01 8.570977300405502319e-02
7.300000000000000000e+01 8.247873932123184204e-02
7.400000000000000000e+01 7.858717441558837891e-02
7.500000000000000000e+01 7.446588575839996338e-02
7.600000000000000000e+01 7.059352844953536987e-02
7.700000000000000000e+01 6.671120226383209229e-02
7.800000000000000000e+01 6.333598494529724121e-02
7.900000000000000000e+01 6.022240221500396729e-02
8.000000000000000000e+01 5.756618827581405640e-02
8.100000000000000000e+01 5.481221899390220642e-02
8.200000000000000000e+01 5.271763727068901062e-02
8.300000000000000000e+01 5.060185864567756653e-02
8.400000000000000000e+01 4.859342798590660095e-02
8.500000000000000000e+01 4.597746580839157104e-02
8.600000000000000000e+01 4.373933374881744385e-02
8.700000000000000000e+01 4.198164120316505432e-02
8.800000000000000000e+01 4.068126529455184937e-02
8.900000000000000000e+01 3.907483816146850586e-02
9.000000000000000000e+01 3.746499866247177124e-02
9.100000000000000000e+01 3.561994060873985291e-02
9.200000000000000000e+01 3.449597582221031189e-02
9.300000000000000000e+01 3.274147212505340576e-02
9.400000000000000000e+01 3.130034357309341431e-02
9.500000000000000000e+01 2.985641732811927795e-02
9.600000000000000000e+01 2.779853157699108124e-02
9.700000000000000000e+01 2.606430649757385254e-02
9.800000000000000000e+01 2.383496239781379700e-02
9.900000000000000000e+01 2.210425771772861481e-02
