1.000000000000000000e+00 1.000000000000000000e+00
2.000000000000000000e+00 9.020674824714660645e-01
3.000000000000000000e+00 8.253246545791625977e-01
4.000000000000000000e+00 7.584072351455688477e-01
5.000000000000000000e+00 6.965141892433166504e-01
6.000000000000000000e+00 6.373382210731506348e-01
7.000000000000000000e+00 5.795782804489135742e-01
8.000000000000000000e+00 5.229697227478027344e-01
9.000000000000000000e+00 4.671197831630706787e-01
1.000000000000000000e+01 4.119922220706939697e-01
1.100000000000000000e+01 3.575284183025360107e-01
1.200000000000000000e+01 3.034055829048156738e-01
1.300000000000000000e+01 2.501969039440155029e-01
1.400000000000000000e+01 1.979848146438598633e-01
1.500000000000000000e+01 1.470582485198974609e-01
1.600000000000000000e+01 9.770655632019042969e-02
1.700000000000000000e+01 5.022477731108665466e-02
1.800000000000000000e+01 4.879165906459093094e-03
1.900000000000000000e+01 -3.802908211946487427e-02
2.000000000000000000e+01 -7.798179239034652710e-02
2.100000000000000000e+01 -1.149260252714157104e-01
2.200000000000000000e+01 -1.487003862857818604e-01
2.300000000000000000e+01 -1.789091527462005615e-01
2.400000000000000000e+01 -2.055623680353164673e-01
2.500000000000000000e+01 -2.284480482339859009e-01
2.600000000000000000e+01 -2.474956661462783813e-01
2.700000000000000000e+01 -2.629466354846954346e-01
2.800000000000000000e+01 -2.747332751750946045e-01
2.900000000000000000e+01 -2.831524312496185303e-01
3.000000000000000000e+01 -2.881378233432769775e-01
3.100000000000000000e+01 -2.899803519248962402e-01
3.200000000000000000e+01 -2.890951931476593018e-01
3.300000000000000000e+01 -2.854307591915130615e-01
3.400000000000000000e+01 -2.795763015747070312e-01
3.500000000000000000e+01 -2.716387808322906494e-01
3.600000000000000000e+01 -2.616970241069793701e-01
3.700000000000000000e+01 -2.502600252628326416e-01
3.800000000000000000e+01 -2.376790046691894531e-01
3.900000000000000000e+01 -2.236922085285186768e-01
4.000000000000000000e+01 -2.091000676155090332e-01
4.100000000000000000e+01 -1.938862949609756470e-01
4.200000000000000000e+01 -1.782154887914657593e-01
4.300000000000000000e+01 -1.622200459241867065e-01
4.400000000000000000e+01 -1.459261924028396606e-01
4.500000000000000000e+01 -1.295718103647232056e-01
4.600000000000000000e+01 -1.130579560995101929e-01
4.700000000000000000e+01 -9.667474031448364258e-02
4.800000000000000000e+01 -8.095945417881011963e-02
4.900000000000000000e+01 -6.556265801191329956e-02
5.000000000000000000e+01 -5.050043389201164246e-02
5.100000000000000000e+01 -3.593369573354721069e-02
5.200000000000000000e+01 -2.264187484979629517e-02
5.300000000000000000e+01 -1.003956422209739685e-02
5.400000000000000000e+01 1.976825064048171043e-03
5.500000000000000000e+01 1.296960283070802689e-02
5.600000000000000000e+01 2.297447249293327332e-02
5.700000000000000000e+01 3.227742016315460205e-02
5.800000000000000000e+01 4.084330797195434570e-02
5.900000000000000000e+01 4.869823902845382690e-02
6.000000000000000000e+01 5.597877502441406250e-02
6.100000000000000000e+01 6.237553805112838745e-02
6.200000000000000000e+01 6.830812990665435791e-02
6.300000000000000000e+01 7.384095340967178345e-02
6.400000000000000000e+01 7.881461083889007568e-02
6.500000000000000000e+01 8.277773112058639526e-02
6.600000000000000000e+01 8.607374131679534912e-02
6.700000000000000000e+01 8.845809102058410645e-02
6.800000000000000000e+01 8.986831456422805786e-02
6.900000000000000000e+01 8.995790779590606689e-02
7.000000000000000000e+01 8.930185437202453613e-02
7.100000000000000000e+01 8.746030181646347046e-02
7.200000000000000000e+01 8.490410447120666504e-02
7.300000000000000000e+01 8.200820535421371460e-02
7.400000000000000000e+01 7.857841998338699341e-02
7.500000000000000000e+01 7.457676529884338379e-02
7.600000000000000000e+01 7.068413496017456055e-02
7.700000000000000000e+01 6.667065620422363281e-02
7.800000000000000000e+01 6.306564807891845703e-02
7.900000000000000000e+01 6.028038635849952698e-02
8.000000000000000000e+01 5.763818323612213135e-02
8.100000000000000000e+01 5.510964617133140564e-02
8.200000000000000000e+01 5.284609645605087280e-02
8.300000000000000000e+01 5.038598552346229553e-02
8.400000000000000000e+01 4.799519851803779602e-02
8.500000000000000000e+01 4.555901512503623962e-02
8.600000000000000000e+01 4.320579394698143005e-02
8.700000000000000000e+01 4.097426682710647583e-02
8.800000000000000000e+01 3.921583667397499084e-02
8.900000000000000000e+01 3.737294673919677734e-02
9.000000000000000000e+01 3.528248518705368042e-02
9.100000000000000000e+01 3.341143578290939331e-02
9.200000000000000000e+01 3.188837319612503052e-02
9.300000000000000000e+01 2.944181673228740692e-02
9.400000000000000000e+01 2.709855884313583374e-02
9.500000000000000000e+01 2.464238926768302917e-02
9.600000000000000000e+01 2.219496853649616241e-02
9.700000000000000000e+01 1.975309289991855621e-02
9.800000000000000000e+01 1.569545082747936249e-02
9.900000000000000000e+01 1.476635225117206573e-02
