1.000000000000000000e+00 1.000000000000000000e+00
2.000000000000000000e+00 9.026073813438415527e-01
3.000000000000000000e+00 8.263846039772033691e-01
4.000000000000000000e+00 7.600702643394470215e-01
5.000000000000000000e+00 6.987102627754211426e-01
6.000000000000000000e+00 6.399237513542175293e-01
7.000000000000000000e+00 5.823154449462890625e-01
8.000000000000000000e+00 5.254630446434020996e-01
9.000000000000000000e+00 4.694533646106719971e-01
1.000000000000000000e+01 4.139179587364196777e-01
1.100000000000000000e+01 3.593261837959289551e-01
1.200000000000000000e+01 3.051262497901916504e-01
1.300000000000000000e+01 2.518649399280548096e-01
1.400000000000000000e+01 1.996962577104568481e-01
1.500000000000000000e+01 1.486312001943588257e-01
1.600000000000000000e+01 9.924069046974182129e-02
1.700000000000000000e+01 5.155776068568229675e-02
1.800000000000000000e+01 6.054210942238569260e-03
1.900000000000000000e+01 -3.714212402701377869e-02
2.000000000000000000e+01 -7.764821499586105347e-02
2.100000000000000000e+01 -1.149138733744621277e-01
2.200000000000000000e+01 -1.489526480436325073e-01
2.300000000000000000e+01 -1.795137226581573486e-01
2.400000000000000000e+01 -2.067659199237823486e-01
2.500000000000000000e+01 -2.300670295953750610e-01
2.600000000000000000e+01 -2.497720122337341309e-01
2.700000000000000000e+01 -2.657982707023620605e-01
2.800000000000000000e+01 -2.780920267105102539e-01
2.900000000000000000e+01 -2.867622375488281250e-01
3.000000000000000000e+01 -2.920562922954559326e-01
3.100000000000000000e+01 -2.942593395709991455e-01
3.200000000000000000e+01 -2.932944297790527344e-01
3.300000000000000000e+01 -2.896962463855743408e-01
3.400000000000000000e+01 -2.838493585586547852e-01
3.500000000000000000e+01 -2.758760154247283936e-01
3.600000000000000000e+01 -2.664090096950531006e-01
3.700000000000000000e+01 -2.549967169761657715e-01
3.800000000000000000e+01 -2.424619495868682861e-01
3.900000000000000000e+01 -2.286818027496337891e-01
4.000000000000000000e+01 -2.140870839357376099e-01
4.100000000000000000e+01 -1.986903101205825806e-01
4.200000000000000000e+01 -1.825811564922332764e-01
4.300000000000000000e+01 -1.659073829650878906e-01
4.400000000000000000e+01 -1.489760577678680420e-01
4.500000000000000000e+01 -1.319736391305923462e-01
4.600000000000000000e+01 -1.152467429637908936e-01
4.700000000000000000e+01 -9.856106340885162354e-02
4.800000000000000000e+01 -8.230678737163543701e-02
4.900000000000000000e+01 -6.671115756034851074e-02
5.000000000000000000e+01 -5.135115608572959900e-02
5.100000000000000000e+01 -3.683668375015258789e-02
5.200000000000000000e+01 -2.284878119826316833e-02
5.300000000000000000e+01 -9.770111180841922760e-03
5.400000000000000000e+01 2.101581543684005737e-03
5.500000000000000000e+01 1.313130836933851242e-02
5.600000000000000000e+01 2.355959825217723846e-02
5.700000000000000000e+01 3.316293284296989441e-02
5.800000000000000000e+01 4.176761209964752197e-02
5.900000000000000000e+01 4.975114390254020691e-02
6.000000000000000000e+01 5.714533850550651550e-02
6.100000000000000000e+01 6.373135000467300415e-02
6.200000000000000000e+01 6.996505707502365112e-02
6.300000000000000000e+01 7.570576667785644531e-02
6.400000000000000000e+01 8.090464770793914795e-02
6.500000000000000000e+01 8.507286012172698975e-02
6.600000000000000000e+01 8.829674869775772095e-02
6.700000000000000000e+01 9.083042293787002563e-02
6.800000000000000000e+01 9.209659695625305176e-02
6.900000000000000000e+01 9.256470948457717896e-02
7.000000000000000000e+01 9.223685413599014282e-02
7.100000000000000000e+01 9.088509529829025269e-02
7.200000000000000000e+01 8.842123299837112427e-02
7.300000000000000000e+01 8.520633727312088013e-02
7.400000000000000000e+01 8.154258877038955688e-02
7.500000000000000000e+01 7.729393988847732544e-02
7.600000000000000000e+01 7.295221090316772461e-02
7.700000000000000000e+01 6.866642832756042480e-02
7.800000000000000000e+01 6.517023593187332153e-02
7.900000000000000000e+01 6.207315251231193542e-02
8.000000000000000000e+01 5.963513255119323730e-02
8.100000000000000000e+01 5.733800306916236877e-02
8.200000000000000000e+01 5.488017573952674866e-02
8.300000000000000000e+01 5.272217467427253723e-02
8.400000000000000000e+01 5.077488720417022705e-02
8.500000000000000000e+01 4.862546175718307495e-02
8.600000000000000000e+01 4.623100534081459045e-02
8.700000000000000000e+01 4.391870275139808655e-02
8.800000000000000000e+01 4.169210046529769897e-02
8.900000000000000000e+01 3.998904302716255188e-02
9.000000000000000000e+01 3.802485018968582153e-02
9.100000000000000000e+01 3.631607815623283386e-02
9.200000000000000000e+01 3.450810536742210388e-02
9.300000000000000000e+01 3.275639936327934265e-02
9.400000000000000000e+01 3.038308396935462952e-02
9.500000000000000000e+01 2.827344834804534912e-02
9.600000000000000000e+01 2.579529583454132080e-02
9.700000000000000000e+01 2.455707080662250519e-02
9.800000000000000000e+01 2.428562566637992859e-02
9.900000000000000000e+01 2.239845320582389832e-02
