1.000000000000000000e+00 1.000000000000000000e+00
2.000000000000000000e+00 9.022508263587951660e-01
3.000000000000000000e+00 8.257117271423339844e-01
4.000000000000000000e+00 7.591197490692138672e-01
5.000000000000000000e+00 6.976875662803649902e-01
6.000000000000000000e+00 6.385879516601562500e-01
7.000000000000000000e+00 5.809971690177917480e-01
8.000000000000000000e+00 5.243230462074279785e-01
9.000000000000000000e+00 4.685222506523132324e-01
1.000000000000000000e+01 4.133450090885162354e-01
1.100000000000000000e+01 3.588957786560058594e-01
1.200000000000000000e+01 3.051837086677551270e-01
1.300000000000000000e+01 2.518936395645141602e-01
1.400000000000000000e+01 1.997973471879959106e-01
1.500000000000000000e+01 1.487759202718734741e-01
1.600000000000000000e+01 9.933306276798248291e-02
1.700000000000000000e+01 5.165932700037956238e-02
1.800000000000000000e+01 6.137957796454429626e-03
1.900000000000000000e+01 -3.686670586466789246e-02
2.000000000000000000e+01 -7.707602530717849731e-02
2.100000000000000000e+01 -1.143538653850555420e-01
2.200000000000000000e+01 -1.482114195823669434e-01
2.300000000000000000e+01 -1.788328438997268677e-01
2.400000000000000000e+01 -2.057521939277648926e-01
2.500000000000000000e+01 -2.289186567068099976e-01
2.600000000000000000e+01 -2.482083141803741455e-01
2.700000000000000000e+01 -2.636966407299041748e-01
2.800000000000000000e+01 -2.756503522396087646e-01
2.900000000000000000e+01 -2.840225994586944580e-01
3.000000000000000000e+01 -2.893338203430175781e-01
3.100000000000000000e+01 -2.915819883346557617e-01
3.200000000000000000e+01 -2.907333672046661377e-01
3.300000000000000000e+01 -2.873701453208923340e-01
3.400000000000000000e+01 -2.817665040493011475e-01
3.500000000000000000e+01 -2.739233672618865967e-01
3.600000000000000000e+01 -2.640087306499481201e-01
3.700000000000000000e+01 -2.529787123203277588e-01
3.800000000000000000e+01 -2.405524402856826782e-01
3.900000000000000000e+01 -2.268235981464385986e-01
4.000000000000000000e+01 -2.122411727905273438e-01
4.100000000000000000e+01 -1.970195472240447998e-01
4.200000000000000000e+01 -1.810937672853469849e-01
4.300000000000000000e+01 -1.650566905736923218e-01
4.400000000000000000e+01 -1.488905102014541626e-01
4.500000000000000000e+01 -1.323257684707641602e-01
4.600000000000000000e+01 -1.157281026244163513e-01
4.700000000000000000e+01 -9.929475933313369751e-02
4.800000000000000000e+01 -8.314163237810134888e-02
4.900000000000000000e+01 -6.724963337182998657e-02
5.000000000000000000e+01 -5.197412148118019104e-02
5.100000000000000000e+01 -3.730920329689979553e-02
5.200000000000000000e+01 -2.365302853286266327e-02
5.300000000000000000e+01 -1.085466425865888596e-02
5.400000000000000000e+01 1.287373714148998260e-03
5.500000000000000000e+01 1.284706871956586838e-02
5.600000000000000000e+01 2.332076057791709900e-02
5.700000000000000000e+01 3.294388204813003540e-02
5.800000000000000000e+01 4.169674962759017944e-02
5.900000000000000000e+01 4.984708875417709351e-02
6.000000000000000000e+01 5.738024041056632996e-02
6.100000000000000000e+01 6.391043961048126221e-02
6.200000000000000000e+01 6.974029541015625000e-02
6.300000000000000000e+01 7.525353133678436279e-02
6.400000000000000000e+01 8.016967028379440308e-02
6.500000000000000000e+01 8.415529131889343262e-02
6.600000000000000000e+01 8.731525391340255737e-02
6.700000000000000000e+01 8.986624330282211304e-02
6.800000000000000000e+01 9.142578393220901489e-02
6.900000000000000000e+01 9.231038391590118408e-02
7.000000000000000000e+01 9.177656471729278564e-02
7.100000000000000000e+01 8.946769684553146362e-02
7.200000000000000000e+01 8.682809025049209595e-02
7.300000000000000000e+01 8.387294411659240723e-02
7.400000000000000000e+01 8.013126999139785767e-02
7.500000000000000000e+01 7.636832445859909058e-02
7.600000000000000000e+01 7.255139946937561035e-02
7.700000000000000000e+01 6.865458190441131592e-02
7.800000000000000000e+01 6.534105539321899414e-02
7.900000000000000000e+01 6.253498047590255737e-02
8.000000000000000000e+01 6.016837060451507568e-02
8.100000000000000000e+01 5.748241022229194641e-02
8.200000000000000000e+01 5.503752827644348145e-02
8.300000000000000000e+01 5.294959992170333862e-02
8.400000000000000000e+01 5.056362226605415344e-02
8.500000000000000000e+01 4.813527688384056091e-02
8.600000000000000000e+01 4.573959112167358398e-02
8.700000000000000000e+01 4.302612319588661194e-02
8.800000000000000000e+01 4.057758674025535583e-02
8.900000000000000000e+01 3.824159130454063416e-02
9.000000000000000000e+01 3.629270195960998535e-02
9.100000000000000000e+01 3.447454795241355896e-02
9.200000000000000000e+01 3.277147561311721802e-02
9.300000000000000000e+01 3.081990964710712433e-02
9.400000000000000000e+01 2.809956856071949005e-02
9.500000000000000000e+01 2.507717348635196686e-02
9.600000000000000000e+01 2.289893105626106262e-02
9.700000000000000000e+01 2.117227576673030853e-02
9.800000000000000000e+01 1.947451569139957428e-02
9.900000000000000000e+01 1.611622236669063568e-02
