1.000000000000000000e+00 1.000000000000000000e+00
2.000000000000000000e+00 8.953874111175537109e-01
3.000000000000000000e+00 8.145539760589599609e-01
4.000000000000000000e+00 7.443649172782897949e-01
5.000000000000000000e+00 6.795617938041687012e-01
6.000000000000000000e+00 6.181408166885375977e-01
7.000000000000000000e+00 5.583080053329467773e-01
8.000000000000000000e+00 5.000234246253967285e-01
9.000000000000000000e+00 4.429905116558074951e-01
1.000000000000000000e+01 3.867873847484588623e-01
1.100000000000000000e+01 3.315442502498626709e-01
1.200000000000000000e+01 2.772039175033569336e-01
1.300000000000000000e+01 2.242111414670944214e-01
1.400000000000000000e+01 1.726326793432235718e-01
1.500000000000000000e+01 1.228888109326362610e-01
1.600000000000000000e+01 7.471089810132980347e-02
1.700000000000000000e+01 2.874124050140380859e-02
1.800000000000000000e+01 -1.481080427765846252e-02
1.900000000000000000e+01 -5.542607232928276062e-02
2.000000000000000000e+01 -9.330409020185470581e-02
2.100000000000000000e+01 -1.278620213270187378e-01
2.200000000000000000e+01 -1.589972823858261108e-01
2.300000000000000000e+01 -1.862044930458068848e-01
2.400000000000000000e+01 -2.100457102060317993e-01
2.500000000000000000e+01 -2.298192381858825684e-01
2.600000000000000000e+01 -2.459443658590316772e-01
2.700000000000000000e+01 -2.581914961338043213e-01
2.800000000000000000e+01 -2.672659754753112793e-01
2.900000000000000000e+01 -2.728270590305328369e-01
3.000000000000000000e+01 -2.753974795341491699e-01
3.100000000000000000e+01 -2.749438285827636719e-01
3.200000000000000000e+01 -2.717257142066955566e-01
3.300000000000000000e+01 -2.663508057594299316e-01
3.400000000000000000e+01 -2.589344084262847900e-01
3.500000000000000000e+01 -2.497832477092742920e-01
3.600000000000000000e+01 -2.390664517879486084e-01
3.700000000000000000e+01 -2.266214936971664429e-01
3.800000000000000000e+01 -2.129330933094024658e-01
3.900000000000000000e+01 -1.982260346412658691e-01
4.000000000000000000e+01 -1.831431984901428223e-01
4.100000000000000000e+01 -1.674474775791168213e-01
4.200000000000000000e+01 -1.517015546560287476e-01
4.300000000000000000e+01 -1.362518221139907837e-01
4.400000000000000000e+01 -1.209894344210624695e-01
4.500000000000000000e+01 -1.059579253196716309e-01
4.600000000000000000e+01 -9.106846898794174194e-02
4.700000000000000000e+01 -7.630026340484619141e-02
4.800000000000000000e+01 -6.194800138473510742e-02
4.900000000000000000e+01 -4.819198697805404663e-02
5.000000000000000000e+01 -3.501328080892562866e-02
5.100000000000000000e+01 -2.258883416652679443e-02
5.200000000000000000e+01 -1.109537202864885330e-02
5.300000000000000000e+01 -3.110973921138793230e-04
5.400000000000000000e+01 9.598473086953163147e-03
5.500000000000000000e+01 1.869389228522777557e-02
5.600000000000000000e+01 2.688967250287532806e-02
5.700000000000000000e+01 3.404213860630989075e-02
5.800000000000000000e+01 4.054522886872291565e-02
5.900000000000000000e+01 4.650848358869552612e-02
6.000000000000000000e+01 5.198210477828979492e-02
6.100000000000000000e+01 5.667319893836975098e-02
6.200000000000000000e+01 6.076352298259735107e-02
6.300000000000000000e+01 6.449812650680541992e-02
6.400000000000000000e+01 6.778324395418167114e-02
6.500000000000000000e+01 7.021463662385940552e-02
6.600000000000000000e+01 7.211454957723617554e-02
6.700000000000000000e+01 7.303547859191894531e-02
6.800000000000000000e+01 7.338384538888931274e-02
6.900000000000000000e+01 7.275001704692840576e-02
7.000000000000000000e+01 7.159727066755294800e-02
7.100000000000000000e+01 6.974054872989654541e-02
7.200000000000000000e+01 6.691643595695495605e-02
7.300000000000000000e+01 6.343355029821395874e-02
7.400000000000000000e+01 5.954521894454956055e-02
7.500000000000000000e+01 5.587144568562507629e-02
7.600000000000000000e+01 5.191637575626373291e-02
7.700000000000000000e+01 4.844890907406806946e-02
7.800000000000000000e+01 4.514829441905021667e-02
7.900000000000000000e+01 4.199120774865150452e-02
8.000000000000000000e+01 3.908504918217658997e-02
8.100000000000000000e+01 3.671778738498687744e-02
8.200000000000000000e+01 3.482935577630996704e-02
8.300000000000000000e+01 3.346152231097221375e-02
8.400000000000000000e+01 3.213297575712203979e-02
8.500000000000000000e+01 3.064453415572643280e-02
8.600000000000000000e+01 2.941650338470935822e-02
8.700000000000000000e+01 2.803659625351428986e-02
8.800000000000000000e+01 2.648924849927425385e-02
8.900000000000000000e+01 2.517200075089931488e-02
9.000000000000000000e+01 2.467866428196430206e-02
9.100000000000000000e+01 2.381016500294208527e-02
9.200000000000000000e+01 2.238922566175460815e-02
9.300000000000000000e+01 2.022663131356239319e-02
9.400000000000000000e+01 1.813816837966442108e-02
9.500000000000000000e+01 1.582658477127552032e-02
9.600000000000000000e+01 1.365228462964296341e-02
9.700000000000000000e+01 1.017149351537227631e-02
9.800000000000000000e+01 9.260584600269794464e-03
9.900000000000000000e+01 8.306973613798618317e-03
