1.000000000000000000e+00 1.000000000000000000e+00
2.000000000000000000e+00 9.015003442764282227e-01
3.000000000000000000e+00 8.245406746864318848e-01
4.000000000000000000e+00 7.577651143074035645e-01
5.000000000000000000e+00 6.959314942359924316e-01
6.000000000000000000e+00 6.366370916366577148e-01
7.000000000000000000e+00 5.789350271224975586e-01
8.000000000000000000e+00 5.222743749618530273e-01
9.000000000000000000e+00 4.663821160793304443e-01
1.000000000000000000e+01 4.109705388545989990e-01
1.100000000000000000e+01 3.564085066318511963e-01
1.200000000000000000e+01 3.025696873664855957e-01
1.300000000000000000e+01 2.494822591543197632e-01
1.400000000000000000e+01 1.975162029266357422e-01
1.500000000000000000e+01 1.467533856630325317e-01
1.600000000000000000e+01 9.762338548898696899e-02
1.700000000000000000e+01 5.031717568635940552e-02
1.800000000000000000e+01 5.052726715803146362e-03
1.900000000000000000e+01 -3.771151229739189148e-02
2.000000000000000000e+01 -7.783950865268707275e-02
2.100000000000000000e+01 -1.147775202989578247e-01
2.200000000000000000e+01 -1.487081348896026611e-01
2.300000000000000000e+01 -1.791901290416717529e-01
2.400000000000000000e+01 -2.057682126760482788e-01
2.500000000000000000e+01 -2.284558415412902832e-01
2.600000000000000000e+01 -2.472531646490097046e-01
2.700000000000000000e+01 -2.626888751983642578e-01
2.800000000000000000e+01 -2.744296789169311523e-01
2.900000000000000000e+01 -2.825950384140014648e-01
3.000000000000000000e+01 -2.875768840312957764e-01
3.100000000000000000e+01 -2.894989550113677979e-01
3.200000000000000000e+01 -2.886542677879333496e-01
3.300000000000000000e+01 -2.852418422698974609e-01
3.400000000000000000e+01 -2.796212434768676758e-01
3.500000000000000000e+01 -2.718632221221923828e-01
3.600000000000000000e+01 -2.623206973075866699e-01
3.700000000000000000e+01 -2.511033713817596436e-01
3.800000000000000000e+01 -2.382474541664123535e-01
3.900000000000000000e+01 -2.246122956275939941e-01
4.000000000000000000e+01 -2.099786251783370972e-01
4.100000000000000000e+01 -1.948107331991195679e-01
4.200000000000000000e+01 -1.791086345911026001e-01
4.300000000000000000e+01 -1.630152612924575806e-01
4.400000000000000000e+01 -1.468185186386108398e-01
4.500000000000000000e+01 -1.305624842643737793e-01
4.600000000000000000e+01 -1.146766394376754761e-01
4.700000000000000000e+01 -9.891471266746520996e-02
4.800000000000000000e+01 -8.360321819782257080e-02
4.900000000000000000e+01 -6.807506084442138672e-02
5.000000000000000000e+01 -5.309053882956504822e-02
5.100000000000000000e+01 -3.863206133246421814e-02
5.200000000000000000e+01 -2.497053705155849457e-02
5.300000000000000000e+01 -1.209683716297149658e-02
5.400000000000000000e+01 -5.593166133621707559e-05
5.500000000000000000e+01 1.139248814433813095e-02
5.600000000000000000e+01 2.194130606949329376e-02
5.700000000000000000e+01 3.159498423337936401e-02
5.800000000000000000e+01 4.036784172058105469e-02
5.900000000000000000e+01 4.811464622616767883e-02
6.000000000000000000e+01 5.543182790279388428e-02
6.100000000000000000e+01 6.237557157874107361e-02
6.200000000000000000e+01 6.843288987874984741e-02
6.300000000000000000e+01 7.375628501176834106e-02
6.400000000000000000e+01 7.848444581031799316e-02
6.500000000000000000e+01 8.240811526775360107e-02
6.600000000000000000e+01 8.540475368499755859e-02
6.700000000000000000e+01 8.758980035781860352e-02
6.800000000000000000e+01 8.906003832817077637e-02
6.900000000000000000e+01 8.945398032665252686e-02
7.000000000000000000e+01 8.906878530979156494e-02
7.100000000000000000e+01 8.734191954135894775e-02
7.200000000000000000e+01 8.472980558872222900e-02
7.300000000000000000e+01 8.199159055948257446e-02
7.400000000000000000e+01 7.808408886194229126e-02
7.500000000000000000e+01 7.421462237834930420e-02
7.600000000000000000e+01 7.030253112316131592e-02
7.700000000000000000e+01 6.715458631515502930e-02
7.800000000000000000e+01 6.459891051054000854e-02
7.900000000000000000e+01 6.169315427541732788e-02
8.000000000000000000e+01 5.937730520963668823e-02
8.100000000000000000e+01 5.682461708784103394e-02
8.200000000000000000e+01 5.461909621953964233e-02
8.300000000000000000e+01 5.240437760949134827e-02
8.400000000000000000e+01 5.011672899127006531e-02
8.500000000000000000e+01 4.796131327748298645e-02
8.600000000000000000e+01 4.558717459440231323e-02
8.700000000000000000e+01 4.343538358807563782e-02
8.800000000000000000e+01 4.159877821803092957e-02
8.900000000000000000e+01 3.956069424748420715e-02
9.000000000000000000e+01 3.813953697681427002e-02
9.100000000000000000e+01 3.609985485672950745e-02
9.200000000000000000e+01 3.404231742024421692e-02
9.300000000000000000e+01 3.168049827218055725e-02
9.400000000000000000e+01 2.929341606795787811e-02
9.500000000000000000e+01 2.701838500797748566e-02
9.600000000000000000e+01 2.485979907214641571e-02
9.700000000000000000e+01 2.277027256786823273e-02
9.800000000000000000e+01 2.198334969580173492e-02
9.900000000000000000e+01 1.765907369554042816e-02
