1.000000000000000000e+00 1.000000000000000000e+00
2.000000000000000000e+00 9.012469649314880371e-01
3.000000000000000000e+00 8.243134021759033203e-01
4.000000000000000000e+00 7.571839094161987305e-01
5.000000000000000000e+00 6.951658725738525391e-01
6.000000000000000000e+00 6.358211040496826172e-01
7.000000000000000000e+00 5.779661536216735840e-01
8.000000000000000000e+00 5.212995409965515137e-01
9.000000000000000000e+00 4.653412103652954102e-01
1.000000000000000000e+01 4.100219011306762695e-01
1.100000000000000000e+01 3.552534878253936768e-01
1.200000000000000000e+01 3.012851178646087646e-01
1.300000000000000000e+01 2.479128539562225342e-01
1.400000000000000000e+01 1.955499053001403809e-01
1.500000000000000000e+01 1.448053717613220215e-01
1.600000000000000000e+01 9.548939764499664307e-02
1.700000000000000000e+01 4.820425435900688171e-02
1.800000000000000000e+01 3.078352659940719604e-03
1.900000000000000000e+01 -3.968134149909019470e-02
2.000000000000000000e+01 -7.969951629638671875e-02
2.100000000000000000e+01 -1.165732145309448242e-01
2.200000000000000000e+01 -1.501469910144805908e-01
2.300000000000000000e+01 -1.798795461654663086e-01
2.400000000000000000e+01 -2.058731168508529663e-01
2.500000000000000000e+01 -2.282605767250061035e-01
2.600000000000000000e+01 -2.468810379505157471e-01
2.700000000000000000e+01 -2.619159221649169922e-01
2.800000000000000000e+01 -2.734789848327636719e-01
2.900000000000000000e+01 -2.818509042263031006e-01
3.000000000000000000e+01 -2.866132259368896484e-01
3.100000000000000000e+01 -2.884218394756317139e-01
3.200000000000000000e+01 -2.874287068843841553e-01
3.300000000000000000e+01 -2.839746475219726562e-01
3.400000000000000000e+01 -2.782656848430633545e-01
3.500000000000000000e+01 -2.703648209571838379e-01
3.600000000000000000e+01 -2.606805264949798584e-01
3.700000000000000000e+01 -2.494545429944992065e-01
3.800000000000000000e+01 -2.364946901798248291e-01
3.900000000000000000e+01 -2.225948423147201538e-01
4.000000000000000000e+01 -2.079180479049682617e-01
4.100000000000000000e+01 -1.928899288177490234e-01
4.200000000000000000e+01 -1.771301031112670898e-01
4.300000000000000000e+01 -1.611085385084152222e-01
4.400000000000000000e+01 -1.454127132892608643e-01
4.500000000000000000e+01 -1.296402662992477417e-01
4.600000000000000000e+01 -1.139271408319473267e-01
4.700000000000000000e+01 -9.829129278659820557e-02
4.800000000000000000e+01 -8.285108953714370728e-02
4.900000000000000000e+01 -6.785506010055541992e-02
5.000000000000000000e+01 -5.341200530529022217e-02
5.100000000000000000e+01 -3.920246660709381104e-02
5.200000000000000000e+01 -2.557248063385486603e-02
5.300000000000000000e+01 -1.309900265187025070e-02
5.400000000000000000e+01 -1.310437917709350586e-03
5.500000000000000000e+01 9.920780546963214874e-03
5.600000000000000000e+01 2.042899280786514282e-02
5.700000000000000000e+01 3.012209199368953705e-02
5.800000000000000000e+01 3.896564990282058716e-02
5.900000000000000000e+01 4.713369160890579224e-02
6.000000000000000000e+01 5.452115461230278015e-02
6.100000000000000000e+01 6.142501533031463623e-02
6.200000000000000000e+01 6.779545545578002930e-02
6.300000000000000000e+01 7.362309843301773071e-02
6.400000000000000000e+01 7.873284071683883667e-02
6.500000000000000000e+01 8.305253088474273682e-02
6.600000000000000000e+01 8.638638257980346680e-02
6.700000000000000000e+01 8.928816020488739014e-02
6.800000000000000000e+01 9.107700735330581665e-02
6.900000000000000000e+01 9.154362231492996216e-02
7.000000000000000000e+01 9.132207930088043213e-02
7.100000000000000000e+01 8.980794250965118408e-02
7.200000000000000000e+01 8.749125152826309204e-02
7.300000000000000000e+01 8.444872498512268066e-02
7.400000000000000000e+01 8.085796982049942017e-02
7.500000000000000000e+01 7.760040462017059326e-02
7.600000000000000000e+01 7.401257753372192383e-02
7.700000000000000000e+01 7.055134326219558716e-02
7.800000000000000000e+01 6.703159213066101074e-02
7.900000000000000000e+01 6.427538394927978516e-02
8.000000000000000000e+01 6.182130426168441772e-02
8.100000000000000000e+01 5.945812910795211792e-02
8.200000000000000000e+01 5.692308396100997925e-02
8.300000000000000000e+01 5.393587052822113037e-02
8.400000000000000000e+01 5.147362872958183289e-02
8.500000000000000000e+01 4.892376810312271118e-02
8.600000000000000000e+01 4.655609279870986938e-02
8.700000000000000000e+01 4.414780810475349426e-02
8.800000000000000000e+01 4.152554646134376526e-02
8.900000000000000000e+01 3.877884522080421448e-02
9.000000000000000000e+01 3.703476116061210632e-02
9.100000000000000000e+01 3.513320907950401306e-02
9.200000000000000000e+01 3.333020582795143127e-02
9.300000000000000000e+01 3.103575669229030609e-02
9.400000000000000000e+01 2.904104255139827728e-02
9.500000000000000000e+01 2.699298411607742310e-02
9.600000000000000000e+01 2.467926964163780212e-02
9.700000000000000000e+01 2.084400504827499390e-02
9.800000000000000000e+01 1.658696494996547699e-02
9.900000000000000000e+01 1.308675110340118408e-02
