1.000000000000000000e+00 1.000000000000000000e+00
2.000000000000000000e+00 8.963704705238342285e-01
3.000000000000000000e+00 8.153921365737915039e-01
4.000000000000000000e+00 7.450449466705322266e-01
5.000000000000000000e+00 6.801613569259643555e-01
6.000000000000000000e+00 6.185237765312194824e-01
7.000000000000000000e+00 5.587712526321411133e-01
8.000000000000000000e+00 5.006034374237060547e-01
9.000000000000000000e+00 4.433956742286682129e-01
1.000000000000000000e+01 3.873503208160400391e-01
1.100000000000000000e+01 3.322435617446899414e-01
1.200000000000000000e+01 2.781760394573211670e-01
1.300000000000000000e+01 2.251112461090087891e-01
1.400000000000000000e+01 1.736234277486801147e-01
1.500000000000000000e+01 1.236928626894950867e-01
1.600000000000000000e+01 7.566037774085998535e-02
1.700000000000000000e+01 2.953811362385749817e-02
1.800000000000000000e+01 -1.415434014052152634e-02
1.900000000000000000e+01 -5.507729575037956238e-02
2.000000000000000000e+01 -9.335262328386306763e-02
2.100000000000000000e+01 -1.282307505607604980e-01
2.200000000000000000e+01 -1.593317389488220215e-01
2.300000000000000000e+01 -1.864794790744781494e-01
2.400000000000000000e+01 -2.100365757942199707e-01
2.500000000000000000e+01 -2.297879308462142944e-01
2.600000000000000000e+01 -2.458083331584930420e-01
2.700000000000000000e+01 -2.581652700901031494e-01
2.800000000000000000e+01 -2.671729326248168945e-01
2.900000000000000000e+01 -2.729313075542449951e-01
3.000000000000000000e+01 -2.755239307880401611e-01
3.100000000000000000e+01 -2.751800715923309326e-01
3.200000000000000000e+01 -2.721783518791198730e-01
3.300000000000000000e+01 -2.668685317039489746e-01
3.400000000000000000e+01 -2.592399120330810547e-01
3.500000000000000000e+01 -2.499759495258331299e-01
3.600000000000000000e+01 -2.391970306634902954e-01
3.700000000000000000e+01 -2.269905656576156616e-01
3.800000000000000000e+01 -2.134624421596527100e-01
3.900000000000000000e+01 -1.988351494073867798e-01
4.000000000000000000e+01 -1.837562769651412964e-01
4.100000000000000000e+01 -1.680957227945327759e-01
4.200000000000000000e+01 -1.522891521453857422e-01
4.300000000000000000e+01 -1.367529481649398804e-01
4.400000000000000000e+01 -1.215735375881195068e-01
4.500000000000000000e+01 -1.064733937382698059e-01
4.600000000000000000e+01 -9.115587919950485229e-02
4.700000000000000000e+01 -7.628955692052841187e-02
4.800000000000000000e+01 -6.189871951937675476e-02
4.900000000000000000e+01 -4.826820269227027893e-02
5.000000000000000000e+01 -3.528207913041114807e-02
5.100000000000000000e+01 -2.303072623908519745e-02
5.200000000000000000e+01 -1.164838764816522598e-02
5.300000000000000000e+01 -8.530617342330515385e-04
5.400000000000000000e+01 9.099785238504409790e-03
5.500000000000000000e+01 1.830194517970085144e-02
5.600000000000000000e+01 2.641897089779376984e-02
5.700000000000000000e+01 3.399010002613067627e-02
5.800000000000000000e+01 4.105833917856216431e-02
5.900000000000000000e+01 4.703958332538604736e-02
6.000000000000000000e+01 5.238687992095947266e-02
6.100000000000000000e+01 5.669861286878585815e-02
6.200000000000000000e+01 6.069040298461914062e-02
6.300000000000000000e+01 6.434281170368194580e-02
6.400000000000000000e+01 6.739955395460128784e-02
6.500000000000000000e+01 6.981902569532394409e-02
6.600000000000000000e+01 7.157913595438003540e-02
6.700000000000000000e+01 7.258041203022003174e-02
6.800000000000000000e+01 7.310248166322708130e-02
6.900000000000000000e+01 7.284901291131973267e-02
7.000000000000000000e+01 7.201754301786422729e-02
7.100000000000000000e+01 7.029549032449722290e-02
7.200000000000000000e+01 6.798955798149108887e-02
7.300000000000000000e+01 6.432306766510009766e-02
7.400000000000000000e+01 6.059758737683296204e-02
7.500000000000000000e+01 5.698989331722259521e-02
7.600000000000000000e+01 5.307034403085708618e-02
7.700000000000000000e+01 4.949186742305755615e-02
7.800000000000000000e+01 4.593108966946601868e-02
7.900000000000000000e+01 4.271875321865081787e-02
8.000000000000000000e+01 3.998480364680290222e-02
8.100000000000000000e+01 3.718220442533493042e-02
8.200000000000000000e+01 3.459341451525688171e-02
8.300000000000000000e+01 3.298204764723777771e-02
8.400000000000000000e+01 3.186345845460891724e-02
8.500000000000000000e+01 3.067952767014503479e-02
8.600000000000000000e+01 2.886547334492206573e-02
8.700000000000000000e+01 2.734463103115558624e-02
8.800000000000000000e+01 2.624378912150859833e-02
8.900000000000000000e+01 2.451762184500694275e-02
9.000000000000000000e+01 2.345905825495719910e-02
9.100000000000000000e+01 2.246045880019664764e-02
9.200000000000000000e+01 2.117306552827358246e-02
9.300000000000000000e+01 1.993886753916740417e-02
9.400000000000000000e+01 1.824098452925682068e-02
9.500000000000000000e+01 1.724792830646038055e-02
9.600000000000000000e+01 1.553820353001356125e-02
9.700000000000000000e+01 1.342400442808866501e-02
9.800000000000000000e+01 7.907788269221782684e-03
9.900000000000000000e+01 5.095320288091897964e-03
