1.000000000000000000e+00 1.000000000000000000e+00
2.000000000000000000e+00 9.023000597953796387e-01
3.000000000000000000e+00 8.255864381790161133e-01
4.000000000000000000e+00 7.586624026298522949e-01
5.000000000000000000e+00 6.968978643417358398e-01
6.000000000000000000e+00 6.378061175346374512e-01
7.000000000000000000e+00 5.804546475410461426e-01
8.000000000000000000e+00 5.241059660911560059e-01
9.000000000000000000e+00 4.682070910930633545e-01
1.000000000000000000e+01 4.131577312946319580e-01
1.100000000000000000e+01 3.587050437927246094e-01
1.200000000000000000e+01 3.045943081378936768e-01
1.300000000000000000e+01 2.514000535011291504e-01
1.400000000000000000e+01 1.991567313671112061e-01
1.500000000000000000e+01 1.482773721218109131e-01
1.600000000000000000e+01 9.891015291213989258e-02
1.700000000000000000e+01 5.125460401177406311e-02
1.800000000000000000e+01 5.724112968891859055e-03
1.900000000000000000e+01 -3.732658177614212036e-02
2.000000000000000000e+01 -7.770881801843643188e-02
2.100000000000000000e+01 -1.149664819240570068e-01
2.200000000000000000e+01 -1.489488184452056885e-01
2.300000000000000000e+01 -1.794041246175765991e-01
2.400000000000000000e+01 -2.063701450824737549e-01
2.500000000000000000e+01 -2.293408513069152832e-01
2.600000000000000000e+01 -2.488124966621398926e-01
2.700000000000000000e+01 -2.642003893852233887e-01
2.800000000000000000e+01 -2.759665548801422119e-01
2.900000000000000000e+01 -2.843822538852691650e-01
3.000000000000000000e+01 -2.896359860897064209e-01
3.100000000000000000e+01 -2.918902933597564697e-01
3.200000000000000000e+01 -2.910535931587219238e-01
3.300000000000000000e+01 -2.874635159969329834e-01
3.400000000000000000e+01 -2.816730439662933350e-01
3.500000000000000000e+01 -2.735811769962310791e-01
3.600000000000000000e+01 -2.638053596019744873e-01
3.700000000000000000e+01 -2.524559497833251953e-01
3.800000000000000000e+01 -2.400149852037429810e-01
3.900000000000000000e+01 -2.262582480907440186e-01
4.000000000000000000e+01 -2.116810232400894165e-01
4.100000000000000000e+01 -1.963156014680862427e-01
4.200000000000000000e+01 -1.800256073474884033e-01
4.300000000000000000e+01 -1.634184569120407104e-01
4.400000000000000000e+01 -1.469518244266510010e-01
4.500000000000000000e+01 -1.303412616252899170e-01
4.600000000000000000e+01 -1.135825663805007935e-01
4.700000000000000000e+01 -9.686294943094253540e-02
4.800000000000000000e+01 -8.056446909904479980e-02
4.900000000000000000e+01 -6.491040438413619995e-02
5.000000000000000000e+01 -4.952186346054077148e-02
5.100000000000000000e+01 -3.492530807852745056e-02
5.200000000000000000e+01 -2.112434059381484985e-02
5.300000000000000000e+01 -8.292580023407936096e-03
5.400000000000000000e+01 3.651470877230167389e-03
5.500000000000000000e+01 1.488183438777923584e-02
5.600000000000000000e+01 2.505129389464855194e-02
5.700000000000000000e+01 3.428295999765396118e-02
5.800000000000000000e+01 4.279744625091552734e-02
5.900000000000000000e+01 5.050406977534294128e-02
6.000000000000000000e+01 5.754467844963073730e-02
6.100000000000000000e+01 6.411360204219818115e-02
6.200000000000000000e+01 6.987407058477401733e-02
6.300000000000000000e+01 7.514096051454544067e-02
6.400000000000000000e+01 7.996305823326110840e-02
6.500000000000000000e+01 8.381904661655426025e-02
6.600000000000000000e+01 8.656149357557296753e-02
6.700000000000000000e+01 8.909934759140014648e-02
6.800000000000000000e+01 9.077031165361404419e-02
6.900000000000000000e+01 9.133070707321166992e-02
7.000000000000000000e+01 9.071380645036697388e-02
7.100000000000000000e+01 8.874437212944030762e-02
7.200000000000000000e+01 8.576343953609466553e-02
7.300000000000000000e+01 8.202029764652252197e-02
7.400000000000000000e+01 7.803203910589218140e-02
7.500000000000000000e+01 7.355022430419921875e-02
7.600000000000000000e+01 6.931580603122711182e-02
7.700000000000000000e+01 6.597650051116943359e-02
7.800000000000000000e+01 6.278028339147567749e-02
7.900000000000000000e+01 5.950469151139259338e-02
8.000000000000000000e+01 5.698904022574424744e-02
8.100000000000000000e+01 5.437554791569709778e-02
8.200000000000000000e+01 5.192577466368675232e-02
8.300000000000000000e+01 4.954816401004791260e-02
8.400000000000000000e+01 4.675057902932167053e-02
8.500000000000000000e+01 4.405260831117630005e-02
8.600000000000000000e+01 4.195531085133552551e-02
8.700000000000000000e+01 4.021988436579704285e-02
8.800000000000000000e+01 3.784276917576789856e-02
8.900000000000000000e+01 3.593742474913597107e-02
9.000000000000000000e+01 3.370309621095657349e-02
9.100000000000000000e+01 3.222337365150451660e-02
9.200000000000000000e+01 3.049535118043422699e-02
9.300000000000000000e+01 2.825265377759933472e-02
9.400000000000000000e+01 2.524335868656635284e-02
9.500000000000000000e+01 2.282188832759857178e-02
9.600000000000000000e+01 2.116059139370918274e-02
9.700000000000000000e+01 1.916098408401012421e-02
9.800000000000000000e+01 1.602960750460624695e-02
9.900000000000000000e+01 1.197533123195171356e-02
