1.000000000000000000e+00 1.000000000000000000e+00
2.000000000000000000e+00 9.015503525733947754e-01
3.000000000000000000e+00 8.247550725936889648e-01
4.000000000000000000e+00 7.577261328697204590e-01
5.000000000000000000e+00 6.957638859748840332e-01
6.000000000000000000e+00 6.364568471908569336e-01
7.000000000000000000e+00 5.786685943603515625e-01
8.000000000000000000e+00 5.217059850692749023e-01
9.000000000000000000e+00 4.655599892139434814e-01
1.000000000000000000e+01 4.102096855640411377e-01
1.100000000000000000e+01 3.556408882141113281e-01
1.200000000000000000e+01 3.017966151237487793e-01
1.300000000000000000e+01 2.486524134874343872e-01
1.400000000000000000e+01 1.967118382453918457e-01
1.500000000000000000e+01 1.459921896457672119e-01
1.600000000000000000e+01 9.671288728713989258e-02
1.700000000000000000e+01 4.926682636141777039e-02
1.800000000000000000e+01 3.754728473722934723e-03
1.900000000000000000e+01 -3.899334371089935303e-02
2.000000000000000000e+01 -7.902464270591735840e-02
2.100000000000000000e+01 -1.161211803555488586e-01
2.200000000000000000e+01 -1.497405767440795898e-01
2.300000000000000000e+01 -1.799134612083435059e-01
2.400000000000000000e+01 -2.063276916742324829e-01
2.500000000000000000e+01 -2.290728688240051270e-01
2.600000000000000000e+01 -2.480881959199905396e-01
2.700000000000000000e+01 -2.632592916488647461e-01
2.800000000000000000e+01 -2.748849391937255859e-01
2.900000000000000000e+01 -2.832313776016235352e-01
3.000000000000000000e+01 -2.880165874958038330e-01
3.100000000000000000e+01 -2.897800207138061523e-01
3.200000000000000000e+01 -2.886733114719390869e-01
3.300000000000000000e+01 -2.850314080715179443e-01
3.400000000000000000e+01 -2.787402272224426270e-01
3.500000000000000000e+01 -2.705093026161193848e-01
3.600000000000000000e+01 -2.606870830059051514e-01
3.700000000000000000e+01 -2.493235170841217041e-01
3.800000000000000000e+01 -2.364546358585357666e-01
3.900000000000000000e+01 -2.227090299129486084e-01
4.000000000000000000e+01 -2.082137465476989746e-01
4.100000000000000000e+01 -1.930326968431472778e-01
4.200000000000000000e+01 -1.769001185894012451e-01
4.300000000000000000e+01 -1.605516970157623291e-01
4.400000000000000000e+01 -1.442028135061264038e-01
4.500000000000000000e+01 -1.279040873050689697e-01
4.600000000000000000e+01 -1.120710223913192749e-01
4.700000000000000000e+01 -9.650032222270965576e-02
4.800000000000000000e+01 -8.109995722770690918e-02
4.900000000000000000e+01 -6.611136347055435181e-02
5.000000000000000000e+01 -5.137105658650398254e-02
5.100000000000000000e+01 -3.709546104073524475e-02
5.200000000000000000e+01 -2.332285977900028229e-02
5.300000000000000000e+01 -1.037552673369646072e-02
5.400000000000000000e+01 1.673038466833531857e-03
5.500000000000000000e+01 1.284405309706926346e-02
5.600000000000000000e+01 2.304975688457489014e-02
5.700000000000000000e+01 3.212456032633781433e-02
5.800000000000000000e+01 4.096012935042381287e-02
5.900000000000000000e+01 4.893289133906364441e-02
6.000000000000000000e+01 5.602096393704414368e-02
6.100000000000000000e+01 6.235503032803535461e-02
6.200000000000000000e+01 6.824931502342224121e-02
6.300000000000000000e+01 7.365166395902633667e-02
6.400000000000000000e+01 7.865773886442184448e-02
6.500000000000000000e+01 8.273505419492721558e-02
6.600000000000000000e+01 8.639510720968246460e-02
6.700000000000000000e+01 8.889318257570266724e-02
6.800000000000000000e+01 9.034251421689987183e-02
6.900000000000000000e+01 9.089785069227218628e-02
7.000000000000000000e+01 9.021554142236709595e-02
7.100000000000000000e+01 8.883089572191238403e-02
7.200000000000000000e+01 8.621317893266677856e-02
7.300000000000000000e+01 8.270518481731414795e-02
7.400000000000000000e+01 7.885501533746719360e-02
7.500000000000000000e+01 7.458918541669845581e-02
7.600000000000000000e+01 7.037404179573059082e-02
7.700000000000000000e+01 6.631407141685485840e-02
7.800000000000000000e+01 6.256950646638870239e-02
7.900000000000000000e+01 5.962852016091346741e-02
8.000000000000000000e+01 5.712838470935821533e-02
8.100000000000000000e+01 5.488066375255584717e-02
8.200000000000000000e+01 5.256005376577377319e-02
8.300000000000000000e+01 5.012512579560279846e-02
8.400000000000000000e+01 4.733421653509140015e-02
8.500000000000000000e+01 4.453776031732559204e-02
8.600000000000000000e+01 4.171716421842575073e-02
8.700000000000000000e+01 3.930087760090827942e-02
8.800000000000000000e+01 3.730096295475959778e-02
8.900000000000000000e+01 3.579245135188102722e-02
9.000000000000000000e+01 3.412101790308952332e-02
9.100000000000000000e+01 3.227714076638221741e-02
9.200000000000000000e+01 3.034881316125392914e-02
9.300000000000000000e+01 2.837773598730564117e-02
9.400000000000000000e+01 2.664431743323802948e-02
9.500000000000000000e+01 2.486782334744930267e-02
9.600000000000000000e+01 2.249779552221298218e-02
9.700000000000000000e+01 1.991676725447177887e-02
9.800000000000000000e+01 1.658073440194129944e-02
9.900000000000000000e+01 7.705368567258119583e-03
