1.000000000000000000e+00 1.000000000000000000e+00
2.000000000000000000e+00 8.865576386451721191e-01
3.000000000000000000e+00 7.986639738082885742e-01
4.000000000000000000e+00 7.232191562652587891e-01
5.000000000000000000e+00 6.548227071762084961e-01
6.000000000000000000e+00 5.898683071136474609e-01
7.000000000000000000e+00 5.279408693313598633e-01
8.000000000000000000e+00 4.681270718574523926e-01
9.000000000000000000e+00 4.099507927894592285e-01
1.000000000000000000e+01 3.531706929206848145e-01
1.100000000000000000e+01 2.977647185325622559e-01
1.200000000000000000e+01 2.439063191413879395e-01
1.300000000000000000e+01 1.919295787811279297e-01
1.400000000000000000e+01 1.418142765760421753e-01
1.500000000000000000e+01 9.353929758071899414e-02
1.600000000000000000e+01 4.740583151578903198e-02
1.700000000000000000e+01 3.601507749408483505e-03
1.800000000000000000e+01 -3.733626753091812134e-02
1.900000000000000000e+01 -7.517762482166290283e-02
2.000000000000000000e+01 -1.097478419542312622e-01
2.100000000000000000e+01 -1.409257650375366211e-01
2.200000000000000000e+01 -1.681754738092422485e-01
2.300000000000000000e+01 -1.912983357906341553e-01
2.400000000000000000e+01 -2.107542306184768677e-01
2.500000000000000000e+01 -2.262681722640991211e-01
2.600000000000000000e+01 -2.380089908838272095e-01
2.700000000000000000e+01 -2.464018762111663818e-01
2.800000000000000000e+01 -2.513661980628967285e-01
2.900000000000000000e+01 -2.532205283641815186e-01
3.000000000000000000e+01 -2.521153688430786133e-01
3.100000000000000000e+01 -2.486021965742111206e-01
3.200000000000000000e+01 -2.428290694952011108e-01
3.300000000000000000e+01 -2.352476269006729126e-01
3.400000000000000000e+01 -2.256483584642410278e-01
3.500000000000000000e+01 -2.147567719221115112e-01
3.600000000000000000e+01 -2.026002109050750732e-01
3.700000000000000000e+01 -1.894951909780502319e-01
3.800000000000000000e+01 -1.758299171924591064e-01
3.900000000000000000e+01 -1.616728901863098145e-01
4.000000000000000000e+01 -1.471970379352569580e-01
4.100000000000000000e+01 -1.322617679834365845e-01
4.200000000000000000e+01 -1.177360042929649353e-01
4.300000000000000000e+01 -1.031193435192108154e-01
4.400000000000000000e+01 -8.858668804168701172e-02
4.500000000000000000e+01 -7.427415996789932251e-02
4.600000000000000000e+01 -6.079629063606262207e-02
4.700000000000000000e+01 -4.756555333733558655e-02
4.800000000000000000e+01 -3.494658321142196655e-02
4.900000000000000000e+01 -2.320091240108013153e-02
5.000000000000000000e+01 -1.231907028704881668e-02
5.100000000000000000e+01 -2.003936795517802238e-03
5.200000000000000000e+01 7.585810031741857529e-03
5.300000000000000000e+01 1.654813252389431000e-02
5.400000000000000000e+01 2.418448403477668762e-02
5.500000000000000000e+01 3.097336366772651672e-02
5.600000000000000000e+01 3.712043911218643188e-02
5.700000000000000000e+01 4.204368591308593750e-02
5.800000000000000000e+01 4.637638479471206665e-02
5.900000000000000000e+01 4.982033371925354004e-02
6.000000000000000000e+01 5.267335101962089539e-02
6.100000000000000000e+01 5.479325354099273682e-02
6.200000000000000000e+01 5.644434317946434021e-02
6.300000000000000000e+01 5.805440247058868408e-02
6.400000000000000000e+01 5.944916233420372009e-02
6.500000000000000000e+01 5.991887301206588745e-02
6.600000000000000000e+01 6.012547761201858521e-02
6.700000000000000000e+01 5.942655354738235474e-02
6.800000000000000000e+01 5.808792263269424438e-02
6.900000000000000000e+01 5.611152201890945435e-02
7.000000000000000000e+01 5.354661867022514343e-02
7.100000000000000000e+01 5.048794299364089966e-02
7.200000000000000000e+01 4.741793498396873474e-02
7.300000000000000000e+01 4.363643378019332886e-02
7.400000000000000000e+01 3.944166749715805054e-02
7.500000000000000000e+01 3.515620529651641846e-02
7.600000000000000000e+01 3.091226145625114441e-02
7.700000000000000000e+01 2.671952545642852783e-02
7.800000000000000000e+01 2.286102063953876495e-02
7.900000000000000000e+01 1.935732923448085785e-02
8.000000000000000000e+01 1.633015647530555725e-02
8.100000000000000000e+01 1.372927706688642502e-02
8.200000000000000000e+01 1.173099596053361893e-02
8.300000000000000000e+01 1.005206815898418427e-02
8.400000000000000000e+01 8.304920047521591187e-03
8.500000000000000000e+01 5.770018324255943298e-03
8.600000000000000000e+01 4.270919132977724075e-03
8.700000000000000000e+01 2.907725283876061440e-03
8.800000000000000000e+01 1.529946108348667622e-03
8.900000000000000000e+01 5.332896835170686245e-04
9.000000000000000000e+01 -7.317476556636393070e-04
9.100000000000000000e+01 -1.737595302984118462e-03
9.200000000000000000e+01 -2.376637654379010201e-03
9.300000000000000000e+01 -3.236818360164761543e-03
9.400000000000000000e+01 -4.912463482469320297e-03
9.500000000000000000e+01 -6.712639238685369492e-03
9.600000000000000000e+01 -7.550036069005727768e-03
9.700000000000000000e+01 -8.797822520136833191e-03
9.800000000000000000e+01 -1.180802471935749054e-02
9.900000000000000000e+01 -1.337812654674053192e-02
