1.000000000000000000e+00 1.000000000000000000e+00
2.000000000000000000e+00 8.997780084609985352e-01
3.000000000000000000e+00 8.215585350990295410e-01
4.000000000000000000e+00 7.535809278488159180e-01
5.000000000000000000e+00 6.909166574478149414e-01
6.000000000000000000e+00 6.309592723846435547e-01
7.000000000000000000e+00 5.725408792495727539e-01
8.000000000000000000e+00 5.153377652168273926e-01
9.000000000000000000e+00 4.589559435844421387e-01
1.000000000000000000e+01 4.035120308399200439e-01
1.100000000000000000e+01 3.488864004611968994e-01
1.200000000000000000e+01 2.949247062206268311e-01
1.300000000000000000e+01 2.417668700218200684e-01
1.400000000000000000e+01 1.898156106472015381e-01
1.500000000000000000e+01 1.392127275466918945e-01
1.600000000000000000e+01 9.014657139778137207e-02
1.700000000000000000e+01 4.311626404523849487e-02
1.800000000000000000e+01 -1.722645596601068974e-03
1.900000000000000000e+01 -4.419637471437454224e-02
2.000000000000000000e+01 -8.367286622524261475e-02
2.100000000000000000e+01 -1.198248118162155151e-01
2.200000000000000000e+01 -1.525895297527313232e-01
2.300000000000000000e+01 -1.819745004177093506e-01
2.400000000000000000e+01 -2.075357288122177124e-01
2.500000000000000000e+01 -2.291199117898941040e-01
2.600000000000000000e+01 -2.469079941511154175e-01
2.700000000000000000e+01 -2.612458765506744385e-01
2.800000000000000000e+01 -2.721605002880096436e-01
2.900000000000000000e+01 -2.796282470226287842e-01
3.000000000000000000e+01 -2.836954891681671143e-01
3.100000000000000000e+01 -2.848246097564697266e-01
3.200000000000000000e+01 -2.831954658031463623e-01
3.300000000000000000e+01 -2.791093289852142334e-01
3.400000000000000000e+01 -2.726401090621948242e-01
3.500000000000000000e+01 -2.642568051815032959e-01
3.600000000000000000e+01 -2.537029385566711426e-01
3.700000000000000000e+01 -2.414033561944961548e-01
3.800000000000000000e+01 -2.279744148254394531e-01
3.900000000000000000e+01 -2.137872874736785889e-01
4.000000000000000000e+01 -1.990068107843399048e-01
4.100000000000000000e+01 -1.837274879217147827e-01
4.200000000000000000e+01 -1.681911945343017578e-01
4.300000000000000000e+01 -1.525785624980926514e-01
4.400000000000000000e+01 -1.370713263750076294e-01
4.500000000000000000e+01 -1.212492510676383972e-01
4.600000000000000000e+01 -1.055890619754791260e-01
4.700000000000000000e+01 -9.028790146112442017e-02
4.800000000000000000e+01 -7.527679204940795898e-02
4.900000000000000000e+01 -6.043742597103118896e-02
5.000000000000000000e+01 -4.629798606038093567e-02
5.100000000000000000e+01 -3.268743678927421570e-02
5.200000000000000000e+01 -2.000381052494049072e-02
5.300000000000000000e+01 -8.196967653930187225e-03
5.400000000000000000e+01 2.945888089016079903e-03
5.500000000000000000e+01 1.318194158375263214e-02
5.600000000000000000e+01 2.254326827824115753e-02
5.700000000000000000e+01 3.094882145524024963e-02
5.800000000000000000e+01 3.851771354675292969e-02
5.900000000000000000e+01 4.559583216905593872e-02
6.000000000000000000e+01 5.161862820386886597e-02
6.100000000000000000e+01 5.699671432375907898e-02
6.200000000000000000e+01 6.209090724587440491e-02
6.300000000000000000e+01 6.681445240974426270e-02
6.400000000000000000e+01 7.093639671802520752e-02
6.500000000000000000e+01 7.428173720836639404e-02
6.600000000000000000e+01 7.719420641660690308e-02
6.700000000000000000e+01 7.947508990764617920e-02
6.800000000000000000e+01 8.067335933446884155e-02
6.900000000000000000e+01 8.103993535041809082e-02
7.000000000000000000e+01 8.105167001485824585e-02
7.100000000000000000e+01 7.998167723417282104e-02
7.200000000000000000e+01 7.773384451866149902e-02
7.300000000000000000e+01 7.513409852981567383e-02
7.400000000000000000e+01 7.196749746799468994e-02
7.500000000000000000e+01 6.898108869791030884e-02
7.600000000000000000e+01 6.550519913434982300e-02
7.700000000000000000e+01 6.227041408419609070e-02
7.800000000000000000e+01 5.954131856560707092e-02
7.900000000000000000e+01 5.680718272924423218e-02
8.000000000000000000e+01 5.436887964606285095e-02
8.100000000000000000e+01 5.209090933203697205e-02
8.200000000000000000e+01 4.967116937041282654e-02
8.300000000000000000e+01 4.743026196956634521e-02
8.400000000000000000e+01 4.493894800543785095e-02
8.500000000000000000e+01 4.240047931671142578e-02
8.600000000000000000e+01 4.035520926117897034e-02
8.700000000000000000e+01 3.824434056878089905e-02
8.800000000000000000e+01 3.672109916806221008e-02
8.900000000000000000e+01 3.552947565913200378e-02
9.000000000000000000e+01 3.433933854103088379e-02
9.100000000000000000e+01 3.285808861255645752e-02
9.200000000000000000e+01 3.074900433421134949e-02
9.300000000000000000e+01 2.797543443739414215e-02
9.400000000000000000e+01 2.540946938097476959e-02
9.500000000000000000e+01 2.319313026964664459e-02
9.600000000000000000e+01 1.983529329299926758e-02
9.700000000000000000e+01 1.868735067546367645e-02
9.800000000000000000e+01 1.426812075078487396e-02
9.900000000000000000e+01 9.624513797461986542e-03
