1.000000000000000000e+00 1.000000000000000000e+00
2.000000000000000000e+00 8.777931928634643555e-01
3.000000000000000000e+00 7.839651107788085938e-01
4.000000000000000000e+00 7.041516304016113281e-01
5.000000000000000000e+00 6.324408650398254395e-01
6.000000000000000000e+00 5.655050873756408691e-01
7.000000000000000000e+00 5.019490718841552734e-01
8.000000000000000000e+00 4.413324296474456787e-01
9.000000000000000000e+00 3.826477229595184326e-01
1.000000000000000000e+01 3.258849680423736572e-01
1.100000000000000000e+01 2.709392309188842773e-01
1.200000000000000000e+01 2.180272489786148071e-01
1.300000000000000000e+01 1.672854870557785034e-01
1.400000000000000000e+01 1.187123283743858337e-01
1.500000000000000000e+01 7.233599573373794556e-02
1.600000000000000000e+01 2.851807884871959686e-02
1.700000000000000000e+01 -1.258117426186800003e-02
1.800000000000000000e+01 -5.040149390697479248e-02
1.900000000000000000e+01 -8.519016206264495850e-02
2.000000000000000000e+01 -1.167181283235549927e-01
2.100000000000000000e+01 -1.446200460195541382e-01
2.200000000000000000e+01 -1.685835123062133789e-01
2.300000000000000000e+01 -1.886027157306671143e-01
2.400000000000000000e+01 -2.045868933200836182e-01
2.500000000000000000e+01 -2.168719321489334106e-01
2.600000000000000000e+01 -2.256642132997512817e-01
2.700000000000000000e+01 -2.308633774518966675e-01
2.800000000000000000e+01 -2.329722940921783447e-01
2.900000000000000000e+01 -2.324919402599334717e-01
3.000000000000000000e+01 -2.296637892723083496e-01
3.100000000000000000e+01 -2.245698273181915283e-01
3.200000000000000000e+01 -2.174936085939407349e-01
3.300000000000000000e+01 -2.087397426366806030e-01
3.400000000000000000e+01 -1.986347734928131104e-01
3.500000000000000000e+01 -1.875930726528167725e-01
3.600000000000000000e+01 -1.753124147653579712e-01
3.700000000000000000e+01 -1.624857783317565918e-01
3.800000000000000000e+01 -1.492474526166915894e-01
3.900000000000000000e+01 -1.355185061693191528e-01
4.000000000000000000e+01 -1.215412691235542297e-01
4.100000000000000000e+01 -1.076662838459014893e-01
4.200000000000000000e+01 -9.386340528726577759e-02
4.300000000000000000e+01 -8.034418523311614990e-02
4.400000000000000000e+01 -6.714086234569549561e-02
4.500000000000000000e+01 -5.428980290889739990e-02
4.600000000000000000e+01 -4.196032509207725525e-02
4.700000000000000000e+01 -3.055522590875625610e-02
4.800000000000000000e+01 -1.966460607945919037e-02
4.900000000000000000e+01 -9.553826414048671722e-03
5.000000000000000000e+01 -4.240597627358511090e-05
5.100000000000000000e+01 8.610815741121768951e-03
5.200000000000000000e+01 1.675542630255222321e-02
5.300000000000000000e+01 2.393969707190990448e-02
5.400000000000000000e+01 3.018706291913986206e-02
5.500000000000000000e+01 3.576965630054473877e-02
5.600000000000000000e+01 4.040369391441345215e-02
5.700000000000000000e+01 4.387303441762924194e-02
5.800000000000000000e+01 4.625832289457321167e-02
5.900000000000000000e+01 4.851935431361198425e-02
6.000000000000000000e+01 4.997102916240692139e-02
6.100000000000000000e+01 5.075869709253311157e-02
6.200000000000000000e+01 5.065269768238067627e-02
6.300000000000000000e+01 4.963943734765052795e-02
6.400000000000000000e+01 4.827759414911270142e-02
6.500000000000000000e+01 4.676058515906333923e-02
6.600000000000000000e+01 4.449756816029548645e-02
6.700000000000000000e+01 4.145613312721252441e-02
6.800000000000000000e+01 3.878834471106529236e-02
6.900000000000000000e+01 3.609736263751983643e-02
7.000000000000000000e+01 3.341165930032730103e-02
7.100000000000000000e+01 3.069520927965641022e-02
7.200000000000000000e+01 2.732358500361442566e-02
7.300000000000000000e+01 2.350187487900257111e-02
7.400000000000000000e+01 1.992006227374076843e-02
7.500000000000000000e+01 1.684304885566234589e-02
7.600000000000000000e+01 1.322889421135187149e-02
7.700000000000000000e+01 1.001157239079475403e-02
7.800000000000000000e+01 7.326398044824600220e-03
7.900000000000000000e+01 5.564597900956869125e-03
8.000000000000000000e+01 4.720854107290506363e-03
8.100000000000000000e+01 4.072465468198060989e-03
8.200000000000000000e+01 3.296797862276434898e-03
8.300000000000000000e+01 1.726381713524460793e-03
8.400000000000000000e+01 6.843207520432770252e-04
8.500000000000000000e+01 -3.372385690454393625e-04
8.600000000000000000e+01 -1.586059574037790298e-03
8.700000000000000000e+01 -3.474746365100145340e-03
8.800000000000000000e+01 -4.752365872263908386e-03
8.900000000000000000e+01 -5.842628888785839081e-03
9.000000000000000000e+01 -6.600957363843917847e-03
9.100000000000000000e+01 -7.381292991340160370e-03
9.200000000000000000e+01 -7.798192556947469711e-03
9.300000000000000000e+01 -9.535745717585086823e-03
9.400000000000000000e+01 -1.223556231707334518e-02
9.500000000000000000e+01 -1.449187938123941422e-02
9.600000000000000000e+01 -1.465473417192697525e-02
9.700000000000000000e+01 -1.536490116268396378e-02
9.800000000000000000e+01 -1.593264564871788025e-02
9.900000000000000000e+01 -1.656732521951198578e-02
