1.000000000000000000e+00 1.000000000000000000e+00
2.000000000000000000e+00 8.942747116088867188e-01
3.000000000000000000e+00 8.121533989906311035e-01
4.000000000000000000e+00 7.408969402313232422e-01
5.000000000000000000e+00 6.755763888359069824e-01
6.000000000000000000e+00 6.133383512496948242e-01
7.000000000000000000e+00 5.533704161643981934e-01
8.000000000000000000e+00 4.948942661285400391e-01
9.000000000000000000e+00 4.374088048934936523e-01
1.000000000000000000e+01 3.811161518096923828e-01
1.100000000000000000e+01 3.257412016391754150e-01
1.200000000000000000e+01 2.714320421218872070e-01
1.300000000000000000e+01 2.183905839920043945e-01
1.400000000000000000e+01 1.668800562620162964e-01
1.500000000000000000e+01 1.169098988175392151e-01
1.600000000000000000e+01 6.870463490486145020e-02
1.700000000000000000e+01 2.280471846461296082e-02
1.800000000000000000e+01 -2.034427970647811890e-02
1.900000000000000000e+01 -6.070604547858238220e-02
2.000000000000000000e+01 -9.782915562391281128e-02
2.100000000000000000e+01 -1.318572014570236206e-01
2.200000000000000000e+01 -1.619981229305267334e-01
2.300000000000000000e+01 -1.881576478481292725e-01
2.400000000000000000e+01 -2.105725109577178955e-01
2.500000000000000000e+01 -2.293018102645874023e-01
2.600000000000000000e+01 -2.447069138288497925e-01
2.700000000000000000e+01 -2.561382949352264404e-01
2.800000000000000000e+01 -2.641263604164123535e-01
2.900000000000000000e+01 -2.685544788837432861e-01
3.000000000000000000e+01 -2.703439891338348389e-01
3.100000000000000000e+01 -2.692737281322479248e-01
3.200000000000000000e+01 -2.655921876430511475e-01
3.300000000000000000e+01 -2.595958113670349121e-01
3.400000000000000000e+01 -2.517526447772979736e-01
3.500000000000000000e+01 -2.421777993440628052e-01
3.600000000000000000e+01 -2.311507910490036011e-01
3.700000000000000000e+01 -2.185636460781097412e-01
3.800000000000000000e+01 -2.049706280231475830e-01
3.900000000000000000e+01 -1.905128508806228638e-01
4.000000000000000000e+01 -1.755808144807815552e-01
4.100000000000000000e+01 -1.603658497333526611e-01
4.200000000000000000e+01 -1.448989063501358032e-01
4.300000000000000000e+01 -1.294573992490768433e-01
4.400000000000000000e+01 -1.143109127879142761e-01
4.500000000000000000e+01 -9.870597720146179199e-02
4.600000000000000000e+01 -8.325321972370147705e-02
4.700000000000000000e+01 -6.837809830904006958e-02
4.800000000000000000e+01 -5.420625954866409302e-02
4.900000000000000000e+01 -4.062301293015480042e-02
5.000000000000000000e+01 -2.795778214931488037e-02
5.100000000000000000e+01 -1.628859341144561768e-02
5.200000000000000000e+01 -5.256939213722944260e-03
5.300000000000000000e+01 5.333998240530490875e-03
5.400000000000000000e+01 1.462565828114748001e-02
5.500000000000000000e+01 2.310388721525669098e-02
5.600000000000000000e+01 3.093041665852069855e-02
5.700000000000000000e+01 3.796302527189254761e-02
5.800000000000000000e+01 4.414131119847297668e-02
5.900000000000000000e+01 4.997538030147552490e-02
6.000000000000000000e+01 5.517044663429260254e-02
6.100000000000000000e+01 5.929913371801376343e-02
6.200000000000000000e+01 6.255877763032913208e-02
6.300000000000000000e+01 6.535392254590988159e-02
6.400000000000000000e+01 6.747658550739288330e-02
6.500000000000000000e+01 6.911905109882354736e-02
6.600000000000000000e+01 7.009597122669219971e-02
6.700000000000000000e+01 7.044976949691772461e-02
6.800000000000000000e+01 6.988498568534851074e-02
6.900000000000000000e+01 6.826149672269821167e-02
7.000000000000000000e+01 6.630577147006988525e-02
7.100000000000000000e+01 6.398321688175201416e-02
7.200000000000000000e+01 6.080875918269157410e-02
7.300000000000000000e+01 5.708818510174751282e-02
7.400000000000000000e+01 5.298632383346557617e-02
7.500000000000000000e+01 4.873691499233245850e-02
7.600000000000000000e+01 4.489394649863243103e-02
7.700000000000000000e+01 4.110028594732284546e-02
7.800000000000000000e+01 3.764186799526214600e-02
7.900000000000000000e+01 3.443789109587669373e-02
8.000000000000000000e+01 3.194834664463996887e-02
8.100000000000000000e+01 2.982483245432376862e-02
8.200000000000000000e+01 2.809989824891090393e-02
8.300000000000000000e+01 2.641792781651020050e-02
8.400000000000000000e+01 2.508132159709930420e-02
8.500000000000000000e+01 2.373988553881645203e-02
8.600000000000000000e+01 2.207031473517417908e-02
8.700000000000000000e+01 2.081389352679252625e-02
8.800000000000000000e+01 1.940830051898956299e-02
8.900000000000000000e+01 1.751111820340156555e-02
9.000000000000000000e+01 1.551593188196420670e-02
9.100000000000000000e+01 1.379263214766979218e-02
9.200000000000000000e+01 1.210587564855813980e-02
9.300000000000000000e+01 1.040889881551265717e-02
9.400000000000000000e+01 8.965905755758285522e-03
9.500000000000000000e+01 8.217598311603069305e-03
9.600000000000000000e+01 7.142513990402221680e-03
9.700000000000000000e+01 5.879470147192478180e-03
9.800000000000000000e+01 4.830290563404560089e-03
9.900000000000000000e+01 1.145692658610641956e-04
