1.000000000000000000e+00 1.000000000000000000e+00
2.000000000000000000e+00 9.002540111541748047e-01
3.000000000000000000e+00 8.227321505546569824e-01
4.000000000000000000e+00 7.551567554473876953e-01
5.000000000000000000e+00 6.928399801254272461e-01
6.000000000000000000e+00 6.330892443656921387e-01
7.000000000000000000e+00 5.748333334922790527e-01
8.000000000000000000e+00 5.175914764404296875e-01
9.000000000000000000e+00 4.614061415195465088e-01
1.000000000000000000e+01 4.059112071990966797e-01
1.100000000000000000e+01 3.510415256023406982e-01
1.200000000000000000e+01 2.971449494361877441e-01
1.300000000000000000e+01 2.439909577369689941e-01
1.400000000000000000e+01 1.920070499181747437e-01
1.500000000000000000e+01 1.413951963186264038e-01
1.600000000000000000e+01 9.210207313299179077e-02
1.700000000000000000e+01 4.487247765064239502e-02
1.800000000000000000e+01 -2.234304702142253518e-04
1.900000000000000000e+01 -4.279590398073196411e-02
2.000000000000000000e+01 -8.242604881525039673e-02
2.100000000000000000e+01 -1.187396571040153503e-01
2.200000000000000000e+01 -1.516081541776657104e-01
2.300000000000000000e+01 -1.810464262962341309e-01
2.400000000000000000e+01 -2.066856920719146729e-01
2.500000000000000000e+01 -2.285123020410537720e-01
2.600000000000000000e+01 -2.468862384557723999e-01
2.700000000000000000e+01 -2.614719271659851074e-01
2.800000000000000000e+01 -2.725661396980285645e-01
2.900000000000000000e+01 -2.803088724613189697e-01
3.000000000000000000e+01 -2.845337986946105957e-01
3.100000000000000000e+01 -2.857278585433959961e-01
3.200000000000000000e+01 -2.840627729892730713e-01
3.300000000000000000e+01 -2.797583043575286865e-01
3.400000000000000000e+01 -2.732229828834533691e-01
3.500000000000000000e+01 -2.646879851818084717e-01
3.600000000000000000e+01 -2.545943558216094971e-01
3.700000000000000000e+01 -2.433099299669265747e-01
3.800000000000000000e+01 -2.306806892156600952e-01
3.900000000000000000e+01 -2.173065245151519775e-01
4.000000000000000000e+01 -2.027781009674072266e-01
4.100000000000000000e+01 -1.872981935739517212e-01
4.200000000000000000e+01 -1.713602840900421143e-01
4.300000000000000000e+01 -1.551715284585952759e-01
4.400000000000000000e+01 -1.391803026199340820e-01
4.500000000000000000e+01 -1.231843009591102600e-01
4.600000000000000000e+01 -1.073657125234603882e-01
4.700000000000000000e+01 -9.205985069274902344e-02
4.800000000000000000e+01 -7.698585093021392822e-02
4.900000000000000000e+01 -6.194091960787773132e-02
5.000000000000000000e+01 -4.786456748843193054e-02
5.100000000000000000e+01 -3.421276435256004333e-02
5.200000000000000000e+01 -2.105458639562129974e-02
5.300000000000000000e+01 -9.077594615519046783e-03
5.400000000000000000e+01 2.163076074793934822e-03
5.500000000000000000e+01 1.290895976126194000e-02
5.600000000000000000e+01 2.264446951448917389e-02
5.700000000000000000e+01 3.186519443988800049e-02
5.800000000000000000e+01 4.022546857595443726e-02
5.900000000000000000e+01 4.782072827219963074e-02
6.000000000000000000e+01 5.474418774247169495e-02
6.100000000000000000e+01 6.120702251791954041e-02
6.200000000000000000e+01 6.696639955043792725e-02
6.300000000000000000e+01 7.208945602178573608e-02
6.400000000000000000e+01 7.673855125904083252e-02
6.500000000000000000e+01 8.078668266534805298e-02
6.600000000000000000e+01 8.369404822587966919e-02
6.700000000000000000e+01 8.570616692304611206e-02
6.800000000000000000e+01 8.667655289173126221e-02
6.900000000000000000e+01 8.664130419492721558e-02
7.000000000000000000e+01 8.580967038869857788e-02
7.100000000000000000e+01 8.390236645936965942e-02
7.200000000000000000e+01 8.111874759197235107e-02
7.300000000000000000e+01 7.782644033432006836e-02
7.400000000000000000e+01 7.399125397205352783e-02
7.500000000000000000e+01 6.996901333332061768e-02
7.600000000000000000e+01 6.597306579351425171e-02
7.700000000000000000e+01 6.218583881855010986e-02
7.800000000000000000e+01 5.866149812936782837e-02
7.900000000000000000e+01 5.567388609051704407e-02
8.000000000000000000e+01 5.292202159762382507e-02
8.100000000000000000e+01 4.968830943107604980e-02
8.200000000000000000e+01 4.670044034719467163e-02
8.300000000000000000e+01 4.375470057129859924e-02
8.400000000000000000e+01 4.108684882521629333e-02
8.500000000000000000e+01 3.880407661199569702e-02
8.600000000000000000e+01 3.719699010252952576e-02
8.700000000000000000e+01 3.563286736607551575e-02
8.800000000000000000e+01 3.383228555321693420e-02
8.900000000000000000e+01 3.190485015511512756e-02
9.000000000000000000e+01 3.038417920470237732e-02
9.100000000000000000e+01 2.845279686152935028e-02
9.200000000000000000e+01 2.594014629721641541e-02
9.300000000000000000e+01 2.431205846369266510e-02
9.400000000000000000e+01 2.280418202280998230e-02
9.500000000000000000e+01 2.145618200302124023e-02
9.600000000000000000e+01 1.853099651634693146e-02
9.700000000000000000e+01 1.633515767753124237e-02
9.800000000000000000e+01 1.181225571781396866e-02
9.900000000000000000e+01 6.296415813267230988e-03
