1.000000000000000000e+00 1.000000000000000000e+00
2.000000000000000000e+00 9.027150869369506836e-01
3.000000000000000000e+00 8.265531659126281738e-01
4.000000000000000000e+00 7.601937055587768555e-01
5.000000000000000000e+00 6.988085508346557617e-01
6.000000000000000000e+00 6.397910118103027344e-01
7.000000000000000000e+00 5.820686221122741699e-01
8.000000000000000000e+00 5.251473188400268555e-01
9.000000000000000000e+00 4.692083001136779785e-01
1.000000000000000000e+01 4.139893352985382080e-01
1.100000000000000000e+01 3.594371974468231201e-01
1.200000000000000000e+01 3.055164813995361328e-01
1.300000000000000000e+01 2.526144087314605713e-01
1.400000000000000000e+01 2.006718814373016357e-01
1.500000000000000000e+01 1.498197764158248901e-01
1.600000000000000000e+01 1.003912165760993958e-01
1.700000000000000000e+01 5.285881087183952332e-02
1.800000000000000000e+01 7.200024556368589401e-03
1.900000000000000000e+01 -3.613811358809471130e-02
2.000000000000000000e+01 -7.664119452238082886e-02
2.100000000000000000e+01 -1.141523122787475586e-01
2.200000000000000000e+01 -1.484838873147964478e-01
2.300000000000000000e+01 -1.794131547212600708e-01
2.400000000000000000e+01 -2.066899985074996948e-01
2.500000000000000000e+01 -2.300287038087844849e-01
2.600000000000000000e+01 -2.496144473552703857e-01
2.700000000000000000e+01 -2.654181420803070068e-01
2.800000000000000000e+01 -2.776803076267242432e-01
2.900000000000000000e+01 -2.864877879619598389e-01
3.000000000000000000e+01 -2.916551828384399414e-01
3.100000000000000000e+01 -2.935730516910552979e-01
3.200000000000000000e+01 -2.924601137638092041e-01
3.300000000000000000e+01 -2.889894843101501465e-01
3.400000000000000000e+01 -2.832021117210388184e-01
3.500000000000000000e+01 -2.753658294677734375e-01
3.600000000000000000e+01 -2.659162282943725586e-01
3.700000000000000000e+01 -2.548179626464843750e-01
3.800000000000000000e+01 -2.422101050615310669e-01
3.900000000000000000e+01 -2.285073548555374146e-01
4.000000000000000000e+01 -2.140153050422668457e-01
4.100000000000000000e+01 -1.987919807434082031e-01
4.200000000000000000e+01 -1.829535216093063354e-01
4.300000000000000000e+01 -1.666788309812545776e-01
4.400000000000000000e+01 -1.500945389270782471e-01
4.500000000000000000e+01 -1.332878321409225464e-01
4.600000000000000000e+01 -1.164825856685638428e-01
4.700000000000000000e+01 -9.959316253662109375e-02
4.800000000000000000e+01 -8.312525600194931030e-02
4.900000000000000000e+01 -6.770644336938858032e-02
5.000000000000000000e+01 -5.258634313941001892e-02
5.100000000000000000e+01 -3.790477663278579712e-02
5.200000000000000000e+01 -2.414120733737945557e-02
5.300000000000000000e+01 -1.091103069484233856e-02
5.400000000000000000e+01 1.227509463205933571e-03
5.500000000000000000e+01 1.298522762954235077e-02
5.600000000000000000e+01 2.362187393009662628e-02
5.700000000000000000e+01 3.357475996017456055e-02
5.800000000000000000e+01 4.249076545238494873e-02
5.900000000000000000e+01 5.068884789943695068e-02
6.000000000000000000e+01 5.788814276456832886e-02
6.100000000000000000e+01 6.442470103502273560e-02
6.200000000000000000e+01 7.032874226570129395e-02
6.300000000000000000e+01 7.519781589508056641e-02
6.400000000000000000e+01 7.946411520242691040e-02
6.500000000000000000e+01 8.376049250364303589e-02
6.600000000000000000e+01 8.731499314308166504e-02
6.700000000000000000e+01 9.009199589490890503e-02
6.800000000000000000e+01 9.173251688480377197e-02
6.900000000000000000e+01 9.231724590063095093e-02
7.000000000000000000e+01 9.151756763458251953e-02
7.100000000000000000e+01 8.975013345479965210e-02
7.200000000000000000e+01 8.685255050659179688e-02
7.300000000000000000e+01 8.316921442747116089e-02
7.400000000000000000e+01 7.887300103902816772e-02
7.500000000000000000e+01 7.461354881525039673e-02
7.600000000000000000e+01 7.006244361400604248e-02
7.700000000000000000e+01 6.570916622877120972e-02
7.800000000000000000e+01 6.233848631381988525e-02
7.900000000000000000e+01 5.945191904902458191e-02
8.000000000000000000e+01 5.702638253569602966e-02
8.100000000000000000e+01 5.471661686897277832e-02
8.200000000000000000e+01 5.234190821647644043e-02
8.300000000000000000e+01 5.026564374566078186e-02
8.400000000000000000e+01 4.817221686244010925e-02
8.500000000000000000e+01 4.583879932761192322e-02
8.600000000000000000e+01 4.384694248437881470e-02
8.700000000000000000e+01 4.188648611307144165e-02
8.800000000000000000e+01 3.993298113346099854e-02
8.900000000000000000e+01 3.802347928285598755e-02
9.000000000000000000e+01 3.581977635622024536e-02
9.100000000000000000e+01 3.444911167025566101e-02
9.200000000000000000e+01 3.260638192296028137e-02
9.300000000000000000e+01 3.106456622481346130e-02
9.400000000000000000e+01 2.912888117134571075e-02
9.500000000000000000e+01 2.763971686363220215e-02
9.600000000000000000e+01 2.507177926599979401e-02
9.700000000000000000e+01 2.117399498820304871e-02
9.800000000000000000e+01 1.798071153461933136e-02
9.900000000000000000e+01 1.492433156818151474e-02
