1.000000000000000000e+00 1.000000000000000000e+00
2.000000000000000000e+00 8.900409936904907227e-01
3.000000000000000000e+00 8.046994209289550781e-01
4.000000000000000000e+00 7.310480475425720215e-01
5.000000000000000000e+00 6.638350486755371094e-01
6.000000000000000000e+00 6.001324653625488281e-01
7.000000000000000000e+00 5.387496352195739746e-01
8.000000000000000000e+00 4.791579246520996094e-01
9.000000000000000000e+00 4.211319088935852051e-01
1.000000000000000000e+01 3.644081056118011475e-01
1.100000000000000000e+01 3.089795112609863281e-01
1.200000000000000000e+01 2.548112571239471436e-01
1.300000000000000000e+01 2.019391655921936035e-01
1.400000000000000000e+01 1.506501883268356323e-01
1.500000000000000000e+01 1.014011725783348083e-01
1.600000000000000000e+01 5.430442467331886292e-02
1.700000000000000000e+01 9.652302600443363190e-03
1.800000000000000000e+01 -3.226407989859580994e-02
1.900000000000000000e+01 -7.117693871259689331e-02
2.000000000000000000e+01 -1.069097444415092468e-01
2.100000000000000000e+01 -1.390514075756072998e-01
2.200000000000000000e+01 -1.673232614994049072e-01
2.300000000000000000e+01 -1.917351633310317993e-01
2.400000000000000000e+01 -2.125057429075241089e-01
2.500000000000000000e+01 -2.296050339937210083e-01
2.600000000000000000e+01 -2.427592873573303223e-01
2.700000000000000000e+01 -2.522812187671661377e-01
2.800000000000000000e+01 -2.584377527236938477e-01
2.900000000000000000e+01 -2.613028883934020996e-01
3.000000000000000000e+01 -2.612951099872589111e-01
3.100000000000000000e+01 -2.588590681552886963e-01
3.200000000000000000e+01 -2.536959946155548096e-01
3.300000000000000000e+01 -2.464604079723358154e-01
3.400000000000000000e+01 -2.373234778642654419e-01
3.500000000000000000e+01 -2.264781296253204346e-01
3.600000000000000000e+01 -2.138716280460357666e-01
3.700000000000000000e+01 -2.004098445177078247e-01
3.800000000000000000e+01 -1.861937791109085083e-01
3.900000000000000000e+01 -1.716266423463821411e-01
4.000000000000000000e+01 -1.570795774459838867e-01
4.100000000000000000e+01 -1.420279741287231445e-01
4.200000000000000000e+01 -1.267206668853759766e-01
4.300000000000000000e+01 -1.113281548023223877e-01
4.400000000000000000e+01 -9.626699239015579224e-02
4.500000000000000000e+01 -8.190145343542098999e-02
4.600000000000000000e+01 -6.835684180259704590e-02
4.700000000000000000e+01 -5.520398914813995361e-02
4.800000000000000000e+01 -4.232910647988319397e-02
4.900000000000000000e+01 -3.020636551082134247e-02
5.000000000000000000e+01 -1.833140291273593903e-02
5.100000000000000000e+01 -7.197665516287088394e-03
5.200000000000000000e+01 3.227343782782554626e-03
5.300000000000000000e+01 1.253330428153276443e-02
5.400000000000000000e+01 2.144487388432025909e-02
5.500000000000000000e+01 2.931446582078933716e-02
5.600000000000000000e+01 3.604230657219886780e-02
5.700000000000000000e+01 4.215916246175765991e-02
5.800000000000000000e+01 4.721301048994064331e-02
5.900000000000000000e+01 5.175909027457237244e-02
6.000000000000000000e+01 5.568747967481613159e-02
6.100000000000000000e+01 5.922303348779678345e-02
6.200000000000000000e+01 6.184632331132888794e-02
6.300000000000000000e+01 6.381827592849731445e-02
6.400000000000000000e+01 6.550942361354827881e-02
6.500000000000000000e+01 6.638799607753753662e-02
6.600000000000000000e+01 6.643982976675033569e-02
6.700000000000000000e+01 6.576713174581527710e-02
6.800000000000000000e+01 6.489339470863342285e-02
6.900000000000000000e+01 6.309828162193298340e-02
7.000000000000000000e+01 6.117751449346542358e-02
7.100000000000000000e+01 5.881361290812492371e-02
7.200000000000000000e+01 5.610456690192222595e-02
7.300000000000000000e+01 5.312677845358848572e-02
7.400000000000000000e+01 4.992826655507087708e-02
7.500000000000000000e+01 4.621476680040359497e-02
7.600000000000000000e+01 4.214181005954742432e-02
7.700000000000000000e+01 3.842338919639587402e-02
7.800000000000000000e+01 3.451944887638092041e-02
7.900000000000000000e+01 3.055268153548240662e-02
8.000000000000000000e+01 2.648348174989223480e-02
8.100000000000000000e+01 2.311611175537109375e-02
8.200000000000000000e+01 2.056510746479034424e-02
8.300000000000000000e+01 1.821629144251346588e-02
8.400000000000000000e+01 1.583268307149410248e-02
8.500000000000000000e+01 1.371507160365581512e-02
8.600000000000000000e+01 1.112487353384494781e-02
8.700000000000000000e+01 9.135414846241474152e-03
8.800000000000000000e+01 8.033844642341136932e-03
8.900000000000000000e+01 6.740124430507421494e-03
9.000000000000000000e+01 4.883848596364259720e-03
9.100000000000000000e+01 3.685752628371119499e-03
9.200000000000000000e+01 2.632480114698410034e-03
9.300000000000000000e+01 1.439495943486690521e-03
9.400000000000000000e+01 -1.507419074187055230e-04
9.500000000000000000e+01 -1.362753566354513168e-03
9.600000000000000000e+01 -3.572173183783888817e-03
9.700000000000000000e+01 -5.668734665960073471e-03
9.800000000000000000e+01 -6.241436582058668137e-03
9.900000000000000000e+01 -2.235412830486893654e-03
