1.000000000000000000e+00 1.000000000000000000e+00
2.000000000000000000e+00 8.992884755134582520e-01
3.000000000000000000e+00 8.206772804260253906e-01
4.000000000000000000e+00 7.521640062332153320e-01
5.000000000000000000e+00 6.890961527824401855e-01
6.000000000000000000e+00 6.287891268730163574e-01
7.000000000000000000e+00 5.700870752334594727e-01
8.000000000000000000e+00 5.125911235809326172e-01
9.000000000000000000e+00 4.562386870384216309e-01
1.000000000000000000e+01 4.007230401039123535e-01
1.100000000000000000e+01 3.457662165164947510e-01
1.200000000000000000e+01 2.918133735656738281e-01
1.300000000000000000e+01 2.388177514076232910e-01
1.400000000000000000e+01 1.871147900819778442e-01
1.500000000000000000e+01 1.367738097906112671e-01
1.600000000000000000e+01 8.816100656986236572e-02
1.700000000000000000e+01 4.126314073801040649e-02
1.800000000000000000e+01 -3.353035543113946915e-03
1.900000000000000000e+01 -4.526240006089210510e-02
2.000000000000000000e+01 -8.423049002885818481e-02
2.100000000000000000e+01 -1.206168979406356812e-01
2.200000000000000000e+01 -1.533371657133102417e-01
2.300000000000000000e+01 -1.824087649583816528e-01
2.400000000000000000e+01 -2.078006863594055176e-01
2.500000000000000000e+01 -2.290959507226943970e-01
2.600000000000000000e+01 -2.464980483055114746e-01
2.700000000000000000e+01 -2.603510916233062744e-01
2.800000000000000000e+01 -2.708296179771423340e-01
2.900000000000000000e+01 -2.778253555297851562e-01
3.000000000000000000e+01 -2.819253206253051758e-01
3.100000000000000000e+01 -2.827733457088470459e-01
3.200000000000000000e+01 -2.808271646499633789e-01
3.300000000000000000e+01 -2.765809595584869385e-01
3.400000000000000000e+01 -2.699980735778808594e-01
3.500000000000000000e+01 -2.620319128036499023e-01
3.600000000000000000e+01 -2.520173788070678711e-01
3.700000000000000000e+01 -2.402625530958175659e-01
3.800000000000000000e+01 -2.272637039422988892e-01
3.900000000000000000e+01 -2.134318947792053223e-01
4.000000000000000000e+01 -1.986059099435806274e-01
4.100000000000000000e+01 -1.832955926656723022e-01
4.200000000000000000e+01 -1.675197035074234009e-01
4.300000000000000000e+01 -1.516254991292953491e-01
4.400000000000000000e+01 -1.356376856565475464e-01
4.500000000000000000e+01 -1.198875382542610168e-01
4.600000000000000000e+01 -1.042657271027565002e-01
4.700000000000000000e+01 -8.872344344854354858e-02
4.800000000000000000e+01 -7.389882951974868774e-02
4.900000000000000000e+01 -5.927186086773872375e-02
5.000000000000000000e+01 -4.539811611175537109e-02
5.100000000000000000e+01 -3.209127485752105713e-02
5.200000000000000000e+01 -1.940225251019001007e-02
5.300000000000000000e+01 -7.551391609013080597e-03
5.400000000000000000e+01 3.755266778171062469e-03
5.500000000000000000e+01 1.386117562651634216e-02
5.600000000000000000e+01 2.297310158610343933e-02
5.700000000000000000e+01 3.125590085983276367e-02
5.800000000000000000e+01 3.908696398138999939e-02
5.900000000000000000e+01 4.587942361831665039e-02
6.000000000000000000e+01 5.207639932632446289e-02
6.100000000000000000e+01 5.756545066833496094e-02
6.200000000000000000e+01 6.276349723339080811e-02
6.300000000000000000e+01 6.753614544868469238e-02
6.400000000000000000e+01 7.123291492462158203e-02
6.500000000000000000e+01 7.490286976099014282e-02
6.600000000000000000e+01 7.775888592004776001e-02
6.700000000000000000e+01 7.967332750558853149e-02
6.800000000000000000e+01 8.070088177919387817e-02
6.900000000000000000e+01 8.097774535417556763e-02
7.000000000000000000e+01 8.025881648063659668e-02
7.100000000000000000e+01 7.856360077857971191e-02
7.200000000000000000e+01 7.634913921356201172e-02
7.300000000000000000e+01 7.326956093311309814e-02
7.400000000000000000e+01 6.977254897356033325e-02
7.500000000000000000e+01 6.635519117116928101e-02
7.600000000000000000e+01 6.278276443481445312e-02
7.700000000000000000e+01 5.895694717764854431e-02
7.800000000000000000e+01 5.531124770641326904e-02
7.900000000000000000e+01 5.216135084629058838e-02
8.000000000000000000e+01 4.964301362633705139e-02
8.100000000000000000e+01 4.696999862790107727e-02
8.200000000000000000e+01 4.471973702311515808e-02
8.300000000000000000e+01 4.270743578672409058e-02
8.400000000000000000e+01 4.092916846275329590e-02
8.500000000000000000e+01 3.943388909101486206e-02
8.600000000000000000e+01 3.842044994235038757e-02
8.700000000000000000e+01 3.717700019478797913e-02
8.800000000000000000e+01 3.635563701391220093e-02
8.900000000000000000e+01 3.543132543563842773e-02
9.000000000000000000e+01 3.450592234730720520e-02
9.100000000000000000e+01 3.350967541337013245e-02
9.200000000000000000e+01 3.235996142029762268e-02
9.300000000000000000e+01 3.135314211249351501e-02
9.400000000000000000e+01 3.015290759503841400e-02
9.500000000000000000e+01 2.876487933099269867e-02
9.600000000000000000e+01 2.682048827409744263e-02
9.700000000000000000e+01 2.341617085039615631e-02
9.800000000000000000e+01 2.006409876048564911e-02
9.900000000000000000e+01 1.934140920639038086e-02
