1.000000000000000000e+00 1.000000000000000000e+00
2.000000000000000000e+00 8.960975408554077148e-01
3.000000000000000000e+00 8.151726126670837402e-01
4.000000000000000000e+00 7.449781894683837891e-01
5.000000000000000000e+00 6.805369257926940918e-01
6.000000000000000000e+00 6.187194585800170898e-01
7.000000000000000000e+00 5.591869950294494629e-01
8.000000000000000000e+00 5.012103915214538574e-01
9.000000000000000000e+00 4.444999694824218750e-01
1.000000000000000000e+01 3.886398673057556152e-01
1.100000000000000000e+01 3.334105610847473145e-01
1.200000000000000000e+01 2.793465554714202881e-01
1.300000000000000000e+01 2.263150513172149658e-01
1.400000000000000000e+01 1.745418310165405273e-01
1.500000000000000000e+01 1.243977621197700500e-01
1.600000000000000000e+01 7.607369124889373779e-02
1.700000000000000000e+01 2.989937923848628998e-02
1.800000000000000000e+01 -1.367101445794105530e-02
1.900000000000000000e+01 -5.448757112026214600e-02
2.000000000000000000e+01 -9.233169257640838623e-02
2.100000000000000000e+01 -1.269856691360473633e-01
2.200000000000000000e+01 -1.581392288208007812e-01
2.300000000000000000e+01 -1.854328364133834839e-01
2.400000000000000000e+01 -2.088711261749267578e-01
2.500000000000000000e+01 -2.287405133247375488e-01
2.600000000000000000e+01 -2.452544122934341431e-01
2.700000000000000000e+01 -2.580696344375610352e-01
2.800000000000000000e+01 -2.673928439617156982e-01
2.900000000000000000e+01 -2.734865248203277588e-01
3.000000000000000000e+01 -2.763984203338623047e-01
3.100000000000000000e+01 -2.763461470603942871e-01
3.200000000000000000e+01 -2.733954489231109619e-01
3.300000000000000000e+01 -2.679584622383117676e-01
3.400000000000000000e+01 -2.604249417781829834e-01
3.500000000000000000e+01 -2.508893311023712158e-01
3.600000000000000000e+01 -2.401168346405029297e-01
3.700000000000000000e+01 -2.282115966081619263e-01
3.800000000000000000e+01 -2.150437384843826294e-01
3.900000000000000000e+01 -2.009674608707427979e-01
4.000000000000000000e+01 -1.861754804849624634e-01
4.100000000000000000e+01 -1.709724068641662598e-01
4.200000000000000000e+01 -1.553608775138854980e-01
4.300000000000000000e+01 -1.395633518695831299e-01
4.400000000000000000e+01 -1.238245517015457153e-01
4.500000000000000000e+01 -1.080938652157783508e-01
4.600000000000000000e+01 -9.274777770042419434e-02
4.700000000000000000e+01 -7.765140384435653687e-02
4.800000000000000000e+01 -6.330362707376480103e-02
4.900000000000000000e+01 -4.930580034852027893e-02
5.000000000000000000e+01 -3.587223216891288757e-02
5.100000000000000000e+01 -2.309388294816017151e-02
5.200000000000000000e+01 -1.141350530087947845e-02
5.300000000000000000e+01 -3.815804375335574150e-04
5.400000000000000000e+01 1.004015561193227768e-02
5.500000000000000000e+01 1.960636302828788757e-02
5.600000000000000000e+01 2.809967100620269775e-02
5.700000000000000000e+01 3.605005517601966858e-02
5.800000000000000000e+01 4.310151189565658569e-02
5.900000000000000000e+01 4.939721897244453430e-02
6.000000000000000000e+01 5.482698976993560791e-02
6.100000000000000000e+01 6.010475009679794312e-02
6.200000000000000000e+01 6.435068696737289429e-02
6.300000000000000000e+01 6.777663528919219971e-02
6.400000000000000000e+01 7.067797333002090454e-02
6.500000000000000000e+01 7.307318598031997681e-02
6.600000000000000000e+01 7.486588507890701294e-02
6.700000000000000000e+01 7.613880187273025513e-02
6.800000000000000000e+01 7.623746991157531738e-02
6.900000000000000000e+01 7.569433748722076416e-02
7.000000000000000000e+01 7.443591207265853882e-02
7.100000000000000000e+01 7.242142409086227417e-02
7.200000000000000000e+01 6.959861516952514648e-02
7.300000000000000000e+01 6.615387648344039917e-02
7.400000000000000000e+01 6.220445036888122559e-02
7.500000000000000000e+01 5.798905715346336365e-02
7.600000000000000000e+01 5.371203273534774780e-02
7.700000000000000000e+01 5.024046823382377625e-02
7.800000000000000000e+01 4.709245264530181885e-02
7.900000000000000000e+01 4.412830993533134460e-02
8.000000000000000000e+01 4.133892431855201721e-02
8.100000000000000000e+01 3.855248540639877319e-02
8.200000000000000000e+01 3.608464822173118591e-02
8.300000000000000000e+01 3.391399607062339783e-02
8.400000000000000000e+01 3.192368149757385254e-02
8.500000000000000000e+01 3.024763986468315125e-02
8.600000000000000000e+01 2.916094847023487091e-02
8.700000000000000000e+01 2.752651087939739227e-02
8.800000000000000000e+01 2.582384087145328522e-02
8.900000000000000000e+01 2.418890967965126038e-02
9.000000000000000000e+01 2.265328727662563324e-02
9.100000000000000000e+01 2.074643410742282867e-02
9.200000000000000000e+01 1.852175965905189514e-02
9.300000000000000000e+01 1.649390719830989838e-02
9.400000000000000000e+01 1.424937043339014053e-02
9.500000000000000000e+01 1.163897290825843811e-02
9.600000000000000000e+01 8.818794041872024536e-03
9.700000000000000000e+01 5.089779384434223175e-03
9.800000000000000000e+01 2.812799299135804176e-03
9.900000000000000000e+01 1.279215328395366669e-03
