1.000000000000000000e+00 1.000000000000000000e+00
2.000000000000000000e+00 9.003542065620422363e-01
3.000000000000000000e+00 8.225933313369750977e-01
4.000000000000000000e+00 7.548478245735168457e-01
5.000000000000000000e+00 6.922652721405029297e-01
6.000000000000000000e+00 6.326531767845153809e-01
7.000000000000000000e+00 5.747019648551940918e-01
8.000000000000000000e+00 5.177645683288574219e-01
9.000000000000000000e+00 4.615058898925781250e-01
1.000000000000000000e+01 4.061082303524017334e-01
1.100000000000000000e+01 3.515498042106628418e-01
1.200000000000000000e+01 2.977160513401031494e-01
1.300000000000000000e+01 2.446313053369522095e-01
1.400000000000000000e+01 1.924659758806228638e-01
1.500000000000000000e+01 1.417891383171081543e-01
1.600000000000000000e+01 9.290343523025512695e-02
1.700000000000000000e+01 4.576129093766212463e-02
1.800000000000000000e+01 8.103812579065561295e-04
1.900000000000000000e+01 -4.160394892096519470e-02
2.000000000000000000e+01 -8.102579414844512939e-02
2.100000000000000000e+01 -1.173171624541282654e-01
2.200000000000000000e+01 -1.504206359386444092e-01
2.300000000000000000e+01 -1.800477653741836548e-01
2.400000000000000000e+01 -2.062174975872039795e-01
2.500000000000000000e+01 -2.283695489168167114e-01
2.600000000000000000e+01 -2.465538829565048218e-01
2.700000000000000000e+01 -2.613248825073242188e-01
2.800000000000000000e+01 -2.721128463745117188e-01
2.900000000000000000e+01 -2.794028520584106445e-01
3.000000000000000000e+01 -2.838143706321716309e-01
3.100000000000000000e+01 -2.855301797389984131e-01
3.200000000000000000e+01 -2.841910719871520996e-01
3.300000000000000000e+01 -2.802917659282684326e-01
3.400000000000000000e+01 -2.739874422550201416e-01
3.500000000000000000e+01 -2.655835151672363281e-01
3.600000000000000000e+01 -2.555824220180511475e-01
3.700000000000000000e+01 -2.442344874143600464e-01
3.800000000000000000e+01 -2.315357923507690430e-01
3.900000000000000000e+01 -2.177561223506927490e-01
4.000000000000000000e+01 -2.031678110361099243e-01
4.100000000000000000e+01 -1.880495101213455200e-01
4.200000000000000000e+01 -1.724677830934524536e-01
4.300000000000000000e+01 -1.567559093236923218e-01
4.400000000000000000e+01 -1.406665891408920288e-01
4.500000000000000000e+01 -1.245349720120429993e-01
4.600000000000000000e+01 -1.086524873971939087e-01
4.700000000000000000e+01 -9.317839145660400391e-02
4.800000000000000000e+01 -7.795817404985427856e-02
4.900000000000000000e+01 -6.316417455673217773e-02
5.000000000000000000e+01 -4.869928956031799316e-02
5.100000000000000000e+01 -3.453968092799186707e-02
5.200000000000000000e+01 -2.126150391995906830e-02
5.300000000000000000e+01 -9.132716804742813110e-03
5.400000000000000000e+01 2.240537898615002632e-03
5.500000000000000000e+01 1.290677767246961594e-02
5.600000000000000000e+01 2.268022857606410980e-02
5.700000000000000000e+01 3.169225528836250305e-02
5.800000000000000000e+01 3.997568786144256592e-02
5.900000000000000000e+01 4.746146500110626221e-02
6.000000000000000000e+01 5.465934053063392639e-02
6.100000000000000000e+01 6.099509820342063904e-02
6.200000000000000000e+01 6.686092913150787354e-02
6.300000000000000000e+01 7.194663584232330322e-02
6.400000000000000000e+01 7.626365125179290771e-02
6.500000000000000000e+01 8.036402612924575806e-02
6.600000000000000000e+01 8.352308720350265503e-02
6.700000000000000000e+01 8.574079722166061401e-02
6.800000000000000000e+01 8.718221634626388550e-02
6.900000000000000000e+01 8.738040924072265625e-02
7.000000000000000000e+01 8.675085753202438354e-02
7.100000000000000000e+01 8.505650609731674194e-02
7.200000000000000000e+01 8.250802010297775269e-02
7.300000000000000000e+01 7.904426753520965576e-02
7.400000000000000000e+01 7.544121891260147095e-02
7.500000000000000000e+01 7.153587043285369873e-02
7.600000000000000000e+01 6.753357499837875366e-02
7.700000000000000000e+01 6.382099539041519165e-02
7.800000000000000000e+01 6.044461205601692200e-02
7.900000000000000000e+01 5.708879232406616211e-02
8.000000000000000000e+01 5.449797213077545166e-02
8.100000000000000000e+01 5.190803855657577515e-02
8.200000000000000000e+01 4.952296242117881775e-02
8.300000000000000000e+01 4.676239192485809326e-02
8.400000000000000000e+01 4.450449720025062561e-02
8.500000000000000000e+01 4.247619584202766418e-02
8.600000000000000000e+01 4.041990265250205994e-02
8.700000000000000000e+01 3.865801542997360229e-02
8.800000000000000000e+01 3.640904277563095093e-02
8.900000000000000000e+01 3.447053208947181702e-02
9.000000000000000000e+01 3.252966329455375671e-02
9.100000000000000000e+01 3.010866604745388031e-02
9.200000000000000000e+01 2.799963578581809998e-02
9.300000000000000000e+01 2.599348686635494232e-02
9.400000000000000000e+01 2.374721877276897430e-02
9.500000000000000000e+01 2.190344966948032379e-02
9.600000000000000000e+01 1.912455260753631592e-02
9.700000000000000000e+01 1.706661283969879150e-02
9.800000000000000000e+01 1.748415455222129822e-02
9.900000000000000000e+01 1.550205238163471222e-02
