1.000000000000000000e+00 1.000000000000000000e+00
2.000000000000000000e+00 9.024746417999267578e-01
3.000000000000000000e+00 8.262055516242980957e-01
4.000000000000000000e+00 7.601054310798645020e-01
5.000000000000000000e+00 6.987630724906921387e-01
6.000000000000000000e+00 6.396533250808715820e-01
7.000000000000000000e+00 5.823625326156616211e-01
8.000000000000000000e+00 5.258984565734863281e-01
9.000000000000000000e+00 4.702115654945373535e-01
1.000000000000000000e+01 4.149271845817565918e-01
1.100000000000000000e+01 3.603508770465850830e-01
1.200000000000000000e+01 3.063308000564575195e-01
1.300000000000000000e+01 2.532885670661926270e-01
1.400000000000000000e+01 2.009063065052032471e-01
1.500000000000000000e+01 1.500338017940521240e-01
1.600000000000000000e+01 1.006048694252967834e-01
1.700000000000000000e+01 5.292525514960289001e-02
1.800000000000000000e+01 7.370965089648962021e-03
1.900000000000000000e+01 -3.586362302303314209e-02
2.000000000000000000e+01 -7.643179595470428467e-02
2.100000000000000000e+01 -1.142399162054061890e-01
2.200000000000000000e+01 -1.489005237817764282e-01
2.300000000000000000e+01 -1.799600124359130859e-01
2.400000000000000000e+01 -2.073516994714736938e-01
2.500000000000000000e+01 -2.310544401407241821e-01
2.600000000000000000e+01 -2.507209181785583496e-01
2.700000000000000000e+01 -2.666108012199401855e-01
2.800000000000000000e+01 -2.788312733173370361e-01
2.900000000000000000e+01 -2.876654863357543945e-01
3.000000000000000000e+01 -2.927967607975006104e-01
3.100000000000000000e+01 -2.950060367584228516e-01
3.200000000000000000e+01 -2.943649590015411377e-01
3.300000000000000000e+01 -2.910821139812469482e-01
3.400000000000000000e+01 -2.855950891971588135e-01
3.500000000000000000e+01 -2.777045667171478271e-01
3.600000000000000000e+01 -2.676713466644287109e-01
3.700000000000000000e+01 -2.561622262001037598e-01
3.800000000000000000e+01 -2.434385269880294800e-01
3.900000000000000000e+01 -2.293062508106231689e-01
4.000000000000000000e+01 -2.145191729068756104e-01
4.100000000000000000e+01 -1.989097744226455688e-01
4.200000000000000000e+01 -1.825468093156814575e-01
4.300000000000000000e+01 -1.657023876905441284e-01
4.400000000000000000e+01 -1.489954888820648193e-01
4.500000000000000000e+01 -1.321285218000411987e-01
4.600000000000000000e+01 -1.155382320284843445e-01
4.700000000000000000e+01 -9.911327064037322998e-02
4.800000000000000000e+01 -8.298174291849136353e-02
4.900000000000000000e+01 -6.710664927959442139e-02
5.000000000000000000e+01 -5.151194706559181213e-02
5.100000000000000000e+01 -3.644393011927604675e-02
5.200000000000000000e+01 -2.223354205489158630e-02
5.300000000000000000e+01 -8.709172718226909637e-03
5.400000000000000000e+01 3.693098668009042740e-03
5.500000000000000000e+01 1.513737905770540237e-02
5.600000000000000000e+01 2.535297349095344543e-02
5.700000000000000000e+01 3.465361520648002625e-02
5.800000000000000000e+01 4.321730136871337891e-02
5.900000000000000000e+01 5.096058547496795654e-02
6.000000000000000000e+01 5.799231678247451782e-02
6.100000000000000000e+01 6.435777246952056885e-02
6.200000000000000000e+01 7.088053971529006958e-02
6.300000000000000000e+01 7.637767493724822998e-02
6.400000000000000000e+01 8.123854547739028931e-02
6.500000000000000000e+01 8.551155030727386475e-02
6.600000000000000000e+01 8.891642093658447266e-02
6.700000000000000000e+01 9.160629659891128540e-02
6.800000000000000000e+01 9.348785877227783203e-02
6.900000000000000000e+01 9.390489012002944946e-02
7.000000000000000000e+01 9.277839213609695435e-02
7.100000000000000000e+01 9.102484583854675293e-02
7.200000000000000000e+01 8.850093930959701538e-02
7.300000000000000000e+01 8.505251258611679077e-02
7.400000000000000000e+01 8.101180195808410645e-02
7.500000000000000000e+01 7.650286704301834106e-02
7.600000000000000000e+01 7.203985005617141724e-02
7.700000000000000000e+01 6.764240562915802002e-02
7.800000000000000000e+01 6.355058401823043823e-02
7.900000000000000000e+01 6.018859520554542542e-02
8.000000000000000000e+01 5.740472301840782166e-02
8.100000000000000000e+01 5.448944866657257080e-02
8.200000000000000000e+01 5.240615829825401306e-02
8.300000000000000000e+01 5.034912377595901489e-02
8.400000000000000000e+01 4.865890741348266602e-02
8.500000000000000000e+01 4.709074646234512329e-02
8.600000000000000000e+01 4.503776878118515015e-02
8.700000000000000000e+01 4.317674785852432251e-02
8.800000000000000000e+01 4.168728739023208618e-02
8.900000000000000000e+01 4.006608575582504272e-02
9.000000000000000000e+01 3.848851844668388367e-02
9.100000000000000000e+01 3.687239810824394226e-02
9.200000000000000000e+01 3.499351814389228821e-02
9.300000000000000000e+01 3.341852501034736633e-02
9.400000000000000000e+01 3.150854259729385376e-02
9.500000000000000000e+01 2.994956448674201965e-02
9.600000000000000000e+01 2.837572433054447174e-02
9.700000000000000000e+01 2.558880858123302460e-02
9.800000000000000000e+01 2.286735922098159790e-02
9.900000000000000000e+01 2.263124473392963409e-02
