1.000000000000000000e+00 1.000000000000000000e+00
2.000000000000000000e+00 9.022449254989624023e-01
3.000000000000000000e+00 8.258823752403259277e-01
4.000000000000000000e+00 7.592167854309082031e-01
5.000000000000000000e+00 6.977674961090087891e-01
6.000000000000000000e+00 6.385830044746398926e-01
7.000000000000000000e+00 5.808790326118469238e-01
8.000000000000000000e+00 5.241811275482177734e-01
9.000000000000000000e+00 4.683507978916168213e-01
1.000000000000000000e+01 4.131230711936950684e-01
1.100000000000000000e+01 3.584734201431274414e-01
1.200000000000000000e+01 3.044651448726654053e-01
1.300000000000000000e+01 2.512750923633575439e-01
1.400000000000000000e+01 1.990858614444732666e-01
1.500000000000000000e+01 1.481429785490036011e-01
1.600000000000000000e+01 9.857051074504852295e-02
1.700000000000000000e+01 5.087366700172424316e-02
1.800000000000000000e+01 5.411077290773391724e-03
1.900000000000000000e+01 -3.773997351527214050e-02
2.000000000000000000e+01 -7.804704457521438599e-02
2.100000000000000000e+01 -1.154315695166587830e-01
2.200000000000000000e+01 -1.493468284606933594e-01
2.300000000000000000e+01 -1.798907518386840820e-01
2.400000000000000000e+01 -2.067657709121704102e-01
2.500000000000000000e+01 -2.298097461462020874e-01
2.600000000000000000e+01 -2.491674870252609253e-01
2.700000000000000000e+01 -2.645769417285919189e-01
2.800000000000000000e+01 -2.763606309890747070e-01
2.900000000000000000e+01 -2.847588360309600830e-01
3.000000000000000000e+01 -2.900948524475097656e-01
3.100000000000000000e+01 -2.922661602497100830e-01
3.200000000000000000e+01 -2.913284301757812500e-01
3.300000000000000000e+01 -2.879104018211364746e-01
3.400000000000000000e+01 -2.823356389999389648e-01
3.500000000000000000e+01 -2.745128273963928223e-01
3.600000000000000000e+01 -2.648642957210540771e-01
3.700000000000000000e+01 -2.533262073993682861e-01
3.800000000000000000e+01 -2.402866929769515991e-01
3.900000000000000000e+01 -2.263510823249816895e-01
4.000000000000000000e+01 -2.113023549318313599e-01
4.100000000000000000e+01 -1.954669654369354248e-01
4.200000000000000000e+01 -1.794012784957885742e-01
4.300000000000000000e+01 -1.629707515239715576e-01
4.400000000000000000e+01 -1.465058028697967529e-01
4.500000000000000000e+01 -1.299453228712081909e-01
4.600000000000000000e+01 -1.138705015182495117e-01
4.700000000000000000e+01 -9.797165542840957642e-02
4.800000000000000000e+01 -8.198224753141403198e-02
4.900000000000000000e+01 -6.621091812849044800e-02
5.000000000000000000e+01 -5.102016776800155640e-02
5.100000000000000000e+01 -3.626954555511474609e-02
5.200000000000000000e+01 -2.229217998683452606e-02
5.300000000000000000e+01 -9.044751524925231934e-03
5.400000000000000000e+01 3.412137972190976143e-03
5.500000000000000000e+01 1.487033162266016006e-02
5.600000000000000000e+01 2.546613663434982300e-02
5.700000000000000000e+01 3.496778756380081177e-02
5.800000000000000000e+01 4.355345666408538818e-02
5.900000000000000000e+01 5.123595893383026123e-02
6.000000000000000000e+01 5.828398838639259338e-02
6.100000000000000000e+01 6.484664231538772583e-02
6.200000000000000000e+01 7.087392359972000122e-02
6.300000000000000000e+01 7.584953308105468750e-02
6.400000000000000000e+01 8.008879423141479492e-02
6.500000000000000000e+01 8.390506356954574585e-02
6.600000000000000000e+01 8.710264414548873901e-02
6.700000000000000000e+01 8.946742862462997437e-02
6.800000000000000000e+01 9.117522090673446655e-02
6.900000000000000000e+01 9.167915582656860352e-02
7.000000000000000000e+01 9.119154512882232666e-02
7.100000000000000000e+01 8.949209749698638916e-02
7.200000000000000000e+01 8.656071871519088745e-02
7.300000000000000000e+01 8.280991017818450928e-02
7.400000000000000000e+01 7.903052866458892822e-02
7.500000000000000000e+01 7.490728050470352173e-02
7.600000000000000000e+01 7.088126987218856812e-02
7.700000000000000000e+01 6.747721880674362183e-02
7.800000000000000000e+01 6.452211737632751465e-02
7.900000000000000000e+01 6.125589832663536072e-02
8.000000000000000000e+01 5.827343091368675232e-02
8.100000000000000000e+01 5.563084036111831665e-02
8.200000000000000000e+01 5.337316915392875671e-02
8.300000000000000000e+01 5.065493285655975342e-02
8.400000000000000000e+01 4.818075150251388550e-02
8.500000000000000000e+01 4.571925103664398193e-02
8.600000000000000000e+01 4.328514635562896729e-02
8.700000000000000000e+01 4.113272204995155334e-02
8.800000000000000000e+01 3.883280977606773376e-02
8.900000000000000000e+01 3.628116846084594727e-02
9.000000000000000000e+01 3.364173322916030884e-02
9.100000000000000000e+01 3.124391846358776093e-02
9.200000000000000000e+01 2.872093208134174347e-02
9.300000000000000000e+01 2.648906409740447998e-02
9.400000000000000000e+01 2.373539470136165619e-02
9.500000000000000000e+01 2.059659920632839203e-02
9.600000000000000000e+01 1.846881955862045288e-02
9.700000000000000000e+01 1.758899539709091187e-02
9.800000000000000000e+01 1.574026979506015778e-02
9.900000000000000000e+01 1.504662446677684784e-02
