1.000000000000000000e+00 1.000000000000000000e+00
2.000000000000000000e+00 8.966377973556518555e-01
3.000000000000000000e+00 8.163052201271057129e-01
4.000000000000000000e+00 7.463463544845581055e-01
5.000000000000000000e+00 6.817569732666015625e-01
6.000000000000000000e+00 6.202542781829833984e-01
7.000000000000000000e+00 5.608914494514465332e-01
8.000000000000000000e+00 5.028040409088134766e-01
9.000000000000000000e+00 4.458740651607513428e-01
1.000000000000000000e+01 3.900507390499114990e-01
1.100000000000000000e+01 3.349982798099517822e-01
1.200000000000000000e+01 2.808111906051635742e-01
1.300000000000000000e+01 2.280721366405487061e-01
1.400000000000000000e+01 1.762678176164627075e-01
1.500000000000000000e+01 1.260708570480346680e-01
1.600000000000000000e+01 7.763722538948059082e-02
1.700000000000000000e+01 3.111606650054454803e-02
1.800000000000000000e+01 -1.299009844660758972e-02
1.900000000000000000e+01 -5.429963394999504089e-02
2.000000000000000000e+01 -9.242492169141769409e-02
2.100000000000000000e+01 -1.275658458471298218e-01
2.200000000000000000e+01 -1.588621139526367188e-01
2.300000000000000000e+01 -1.866336017847061157e-01
2.400000000000000000e+01 -2.103531360626220703e-01
2.500000000000000000e+01 -2.304003536701202393e-01
2.600000000000000000e+01 -2.468963861465454102e-01
2.700000000000000000e+01 -2.594941258430480957e-01
2.800000000000000000e+01 -2.684980332851409912e-01
2.900000000000000000e+01 -2.743502557277679443e-01
3.000000000000000000e+01 -2.770181894302368164e-01
3.100000000000000000e+01 -2.767411768436431885e-01
3.200000000000000000e+01 -2.738821804523468018e-01
3.300000000000000000e+01 -2.684978246688842773e-01
3.400000000000000000e+01 -2.609117329120635986e-01
3.500000000000000000e+01 -2.515330910682678223e-01
3.600000000000000000e+01 -2.404595166444778442e-01
3.700000000000000000e+01 -2.279937118291854858e-01
3.800000000000000000e+01 -2.146182507276535034e-01
3.900000000000000000e+01 -2.002649158239364624e-01
4.000000000000000000e+01 -1.855267584323883057e-01
4.100000000000000000e+01 -1.700805127620697021e-01
4.200000000000000000e+01 -1.545215398073196411e-01
4.300000000000000000e+01 -1.387011706829071045e-01
4.400000000000000000e+01 -1.230862885713577271e-01
4.500000000000000000e+01 -1.077286899089813232e-01
4.600000000000000000e+01 -9.257782995700836182e-02
4.700000000000000000e+01 -7.782112807035446167e-02
4.800000000000000000e+01 -6.316415965557098389e-02
4.900000000000000000e+01 -4.904283955693244934e-02
5.000000000000000000e+01 -3.563691303133964539e-02
5.100000000000000000e+01 -2.330421283841133118e-02
5.200000000000000000e+01 -1.135735400021076202e-02
5.300000000000000000e+01 -2.832373429555445910e-04
5.400000000000000000e+01 9.888595901429653168e-03
5.500000000000000000e+01 1.906373910605907440e-02
5.600000000000000000e+01 2.711289562284946442e-02
5.700000000000000000e+01 3.459790349006652832e-02
5.800000000000000000e+01 4.121797159314155579e-02
5.900000000000000000e+01 4.722129926085472107e-02
6.000000000000000000e+01 5.255342274904251099e-02
6.100000000000000000e+01 5.720199644565582275e-02
6.200000000000000000e+01 6.150119379162788391e-02
6.300000000000000000e+01 6.550626456737518311e-02
6.400000000000000000e+01 6.873233616352081299e-02
6.500000000000000000e+01 7.163527607917785645e-02
6.600000000000000000e+01 7.371536642313003540e-02
6.700000000000000000e+01 7.510431110858917236e-02
6.800000000000000000e+01 7.539885491132736206e-02
6.900000000000000000e+01 7.468136399984359741e-02
7.000000000000000000e+01 7.345507293939590454e-02
7.100000000000000000e+01 7.185910642147064209e-02
7.200000000000000000e+01 6.933584809303283691e-02
7.300000000000000000e+01 6.606376171112060547e-02
7.400000000000000000e+01 6.249779462814331055e-02
7.500000000000000000e+01 5.859523639082908630e-02
7.600000000000000000e+01 5.478055775165557861e-02
7.700000000000000000e+01 5.096375569701194763e-02
7.800000000000000000e+01 4.743000864982604980e-02
7.900000000000000000e+01 4.398820176720619202e-02
8.000000000000000000e+01 4.130090400576591492e-02
8.100000000000000000e+01 3.904375433921813965e-02
8.200000000000000000e+01 3.659936040639877319e-02
8.300000000000000000e+01 3.456814587116241455e-02
8.400000000000000000e+01 3.249587491154670715e-02
8.500000000000000000e+01 3.089612908661365509e-02
8.600000000000000000e+01 2.945741638541221619e-02
8.700000000000000000e+01 2.804088406264781952e-02
8.800000000000000000e+01 2.672328241169452667e-02
8.900000000000000000e+01 2.475691586732864380e-02
9.000000000000000000e+01 2.279218286275863647e-02
9.100000000000000000e+01 2.078533917665481567e-02
9.200000000000000000e+01 1.827367581427097321e-02
9.300000000000000000e+01 1.635305956006050110e-02
9.400000000000000000e+01 1.426554098725318909e-02
9.500000000000000000e+01 1.297330763190984726e-02
9.600000000000000000e+01 1.066857669502496719e-02
9.700000000000000000e+01 9.000792168080806732e-03
9.800000000000000000e+01 8.825671859085559845e-03
9.900000000000000000e+01 7.847323082387447357e-03
