1.000000000000000000e+00 1.000000000000000000e+00
2.000000000000000000e+00 8.996449112892150879e-01
3.000000000000000000e+00 8.212532401084899902e-01
4.000000000000000000e+00 7.533107995986938477e-01
5.000000000000000000e+00 6.904354691505432129e-01
6.000000000000000000e+00 6.303246617317199707e-01
7.000000000000000000e+00 5.718773603439331055e-01
8.000000000000000000e+00 5.145511627197265625e-01
9.000000000000000000e+00 4.583227038383483887e-01
1.000000000000000000e+01 4.029045999050140381e-01
1.100000000000000000e+01 3.483910262584686279e-01
1.200000000000000000e+01 2.946018278598785400e-01
1.300000000000000000e+01 2.416832596063613892e-01
1.400000000000000000e+01 1.897972375154495239e-01
1.500000000000000000e+01 1.393195986747741699e-01
1.600000000000000000e+01 9.044960141181945801e-02
1.700000000000000000e+01 4.351914674043655396e-02
1.800000000000000000e+01 -1.155953155830502510e-03
1.900000000000000000e+01 -4.337066784501075745e-02
2.000000000000000000e+01 -8.264134079217910767e-02
2.100000000000000000e+01 -1.189707890152931213e-01
2.200000000000000000e+01 -1.520148664712905884e-01
2.300000000000000000e+01 -1.814566552639007568e-01
2.400000000000000000e+01 -2.070869952440261841e-01
2.500000000000000000e+01 -2.289758175611495972e-01
2.600000000000000000e+01 -2.470613718032836914e-01
2.700000000000000000e+01 -2.615725100040435791e-01
2.800000000000000000e+01 -2.722039520740509033e-01
2.900000000000000000e+01 -2.797208428382873535e-01
3.000000000000000000e+01 -2.838644683361053467e-01
3.100000000000000000e+01 -2.850643694400787354e-01
3.200000000000000000e+01 -2.833161354064941406e-01
3.300000000000000000e+01 -2.791752219200134277e-01
3.400000000000000000e+01 -2.725226283073425293e-01
3.500000000000000000e+01 -2.639344632625579834e-01
3.600000000000000000e+01 -2.536492645740509033e-01
3.700000000000000000e+01 -2.417426854372024536e-01
3.800000000000000000e+01 -2.287400215864181519e-01
3.900000000000000000e+01 -2.147405296564102173e-01
4.000000000000000000e+01 -2.002914547920227051e-01
4.100000000000000000e+01 -1.855572611093521118e-01
4.200000000000000000e+01 -1.703308224678039551e-01
4.300000000000000000e+01 -1.544067412614822388e-01
4.400000000000000000e+01 -1.380631923675537109e-01
4.500000000000000000e+01 -1.219572871923446655e-01
4.600000000000000000e+01 -1.061527058482170105e-01
4.700000000000000000e+01 -9.070403873920440674e-02
4.800000000000000000e+01 -7.546251267194747925e-02
4.900000000000000000e+01 -6.061563268303871155e-02
5.000000000000000000e+01 -4.645689204335212708e-02
5.100000000000000000e+01 -3.292937949299812317e-02
5.200000000000000000e+01 -2.003070153295993805e-02
5.300000000000000000e+01 -8.012053556740283966e-03
5.400000000000000000e+01 3.539678873494267464e-03
5.500000000000000000e+01 1.408345717936754227e-02
5.600000000000000000e+01 2.360094897449016571e-02
5.700000000000000000e+01 3.208753466606140137e-02
5.800000000000000000e+01 3.983493149280548096e-02
5.900000000000000000e+01 4.664136841893196106e-02
6.000000000000000000e+01 5.280805751681327820e-02
6.100000000000000000e+01 5.856303498148918152e-02
6.200000000000000000e+01 6.384363025426864624e-02
6.300000000000000000e+01 6.858193874359130859e-02
6.400000000000000000e+01 7.288363575935363770e-02
6.500000000000000000e+01 7.664735615253448486e-02
6.600000000000000000e+01 7.981365174055099487e-02
6.700000000000000000e+01 8.212982118129730225e-02
6.800000000000000000e+01 8.325181156396865845e-02
6.900000000000000000e+01 8.353571593761444092e-02
7.000000000000000000e+01 8.275347948074340820e-02
7.100000000000000000e+01 8.094920217990875244e-02
7.200000000000000000e+01 7.840845733880996704e-02
7.300000000000000000e+01 7.541453838348388672e-02
7.400000000000000000e+01 7.218511402606964111e-02
7.500000000000000000e+01 6.868753582239151001e-02
7.600000000000000000e+01 6.516988575458526611e-02
7.700000000000000000e+01 6.202798336744308472e-02
7.800000000000000000e+01 5.877486243844032288e-02
7.900000000000000000e+01 5.578578263521194458e-02
8.000000000000000000e+01 5.280622467398643494e-02
8.100000000000000000e+01 4.987292736768722534e-02
8.200000000000000000e+01 4.714466258883476257e-02
8.300000000000000000e+01 4.470628127455711365e-02
8.400000000000000000e+01 4.229739308357238770e-02
8.500000000000000000e+01 4.014456644654273987e-02
8.600000000000000000e+01 3.861494734883308411e-02
8.700000000000000000e+01 3.704644739627838135e-02
8.800000000000000000e+01 3.529958054423332214e-02
8.900000000000000000e+01 3.386799618601799011e-02
9.000000000000000000e+01 3.226067125797271729e-02
9.100000000000000000e+01 3.063040226697921753e-02
9.200000000000000000e+01 2.930680103600025177e-02
9.300000000000000000e+01 2.761032991111278534e-02
9.400000000000000000e+01 2.581324055790901184e-02
9.500000000000000000e+01 2.394429780542850494e-02
9.600000000000000000e+01 2.144826762378215790e-02
9.700000000000000000e+01 1.838574372231960297e-02
9.800000000000000000e+01 1.377090439200401306e-02
9.900000000000000000e+01 8.978597819805145264e-03
