1.000000000000000000e+00 1.000000000000000000e+00
2.000000000000000000e+00 9.014270901679992676e-01
3.000000000000000000e+00 8.244360089302062988e-01
4.000000000000000000e+00 7.574422359466552734e-01
5.000000000000000000e+00 6.954107284545898438e-01
6.000000000000000000e+00 6.359583735466003418e-01
7.000000000000000000e+00 5.782278776168823242e-01
8.000000000000000000e+00 5.215485095977783203e-01
9.000000000000000000e+00 4.658924639225006104e-01
1.000000000000000000e+01 4.108485281467437744e-01
1.100000000000000000e+01 3.565922081470489502e-01
1.200000000000000000e+01 3.028264641761779785e-01
1.300000000000000000e+01 2.496684640645980835e-01
1.400000000000000000e+01 1.976653784513473511e-01
1.500000000000000000e+01 1.468654572963714600e-01
1.600000000000000000e+01 9.772248566150665283e-02
1.700000000000000000e+01 5.022860318422317505e-02
1.800000000000000000e+01 4.983497317880392075e-03
1.900000000000000000e+01 -3.782362490892410278e-02
2.000000000000000000e+01 -7.791320979595184326e-02
2.100000000000000000e+01 -1.149584278464317322e-01
2.200000000000000000e+01 -1.484487503767013550e-01
2.300000000000000000e+01 -1.785022020339965820e-01
2.400000000000000000e+01 -2.046201080083847046e-01
2.500000000000000000e+01 -2.273386865854263306e-01
2.600000000000000000e+01 -2.464628219604492188e-01
2.700000000000000000e+01 -2.618212997913360596e-01
2.800000000000000000e+01 -2.735428512096405029e-01
2.900000000000000000e+01 -2.817528843879699707e-01
3.000000000000000000e+01 -2.868403494358062744e-01
3.100000000000000000e+01 -2.890362739562988281e-01
3.200000000000000000e+01 -2.883147001266479492e-01
3.300000000000000000e+01 -2.849506735801696777e-01
3.400000000000000000e+01 -2.793587148189544678e-01
3.500000000000000000e+01 -2.714724540710449219e-01
3.600000000000000000e+01 -2.617133855819702148e-01
3.700000000000000000e+01 -2.502505779266357422e-01
3.800000000000000000e+01 -2.376826703548431396e-01
3.900000000000000000e+01 -2.240890413522720337e-01
4.000000000000000000e+01 -2.098140567541122437e-01
4.100000000000000000e+01 -1.945603787899017334e-01
4.200000000000000000e+01 -1.788729280233383179e-01
4.300000000000000000e+01 -1.628037393093109131e-01
4.400000000000000000e+01 -1.468546241521835327e-01
4.500000000000000000e+01 -1.313122212886810303e-01
4.600000000000000000e+01 -1.154556870460510254e-01
4.700000000000000000e+01 -9.999199211597442627e-02
4.800000000000000000e+01 -8.440203964710235596e-02
4.900000000000000000e+01 -6.933730095624923706e-02
5.000000000000000000e+01 -5.461676418781280518e-02
5.100000000000000000e+01 -4.037061706185340881e-02
5.200000000000000000e+01 -2.661408856511116028e-02
5.300000000000000000e+01 -1.349511370062828064e-02
5.400000000000000000e+01 -1.318905269727110863e-03
5.500000000000000000e+01 9.802794083952903748e-03
5.600000000000000000e+01 2.006807178258895874e-02
5.700000000000000000e+01 2.979760617017745972e-02
5.800000000000000000e+01 3.876671940088272095e-02
5.900000000000000000e+01 4.678925499320030212e-02
6.000000000000000000e+01 5.449326336383819580e-02
6.100000000000000000e+01 6.145975366234779358e-02
6.200000000000000000e+01 6.770449876785278320e-02
6.300000000000000000e+01 7.318558543920516968e-02
6.400000000000000000e+01 7.821016758680343628e-02
6.500000000000000000e+01 8.265776932239532471e-02
6.600000000000000000e+01 8.608447015285491943e-02
6.700000000000000000e+01 8.869688212871551514e-02
6.800000000000000000e+01 9.072382003068923950e-02
6.900000000000000000e+01 9.202503412961959839e-02
7.000000000000000000e+01 9.198247641324996948e-02
7.100000000000000000e+01 9.081745147705078125e-02
7.200000000000000000e+01 8.865828067064285278e-02
7.300000000000000000e+01 8.568122982978820801e-02
7.400000000000000000e+01 8.213909715414047241e-02
7.500000000000000000e+01 7.814807444810867310e-02
7.600000000000000000e+01 7.405308634042739868e-02
7.700000000000000000e+01 7.002165913581848145e-02
7.800000000000000000e+01 6.662020087242126465e-02
7.900000000000000000e+01 6.400571763515472412e-02
8.000000000000000000e+01 6.120388954877853394e-02
8.100000000000000000e+01 5.848878249526023865e-02
8.200000000000000000e+01 5.585557967424392700e-02
8.300000000000000000e+01 5.295651033520698547e-02
8.400000000000000000e+01 5.051178112626075745e-02
8.500000000000000000e+01 4.826150462031364441e-02
8.600000000000000000e+01 4.581610485911369324e-02
8.700000000000000000e+01 4.347733035683631897e-02
8.800000000000000000e+01 4.114810004830360413e-02
8.900000000000000000e+01 3.866223618388175964e-02
9.000000000000000000e+01 3.685142844915390015e-02
9.100000000000000000e+01 3.420947492122650146e-02
9.200000000000000000e+01 3.179160505533218384e-02
9.300000000000000000e+01 2.950059249997138977e-02
9.400000000000000000e+01 2.673606388270854950e-02
9.500000000000000000e+01 2.435483224689960480e-02
9.600000000000000000e+01 2.121773734688758850e-02
9.700000000000000000e+01 1.686372049152851105e-02
9.800000000000000000e+01 1.503372099250555038e-02
9.900000000000000000e+01 1.489529479295015335e-02
