1.000000000000000000e+00 1.000000000000000000e+00
2.000000000000000000e+00 8.941019177436828613e-01
3.000000000000000000e+00 8.117657303810119629e-01
4.000000000000000000e+00 7.407579421997070312e-01
5.000000000000000000e+00 6.750931143760681152e-01
6.000000000000000000e+00 6.129256486892700195e-01
7.000000000000000000e+00 5.528100728988647461e-01
8.000000000000000000e+00 4.939883351325988770e-01
9.000000000000000000e+00 4.366275072097778320e-01
1.000000000000000000e+01 3.801636993885040283e-01
1.100000000000000000e+01 3.247219622135162354e-01
1.200000000000000000e+01 2.705237567424774170e-01
1.300000000000000000e+01 2.175365388393402100e-01
1.400000000000000000e+01 1.660398840904235840e-01
1.500000000000000000e+01 1.161020621657371521e-01
1.600000000000000000e+01 6.817054748535156250e-02
1.700000000000000000e+01 2.242569625377655029e-02
1.800000000000000000e+01 -2.074433118104934692e-02
1.900000000000000000e+01 -6.107956916093826294e-02
2.000000000000000000e+01 -9.813891351222991943e-02
2.100000000000000000e+01 -1.317748427391052246e-01
2.200000000000000000e+01 -1.616411954164505005e-01
2.300000000000000000e+01 -1.878974735736846924e-01
2.400000000000000000e+01 -2.101317942142486572e-01
2.500000000000000000e+01 -2.286559790372848511e-01
2.600000000000000000e+01 -2.435745298862457275e-01
2.700000000000000000e+01 -2.548068165779113770e-01
2.800000000000000000e+01 -2.626626193523406982e-01
2.900000000000000000e+01 -2.673634290695190430e-01
3.000000000000000000e+01 -2.688349485397338867e-01
3.100000000000000000e+01 -2.675645053386688232e-01
3.200000000000000000e+01 -2.638170421123504639e-01
3.300000000000000000e+01 -2.581135630607604980e-01
3.400000000000000000e+01 -2.502828836441040039e-01
3.500000000000000000e+01 -2.407528012990951538e-01
3.600000000000000000e+01 -2.295421808958053589e-01
3.700000000000000000e+01 -2.171834707260131836e-01
3.800000000000000000e+01 -2.038279920816421509e-01
3.900000000000000000e+01 -1.895722448825836182e-01
4.000000000000000000e+01 -1.747010201215744019e-01
4.100000000000000000e+01 -1.594790220260620117e-01
4.200000000000000000e+01 -1.440160274505615234e-01
4.300000000000000000e+01 -1.286970078945159912e-01
4.400000000000000000e+01 -1.135634556412696838e-01
4.500000000000000000e+01 -9.839257597923278809e-02
4.600000000000000000e+01 -8.357661962509155273e-02
4.700000000000000000e+01 -6.924924254417419434e-02
4.800000000000000000e+01 -5.543826892971992493e-02
4.900000000000000000e+01 -4.208391159772872925e-02
5.000000000000000000e+01 -2.942337840795516968e-02
5.100000000000000000e+01 -1.717126369476318359e-02
5.200000000000000000e+01 -5.729226395487785339e-03
5.300000000000000000e+01 4.905526526272296906e-03
5.400000000000000000e+01 1.471758075058460236e-02
5.500000000000000000e+01 2.359686978161334991e-02
5.600000000000000000e+01 3.133124485611915588e-02
5.700000000000000000e+01 3.830259665846824646e-02
5.800000000000000000e+01 4.440031573176383972e-02
5.900000000000000000e+01 5.013662576675415039e-02
6.000000000000000000e+01 5.495658889412879944e-02
6.100000000000000000e+01 5.911555141210556030e-02
6.200000000000000000e+01 6.283351033926010132e-02
6.300000000000000000e+01 6.569193303585052490e-02
6.400000000000000000e+01 6.798440217971801758e-02
6.500000000000000000e+01 6.947027891874313354e-02
6.600000000000000000e+01 7.038637995719909668e-02
6.700000000000000000e+01 7.066882401704788208e-02
6.800000000000000000e+01 6.995555013418197632e-02
6.900000000000000000e+01 6.838124990463256836e-02
7.000000000000000000e+01 6.645626574754714966e-02
7.100000000000000000e+01 6.419513374567031860e-02
7.200000000000000000e+01 6.105701252818107605e-02
7.300000000000000000e+01 5.758348107337951660e-02
7.400000000000000000e+01 5.374804511666297913e-02
7.500000000000000000e+01 5.003761500120162964e-02
7.600000000000000000e+01 4.636211693286895752e-02
7.700000000000000000e+01 4.225875064730644226e-02
7.800000000000000000e+01 3.850628435611724854e-02
7.900000000000000000e+01 3.515275195240974426e-02
8.000000000000000000e+01 3.182484582066535950e-02
8.100000000000000000e+01 2.937277778983116150e-02
8.200000000000000000e+01 2.717236243188381195e-02
8.300000000000000000e+01 2.510617300868034363e-02
8.400000000000000000e+01 2.335494197905063629e-02
8.500000000000000000e+01 2.116410806775093079e-02
8.600000000000000000e+01 1.899076253175735474e-02
8.700000000000000000e+01 1.672138459980487823e-02
8.800000000000000000e+01 1.493619289249181747e-02
8.900000000000000000e+01 1.291295327246189117e-02
9.000000000000000000e+01 1.144887506961822510e-02
9.100000000000000000e+01 9.360089898109436035e-03
9.200000000000000000e+01 7.391557563096284866e-03
9.300000000000000000e+01 4.740642849355936050e-03
9.400000000000000000e+01 2.407841617241501808e-03
9.500000000000000000e+01 2.029499446507543325e-04
9.600000000000000000e+01 -3.474383847787976265e-04
9.700000000000000000e+01 -2.102672355249524117e-03
9.800000000000000000e+01 -4.622501321136951447e-03
9.900000000000000000e+01 -5.738769192248582840e-03
