1.000000000000000000e+00 1.000000000000000000e+00
2.000000000000000000e+00 8.983201384544372559e-01
3.000000000000000000e+00 8.191033005714416504e-01
4.000000000000000000e+00 7.503349184989929199e-01
5.000000000000000000e+00 6.867659091949462891e-01
6.000000000000000000e+00 6.262257695198059082e-01
7.000000000000000000e+00 5.673816800117492676e-01
8.000000000000000000e+00 5.096352100372314453e-01
9.000000000000000000e+00 4.530048072338104248e-01
1.000000000000000000e+01 3.972685337066650391e-01
1.100000000000000000e+01 3.422511816024780273e-01
1.200000000000000000e+01 2.882808446884155273e-01
1.300000000000000000e+01 2.354129552841186523e-01
1.400000000000000000e+01 1.836331039667129517e-01
1.500000000000000000e+01 1.331921368837356567e-01
1.600000000000000000e+01 8.458393067121505737e-02
1.700000000000000000e+01 3.782140091061592102e-02
1.800000000000000000e+01 -6.721649784594774246e-03
1.900000000000000000e+01 -4.861372709274291992e-02
2.000000000000000000e+01 -8.752520382404327393e-02
2.100000000000000000e+01 -1.231316998600959778e-01
2.200000000000000000e+01 -1.555149704217910767e-01
2.300000000000000000e+01 -1.840549856424331665e-01
2.400000000000000000e+01 -2.089321613311767578e-01
2.500000000000000000e+01 -2.301129251718521118e-01
2.600000000000000000e+01 -2.476972490549087524e-01
2.700000000000000000e+01 -2.613335251808166504e-01
2.800000000000000000e+01 -2.712365090847015381e-01
2.900000000000000000e+01 -2.776939868927001953e-01
3.000000000000000000e+01 -2.809667289257049561e-01
3.100000000000000000e+01 -2.816975712776184082e-01
3.200000000000000000e+01 -2.794913649559020996e-01
3.300000000000000000e+01 -2.747270166873931885e-01
3.400000000000000000e+01 -2.677987217903137207e-01
3.500000000000000000e+01 -2.590225934982299805e-01
3.600000000000000000e+01 -2.480395287275314331e-01
3.700000000000000000e+01 -2.358888387680053711e-01
3.800000000000000000e+01 -2.228583842515945435e-01
3.900000000000000000e+01 -2.090573459863662720e-01
4.000000000000000000e+01 -1.944694519042968750e-01
4.100000000000000000e+01 -1.793931573629379272e-01
4.200000000000000000e+01 -1.641344726085662842e-01
4.300000000000000000e+01 -1.484394371509552002e-01
4.400000000000000000e+01 -1.327254027128219604e-01
4.500000000000000000e+01 -1.166533529758453369e-01
4.600000000000000000e+01 -1.007387936115264893e-01
4.700000000000000000e+01 -8.552166074514389038e-02
4.800000000000000000e+01 -7.044571638107299805e-02
4.900000000000000000e+01 -5.597199499607086182e-02
5.000000000000000000e+01 -4.151757434010505676e-02
5.100000000000000000e+01 -2.790304459631443024e-02
5.200000000000000000e+01 -1.518984790891408920e-02
5.300000000000000000e+01 -3.202420892193913460e-03
5.400000000000000000e+01 7.897832430899143219e-03
5.500000000000000000e+01 1.762814447283744812e-02
5.600000000000000000e+01 2.669511921703815460e-02
5.700000000000000000e+01 3.504226356744766235e-02
5.800000000000000000e+01 4.236825928092002869e-02
5.900000000000000000e+01 4.900658503174781799e-02
6.000000000000000000e+01 5.523268133401870728e-02
6.100000000000000000e+01 6.059312820434570312e-02
6.200000000000000000e+01 6.579990684986114502e-02
6.300000000000000000e+01 7.051516324281692505e-02
6.400000000000000000e+01 7.469248771667480469e-02
6.500000000000000000e+01 7.810082286596298218e-02
6.600000000000000000e+01 8.062949776649475098e-02
6.700000000000000000e+01 8.213116973638534546e-02
6.800000000000000000e+01 8.291661739349365234e-02
6.900000000000000000e+01 8.293497562408447266e-02
7.000000000000000000e+01 8.189699798822402954e-02
7.100000000000000000e+01 8.010219037532806396e-02
7.200000000000000000e+01 7.727537304162979126e-02
7.300000000000000000e+01 7.419785857200622559e-02
7.400000000000000000e+01 7.020457834005355835e-02
7.500000000000000000e+01 6.612685322761535645e-02
7.600000000000000000e+01 6.180186942219734192e-02
7.700000000000000000e+01 5.746083706617355347e-02
7.800000000000000000e+01 5.327755212783813477e-02
7.900000000000000000e+01 4.962255433201789856e-02
8.000000000000000000e+01 4.638215526938438416e-02
8.100000000000000000e+01 4.335172846913337708e-02
8.200000000000000000e+01 4.057272896170616150e-02
8.300000000000000000e+01 3.871725499629974365e-02
8.400000000000000000e+01 3.614418581128120422e-02
8.500000000000000000e+01 3.325029835104942322e-02
8.600000000000000000e+01 3.054722771048545837e-02
8.700000000000000000e+01 2.788144536316394806e-02
8.800000000000000000e+01 2.495739981532096863e-02
8.900000000000000000e+01 2.241189032793045044e-02
9.000000000000000000e+01 2.042097412049770355e-02
9.100000000000000000e+01 1.840591803193092346e-02
9.200000000000000000e+01 1.614350639283657074e-02
9.300000000000000000e+01 1.394261792302131653e-02
9.400000000000000000e+01 1.290564797818660736e-02
9.500000000000000000e+01 1.238156482577323914e-02
9.600000000000000000e+01 1.042484212666749954e-02
9.700000000000000000e+01 7.774018216878175735e-03
9.800000000000000000e+01 5.012705456465482712e-03
9.900000000000000000e+01 3.507270244881510735e-03
