1.000000000000000000e+00 1.000000000000000000e+00
2.000000000000000000e+00 8.970722556114196777e-01
3.000000000000000000e+00 8.169192075729370117e-01
4.000000000000000000e+00 7.475109696388244629e-01
5.000000000000000000e+00 6.835055947303771973e-01
6.000000000000000000e+00 6.223282217979431152e-01
7.000000000000000000e+00 5.628422498703002930e-01
8.000000000000000000e+00 5.048257112503051758e-01
9.000000000000000000e+00 4.478763043880462646e-01
1.000000000000000000e+01 3.918361961841583252e-01
1.100000000000000000e+01 3.368273377418518066e-01
1.200000000000000000e+01 2.825675308704376221e-01
1.300000000000000000e+01 2.294851541519165039e-01
1.400000000000000000e+01 1.778252869844436646e-01
1.500000000000000000e+01 1.274675130844116211e-01
1.600000000000000000e+01 7.903150469064712524e-02
1.700000000000000000e+01 3.231354430317878723e-02
1.800000000000000000e+01 -1.199285220354795456e-02
1.900000000000000000e+01 -5.372679233551025391e-02
2.000000000000000000e+01 -9.241527318954467773e-02
2.100000000000000000e+01 -1.277429908514022827e-01
2.200000000000000000e+01 -1.596726030111312866e-01
2.300000000000000000e+01 -1.879134625196456909e-01
2.400000000000000000e+01 -2.122179716825485229e-01
2.500000000000000000e+01 -2.323959469795227051e-01
2.600000000000000000e+01 -2.488756924867630005e-01
2.700000000000000000e+01 -2.616838216781616211e-01
2.800000000000000000e+01 -2.707673907279968262e-01
2.900000000000000000e+01 -2.764427661895751953e-01
3.000000000000000000e+01 -2.791475355625152588e-01
3.100000000000000000e+01 -2.787102162837982178e-01
3.200000000000000000e+01 -2.756868302822113037e-01
3.300000000000000000e+01 -2.704451382160186768e-01
3.400000000000000000e+01 -2.627126872539520264e-01
3.500000000000000000e+01 -2.534490823745727539e-01
3.600000000000000000e+01 -2.423989176750183105e-01
3.700000000000000000e+01 -2.299054712057113647e-01
3.800000000000000000e+01 -2.161839306354522705e-01
3.900000000000000000e+01 -2.019995301961898804e-01
4.000000000000000000e+01 -1.871929913759231567e-01
4.100000000000000000e+01 -1.718577146530151367e-01
4.200000000000000000e+01 -1.561300307512283325e-01
4.300000000000000000e+01 -1.403202414512634277e-01
4.400000000000000000e+01 -1.246861666440963745e-01
4.500000000000000000e+01 -1.093143373727798462e-01
4.600000000000000000e+01 -9.388553351163864136e-02
4.700000000000000000e+01 -7.913110405206680298e-02
4.800000000000000000e+01 -6.493417918682098389e-02
4.900000000000000000e+01 -5.102038383483886719e-02
5.000000000000000000e+01 -3.770646825432777405e-02
5.100000000000000000e+01 -2.491097152233123779e-02
5.200000000000000000e+01 -1.282281707972288132e-02
5.300000000000000000e+01 -1.535965595394372940e-03
5.400000000000000000e+01 9.196032769978046417e-03
5.500000000000000000e+01 1.877520792186260223e-02
5.600000000000000000e+01 2.752010710537433624e-02
5.700000000000000000e+01 3.514381125569343567e-02
5.800000000000000000e+01 4.209698736667633057e-02
5.900000000000000000e+01 4.842398315668106079e-02
6.000000000000000000e+01 5.419738963246345520e-02
6.100000000000000000e+01 5.930766463279724121e-02
6.200000000000000000e+01 6.397596001625061035e-02
6.300000000000000000e+01 6.798519194126129150e-02
6.400000000000000000e+01 7.135955989360809326e-02
6.500000000000000000e+01 7.391936331987380981e-02
6.600000000000000000e+01 7.566013187170028687e-02
6.700000000000000000e+01 7.707694917917251587e-02
6.800000000000000000e+01 7.766395062208175659e-02
6.900000000000000000e+01 7.742611318826675415e-02
7.000000000000000000e+01 7.602538913488388062e-02
7.100000000000000000e+01 7.434376329183578491e-02
7.200000000000000000e+01 7.172901183366775513e-02
7.300000000000000000e+01 6.850054115056991577e-02
7.400000000000000000e+01 6.462413072586059570e-02
7.500000000000000000e+01 6.062072515487670898e-02
7.600000000000000000e+01 5.654814466834068298e-02
7.700000000000000000e+01 5.206063017249107361e-02
7.800000000000000000e+01 4.804553091526031494e-02
7.900000000000000000e+01 4.483387619256973267e-02
8.000000000000000000e+01 4.217768460512161255e-02
8.100000000000000000e+01 3.974688798189163208e-02
8.200000000000000000e+01 3.800791129469871521e-02
8.300000000000000000e+01 3.581666573882102966e-02
8.400000000000000000e+01 3.407610580325126648e-02
8.500000000000000000e+01 3.270849958062171936e-02
8.600000000000000000e+01 3.105714544653892517e-02
8.700000000000000000e+01 2.940491959452629089e-02
8.800000000000000000e+01 2.841899357736110687e-02
8.900000000000000000e+01 2.741560153663158417e-02
9.000000000000000000e+01 2.583338320255279541e-02
9.100000000000000000e+01 2.467555925250053406e-02
9.200000000000000000e+01 2.291157469153404236e-02
9.300000000000000000e+01 2.098083496093750000e-02
9.400000000000000000e+01 1.970495469868183136e-02
9.500000000000000000e+01 1.923329755663871765e-02
9.600000000000000000e+01 1.655606925487518311e-02
9.700000000000000000e+01 1.383772958070039749e-02
9.800000000000000000e+01 1.171456836163997650e-02
9.900000000000000000e+01 1.049267966300249100e-02
