1.000000000000000000e+00 1.000000000000000000e+00
2.000000000000000000e+00 9.023136496543884277e-01
3.000000000000000000e+00 8.263316154479980469e-01
4.000000000000000000e+00 7.596981525421142578e-01
5.000000000000000000e+00 6.983876824378967285e-01
6.000000000000000000e+00 6.395604610443115234e-01
7.000000000000000000e+00 5.819322466850280762e-01
8.000000000000000000e+00 5.252182483673095703e-01
9.000000000000000000e+00 4.691807925701141357e-01
1.000000000000000000e+01 4.140869379043579102e-01
1.100000000000000000e+01 3.594307303428649902e-01
1.200000000000000000e+01 3.053060770034790039e-01
1.300000000000000000e+01 2.521100938320159912e-01
1.400000000000000000e+01 2.000039219856262207e-01
1.500000000000000000e+01 1.491464227437973022e-01
1.600000000000000000e+01 9.959116578102111816e-02
1.700000000000000000e+01 5.205484107136726379e-02
1.800000000000000000e+01 6.597607396543025970e-03
1.900000000000000000e+01 -3.661767393350601196e-02
2.000000000000000000e+01 -7.689851522445678711e-02
2.100000000000000000e+01 -1.143453419208526611e-01
2.200000000000000000e+01 -1.485374271869659424e-01
2.300000000000000000e+01 -1.793596744537353516e-01
2.400000000000000000e+01 -2.062628567218780518e-01
2.500000000000000000e+01 -2.294978499412536621e-01
2.600000000000000000e+01 -2.490614503622055054e-01
2.700000000000000000e+01 -2.648615539073944092e-01
2.800000000000000000e+01 -2.769313156604766846e-01
2.900000000000000000e+01 -2.859398424625396729e-01
3.000000000000000000e+01 -2.915467321872711182e-01
3.100000000000000000e+01 -2.938760221004486084e-01
3.200000000000000000e+01 -2.931345105171203613e-01
3.300000000000000000e+01 -2.896758615970611572e-01
3.400000000000000000e+01 -2.837228477001190186e-01
3.500000000000000000e+01 -2.759053707122802734e-01
3.600000000000000000e+01 -2.661622762680053711e-01
3.700000000000000000e+01 -2.549748420715332031e-01
3.800000000000000000e+01 -2.421796917915344238e-01
3.900000000000000000e+01 -2.282180190086364746e-01
4.000000000000000000e+01 -2.134661227464675903e-01
4.100000000000000000e+01 -1.977752745151519775e-01
4.200000000000000000e+01 -1.818932741880416870e-01
4.300000000000000000e+01 -1.658277362585067749e-01
4.400000000000000000e+01 -1.493442505598068237e-01
4.500000000000000000e+01 -1.328222751617431641e-01
4.600000000000000000e+01 -1.161207854747772217e-01
4.700000000000000000e+01 -9.958010911941528320e-02
4.800000000000000000e+01 -8.340520411729812622e-02
4.900000000000000000e+01 -6.761854141950607300e-02
5.000000000000000000e+01 -5.244145542383193970e-02
5.100000000000000000e+01 -3.800311684608459473e-02
5.200000000000000000e+01 -2.408584393560886383e-02
5.300000000000000000e+01 -1.069659832864999771e-02
5.400000000000000000e+01 1.781792147085070610e-03
5.500000000000000000e+01 1.346871722489595413e-02
5.600000000000000000e+01 2.403995022177696228e-02
5.700000000000000000e+01 3.344137966632843018e-02
5.800000000000000000e+01 4.232244566082954407e-02
5.900000000000000000e+01 5.009217187762260437e-02
6.000000000000000000e+01 5.769268050789833069e-02
6.100000000000000000e+01 6.439802050590515137e-02
6.200000000000000000e+01 7.050731033086776733e-02
6.300000000000000000e+01 7.604802399873733521e-02
6.400000000000000000e+01 8.057196438312530518e-02
6.500000000000000000e+01 8.435501903295516968e-02
6.600000000000000000e+01 8.727548271417617798e-02
6.700000000000000000e+01 8.975893259048461914e-02
6.800000000000000000e+01 9.108515083789825439e-02
6.900000000000000000e+01 9.142234921455383301e-02
7.000000000000000000e+01 9.086324274539947510e-02
7.100000000000000000e+01 8.952949196100234985e-02
7.200000000000000000e+01 8.681292831897735596e-02
7.300000000000000000e+01 8.333702385425567627e-02
7.400000000000000000e+01 7.962828874588012695e-02
7.500000000000000000e+01 7.536056637763977051e-02
7.600000000000000000e+01 7.083611190319061279e-02
7.700000000000000000e+01 6.695076823234558105e-02
7.800000000000000000e+01 6.336534023284912109e-02
7.900000000000000000e+01 6.070456653833389282e-02
8.000000000000000000e+01 5.813828483223915100e-02
8.100000000000000000e+01 5.567792057991027832e-02
8.200000000000000000e+01 5.370020493865013123e-02
8.300000000000000000e+01 5.150296166539192200e-02
8.400000000000000000e+01 4.906878247857093811e-02
8.500000000000000000e+01 4.704488441348075867e-02
8.600000000000000000e+01 4.495036229491233826e-02
8.700000000000000000e+01 4.266937449574470520e-02
8.800000000000000000e+01 4.005809873342514038e-02
8.900000000000000000e+01 3.798011690378189087e-02
9.000000000000000000e+01 3.600530326366424561e-02
9.100000000000000000e+01 3.359015285968780518e-02
9.200000000000000000e+01 3.134876862168312073e-02
9.300000000000000000e+01 2.904357574880123138e-02
9.400000000000000000e+01 2.646136842668056488e-02
9.500000000000000000e+01 2.391914464533329010e-02
9.600000000000000000e+01 2.145723812282085419e-02
9.700000000000000000e+01 1.980177499353885651e-02
9.800000000000000000e+01 1.719441078603267670e-02
9.900000000000000000e+01 1.432945020496845245e-02
