1.000000000000000000e+00 1.000000000000000000e+00
2.000000000000000000e+00 8.856188058853149414e-01
3.000000000000000000e+00 7.972069978713989258e-01
4.000000000000000000e+00 7.212308049201965332e-01
5.000000000000000000e+00 6.520425677299499512e-01
6.000000000000000000e+00 5.871705412864685059e-01
7.000000000000000000e+00 5.250176787376403809e-01
8.000000000000000000e+00 4.650745987892150879e-01
9.000000000000000000e+00 4.069167673587799072e-01
1.000000000000000000e+01 3.501372337341308594e-01
1.100000000000000000e+01 2.948291003704071045e-01
1.200000000000000000e+01 2.411998361349105835e-01
1.300000000000000000e+01 1.891182661056518555e-01
1.400000000000000000e+01 1.386961191892623901e-01
1.500000000000000000e+01 9.027125686407089233e-02
1.600000000000000000e+01 4.431065917015075684e-02
1.700000000000000000e+01 5.438153748400509357e-04
1.800000000000000000e+01 -4.017758741974830627e-02
1.900000000000000000e+01 -7.772191613912582397e-02
2.000000000000000000e+01 -1.118837222456932068e-01
2.100000000000000000e+01 -1.422298997640609741e-01
2.200000000000000000e+01 -1.687725484371185303e-01
2.300000000000000000e+01 -1.913838535547256470e-01
2.400000000000000000e+01 -2.103040516376495361e-01
2.500000000000000000e+01 -2.253321707248687744e-01
2.600000000000000000e+01 -2.364844083786010742e-01
2.700000000000000000e+01 -2.443974018096923828e-01
2.800000000000000000e+01 -2.489600926637649536e-01
2.900000000000000000e+01 -2.506740391254425049e-01
3.000000000000000000e+01 -2.495240420103073120e-01
3.100000000000000000e+01 -2.456940561532974243e-01
3.200000000000000000e+01 -2.395767420530319214e-01
3.300000000000000000e+01 -2.319385856389999390e-01
3.400000000000000000e+01 -2.222635000944137573e-01
3.500000000000000000e+01 -2.110689133405685425e-01
3.600000000000000000e+01 -1.989194005727767944e-01
3.700000000000000000e+01 -1.857107877731323242e-01
3.800000000000000000e+01 -1.717244535684585571e-01
3.900000000000000000e+01 -1.576051563024520874e-01
4.000000000000000000e+01 -1.430699825286865234e-01
4.100000000000000000e+01 -1.284285038709640503e-01
4.200000000000000000e+01 -1.140743121504783630e-01
4.300000000000000000e+01 -9.982354938983917236e-02
4.400000000000000000e+01 -8.609511703252792358e-02
4.500000000000000000e+01 -7.242500782012939453e-02
4.600000000000000000e+01 -5.924464762210845947e-02
4.700000000000000000e+01 -4.632374271750450134e-02
4.800000000000000000e+01 -3.404434770345687866e-02
4.900000000000000000e+01 -2.273234911262989044e-02
5.000000000000000000e+01 -1.184473372995853424e-02
5.100000000000000000e+01 -1.716930884867906570e-03
5.200000000000000000e+01 7.815020158886909485e-03
5.300000000000000000e+01 1.666711829602718353e-02
5.400000000000000000e+01 2.430107630789279938e-02
5.500000000000000000e+01 3.117742389440536499e-02
5.600000000000000000e+01 3.708627820014953613e-02
5.700000000000000000e+01 4.206395149230957031e-02
5.800000000000000000e+01 4.616856575012207031e-02
5.900000000000000000e+01 4.945020005106925964e-02
6.000000000000000000e+01 5.221336707472801208e-02
6.100000000000000000e+01 5.460510775446891785e-02
6.200000000000000000e+01 5.705978721380233765e-02
6.300000000000000000e+01 5.853444337844848633e-02
6.400000000000000000e+01 5.914737656712532043e-02
6.500000000000000000e+01 5.941633507609367371e-02
6.600000000000000000e+01 5.914285778999328613e-02
6.700000000000000000e+01 5.829153582453727722e-02
6.800000000000000000e+01 5.659783259034156799e-02
6.900000000000000000e+01 5.448833853006362915e-02
7.000000000000000000e+01 5.156809091567993164e-02
7.100000000000000000e+01 4.835598543286323547e-02
7.200000000000000000e+01 4.478139802813529968e-02
7.300000000000000000e+01 4.094069823622703552e-02
7.400000000000000000e+01 3.657913208007812500e-02
7.500000000000000000e+01 3.252984583377838135e-02
7.600000000000000000e+01 2.869641408324241638e-02
7.700000000000000000e+01 2.470619603991508484e-02
7.800000000000000000e+01 2.121244743466377258e-02
7.900000000000000000e+01 1.785052008926868439e-02
8.000000000000000000e+01 1.516429334878921509e-02
8.100000000000000000e+01 1.324145030230283737e-02
8.200000000000000000e+01 1.179429050534963608e-02
8.300000000000000000e+01 1.020187605172395706e-02
8.400000000000000000e+01 8.576553314924240112e-03
8.500000000000000000e+01 6.999372038990259171e-03
8.600000000000000000e+01 6.005890201777219772e-03
8.700000000000000000e+01 4.965126514434814453e-03
8.800000000000000000e+01 4.003900103271007538e-03
8.900000000000000000e+01 2.996132941916584969e-03
9.000000000000000000e+01 2.412301721051335335e-03
9.100000000000000000e+01 1.649152953177690506e-03
9.200000000000000000e+01 1.515132957138121128e-03
9.300000000000000000e+01 1.290112850256264210e-04
9.400000000000000000e+01 -6.681200466118752956e-04
9.500000000000000000e+01 -1.814551069401204586e-03
9.600000000000000000e+01 -2.636627526953816414e-03
9.700000000000000000e+01 -2.649036934599280357e-03
9.800000000000000000e+01 -1.942327246069908142e-03
9.900000000000000000e+01 -3.460356499999761581e-03
