1.000000000000000000e+00 1.000000000000000000e+00
2.000000000000000000e+00 8.959909081459045410e-01
3.000000000000000000e+00 8.150352835655212402e-01
4.000000000000000000e+00 7.448411583900451660e-01
5.000000000000000000e+00 6.799786686897277832e-01
6.000000000000000000e+00 6.183775663375854492e-01
7.000000000000000000e+00 5.588073134422302246e-01
8.000000000000000000e+00 5.006981492042541504e-01
9.000000000000000000e+00 4.439206123352050781e-01
1.000000000000000000e+01 3.880728781223297119e-01
1.100000000000000000e+01 3.330349624156951904e-01
1.200000000000000000e+01 2.790768444538116455e-01
1.300000000000000000e+01 2.262574583292007446e-01
1.400000000000000000e+01 1.747255623340606689e-01
1.500000000000000000e+01 1.248719096183776855e-01
1.600000000000000000e+01 7.666215300559997559e-02
1.700000000000000000e+01 3.067391365766525269e-02
1.800000000000000000e+01 -1.295795105397701263e-02
1.900000000000000000e+01 -5.401364341378211975e-02
2.000000000000000000e+01 -9.219067543745040894e-02
2.100000000000000000e+01 -1.270816326141357422e-01
2.200000000000000000e+01 -1.582347303628921509e-01
2.300000000000000000e+01 -1.856668591499328613e-01
2.400000000000000000e+01 -2.094336897134780884e-01
2.500000000000000000e+01 -2.290068417787551880e-01
2.600000000000000000e+01 -2.449955791234970093e-01
2.700000000000000000e+01 -2.572697103023529053e-01
2.800000000000000000e+01 -2.665744125843048096e-01
2.900000000000000000e+01 -2.725391685962677002e-01
3.000000000000000000e+01 -2.752958238124847412e-01
3.100000000000000000e+01 -2.752671241760253906e-01
3.200000000000000000e+01 -2.724694609642028809e-01
3.300000000000000000e+01 -2.672027349472045898e-01
3.400000000000000000e+01 -2.598428726196289062e-01
3.500000000000000000e+01 -2.501967847347259521e-01
3.600000000000000000e+01 -2.392721623182296753e-01
3.700000000000000000e+01 -2.270986586809158325e-01
3.800000000000000000e+01 -2.137053906917572021e-01
3.900000000000000000e+01 -1.995342522859573364e-01
4.000000000000000000e+01 -1.849680095911026001e-01
4.100000000000000000e+01 -1.700818389654159546e-01
4.200000000000000000e+01 -1.547876596450805664e-01
4.300000000000000000e+01 -1.394377946853637695e-01
4.400000000000000000e+01 -1.238964349031448364e-01
4.500000000000000000e+01 -1.086855158209800720e-01
4.600000000000000000e+01 -9.354065358638763428e-02
4.700000000000000000e+01 -7.842835038900375366e-02
4.800000000000000000e+01 -6.397234648466110229e-02
4.900000000000000000e+01 -5.013402551412582397e-02
5.000000000000000000e+01 -3.696982935070991516e-02
5.100000000000000000e+01 -2.451265230774879456e-02
5.200000000000000000e+01 -1.261763088405132294e-02
5.300000000000000000e+01 -1.940157380886375904e-03
5.400000000000000000e+01 8.261522278189659119e-03
5.500000000000000000e+01 1.758603751659393311e-02
5.600000000000000000e+01 2.665260434150695801e-02
5.700000000000000000e+01 3.445389121770858765e-02
5.800000000000000000e+01 4.149020835757255554e-02
5.900000000000000000e+01 4.776312783360481262e-02
6.000000000000000000e+01 5.331530794501304626e-02
6.100000000000000000e+01 5.801808461546897888e-02
6.200000000000000000e+01 6.206702813506126404e-02
6.300000000000000000e+01 6.558697670698165894e-02
6.400000000000000000e+01 6.866669654846191406e-02
6.500000000000000000e+01 7.096105068922042847e-02
6.600000000000000000e+01 7.261452078819274902e-02
6.700000000000000000e+01 7.343459129333496094e-02
6.800000000000000000e+01 7.393050193786621094e-02
6.900000000000000000e+01 7.382932305335998535e-02
7.000000000000000000e+01 7.252766191959381104e-02
7.100000000000000000e+01 7.109843939542770386e-02
7.200000000000000000e+01 6.874640285968780518e-02
7.300000000000000000e+01 6.571888923645019531e-02
7.400000000000000000e+01 6.214642524719238281e-02
7.500000000000000000e+01 5.858786776661872864e-02
7.600000000000000000e+01 5.466340854763984680e-02
7.700000000000000000e+01 5.099562183022499084e-02
7.800000000000000000e+01 4.781155288219451904e-02
7.900000000000000000e+01 4.483655840158462524e-02
8.000000000000000000e+01 4.217356070876121521e-02
8.100000000000000000e+01 3.940116986632347107e-02
8.200000000000000000e+01 3.683704882860183716e-02
8.300000000000000000e+01 3.468668088316917419e-02
8.400000000000000000e+01 3.293081000447273254e-02
8.500000000000000000e+01 3.130988031625747681e-02
8.600000000000000000e+01 3.009795583784580231e-02
8.700000000000000000e+01 2.854045107960700989e-02
8.800000000000000000e+01 2.711963281035423279e-02
8.900000000000000000e+01 2.597996965050697327e-02
9.000000000000000000e+01 2.515885792672634125e-02
9.100000000000000000e+01 2.467009052634239197e-02
9.200000000000000000e+01 2.355773560702800751e-02
9.300000000000000000e+01 2.281673066318035126e-02
9.400000000000000000e+01 2.158699184656143188e-02
9.500000000000000000e+01 2.124470844864845276e-02
9.600000000000000000e+01 2.119567431509494781e-02
9.700000000000000000e+01 2.058453112840652466e-02
9.800000000000000000e+01 1.758868433535099030e-02
9.900000000000000000e+01 1.853090897202491760e-02
