1.000000000000000000e+00 1.000000000000000000e+00
2.000000000000000000e+00 9.004217386245727539e-01
3.000000000000000000e+00 8.226646780967712402e-01
4.000000000000000000e+00 7.550100088119506836e-01
5.000000000000000000e+00 6.925973296165466309e-01
6.000000000000000000e+00 6.325845122337341309e-01
7.000000000000000000e+00 5.740412473678588867e-01
8.000000000000000000e+00 5.170872807502746582e-01
9.000000000000000000e+00 4.610039293766021729e-01
1.000000000000000000e+01 4.057402610778808594e-01
1.100000000000000000e+01 3.510516881942749023e-01
1.200000000000000000e+01 2.971472740173339844e-01
1.300000000000000000e+01 2.441738694906234741e-01
1.400000000000000000e+01 1.923855096101760864e-01
1.500000000000000000e+01 1.420716345310211182e-01
1.600000000000000000e+01 9.317574650049209595e-02
1.700000000000000000e+01 4.591951519250869751e-02
1.800000000000000000e+01 9.851984214037656784e-04
1.900000000000000000e+01 -4.150962084531784058e-02
2.000000000000000000e+01 -8.089609444141387939e-02
2.100000000000000000e+01 -1.172912269830703735e-01
2.200000000000000000e+01 -1.501977443695068359e-01
2.300000000000000000e+01 -1.796947568655014038e-01
2.400000000000000000e+01 -2.054002881050109863e-01
2.500000000000000000e+01 -2.274213284254074097e-01
2.600000000000000000e+01 -2.461022883653640747e-01
2.700000000000000000e+01 -2.608389258384704590e-01
2.800000000000000000e+01 -2.716905176639556885e-01
2.900000000000000000e+01 -2.791260182857513428e-01
3.000000000000000000e+01 -2.833531200885772705e-01
3.100000000000000000e+01 -2.848789095878601074e-01
3.200000000000000000e+01 -2.838554382324218750e-01
3.300000000000000000e+01 -2.802405059337615967e-01
3.400000000000000000e+01 -2.744709551334381104e-01
3.500000000000000000e+01 -2.663123905658721924e-01
3.600000000000000000e+01 -2.563680112361907959e-01
3.700000000000000000e+01 -2.448254078626632690e-01
3.800000000000000000e+01 -2.319868505001068115e-01
3.900000000000000000e+01 -2.181345671415328979e-01
4.000000000000000000e+01 -2.034335732460021973e-01
4.100000000000000000e+01 -1.882458031177520752e-01
4.200000000000000000e+01 -1.727055609226226807e-01
4.300000000000000000e+01 -1.568251848220825195e-01
4.400000000000000000e+01 -1.407874673604965210e-01
4.500000000000000000e+01 -1.248330771923065186e-01
4.600000000000000000e+01 -1.090609133243560791e-01
4.700000000000000000e+01 -9.356625378131866455e-02
4.800000000000000000e+01 -7.838835567235946655e-02
4.900000000000000000e+01 -6.342919170856475830e-02
5.000000000000000000e+01 -4.877926036715507507e-02
5.100000000000000000e+01 -3.493262454867362976e-02
5.200000000000000000e+01 -2.196140214800834656e-02
5.300000000000000000e+01 -9.945113211870193481e-03
5.400000000000000000e+01 1.227365457452833652e-03
5.500000000000000000e+01 1.158188097178936005e-02
5.600000000000000000e+01 2.129529230296611786e-02
5.700000000000000000e+01 3.047479689121246338e-02
5.800000000000000000e+01 3.886853903532028198e-02
5.900000000000000000e+01 4.658127576112747192e-02
6.000000000000000000e+01 5.408585444092750549e-02
6.100000000000000000e+01 6.057721003890037537e-02
6.200000000000000000e+01 6.629213690757751465e-02
6.300000000000000000e+01 7.145887613296508789e-02
6.400000000000000000e+01 7.617577910423278809e-02
6.500000000000000000e+01 7.993415743112564087e-02
6.600000000000000000e+01 8.307991921901702881e-02
6.700000000000000000e+01 8.540301024913787842e-02
6.800000000000000000e+01 8.683527261018753052e-02
6.900000000000000000e+01 8.718875050544738770e-02
7.000000000000000000e+01 8.648788183927536011e-02
7.100000000000000000e+01 8.446013927459716797e-02
7.200000000000000000e+01 8.187048882246017456e-02
7.300000000000000000e+01 7.871449738740921021e-02
7.400000000000000000e+01 7.529738545417785645e-02
7.500000000000000000e+01 7.141732424497604370e-02
7.600000000000000000e+01 6.743299216032028198e-02
7.700000000000000000e+01 6.395863741636276245e-02
7.800000000000000000e+01 6.055924668908119202e-02
7.900000000000000000e+01 5.767549201846122742e-02
8.000000000000000000e+01 5.510105565190315247e-02
8.100000000000000000e+01 5.273128300905227661e-02
8.200000000000000000e+01 5.056963115930557251e-02
8.300000000000000000e+01 4.818454012274742126e-02
8.400000000000000000e+01 4.559222608804702759e-02
8.500000000000000000e+01 4.311042279005050659e-02
8.600000000000000000e+01 4.065382853150367737e-02
8.700000000000000000e+01 3.846536204218864441e-02
8.800000000000000000e+01 3.624705970287322998e-02
8.900000000000000000e+01 3.438042104244232178e-02
9.000000000000000000e+01 3.254477307200431824e-02
9.100000000000000000e+01 3.034184873104095459e-02
9.200000000000000000e+01 2.828579582273960114e-02
9.300000000000000000e+01 2.684090286493301392e-02
9.400000000000000000e+01 2.493940852582454681e-02
9.500000000000000000e+01 2.285302244126796722e-02
9.600000000000000000e+01 2.027961611747741699e-02
9.700000000000000000e+01 1.688882336020469666e-02
9.800000000000000000e+01 1.682280562818050385e-02
9.900000000000000000e+01 1.327989622950553894e-02
