1.000000000000000000e+00 1.000000000000000000e+00
2.000000000000000000e+00 9.006661176681518555e-01
3.000000000000000000e+00 8.236606717109680176e-01
4.000000000000000000e+00 7.566208243370056152e-01
5.000000000000000000e+00 6.944656968116760254e-01
6.000000000000000000e+00 6.350967288017272949e-01
7.000000000000000000e+00 5.771199464797973633e-01
8.000000000000000000e+00 5.200405120849609375e-01
9.000000000000000000e+00 4.641140699386596680e-01
1.000000000000000000e+01 4.090143144130706787e-01
1.100000000000000000e+01 3.543314933776855469e-01
1.200000000000000000e+01 3.003112077713012695e-01
1.300000000000000000e+01 2.471527755260467529e-01
1.400000000000000000e+01 1.948508620262145996e-01
1.500000000000000000e+01 1.442035138607025146e-01
1.600000000000000000e+01 9.519001841545104980e-02
1.700000000000000000e+01 4.808492586016654968e-02
1.800000000000000000e+01 2.950784750282764435e-03
1.900000000000000000e+01 -3.973481431603431702e-02
2.000000000000000000e+01 -7.955662161111831665e-02
2.100000000000000000e+01 -1.163769811391830444e-01
2.200000000000000000e+01 -1.498853266239166260e-01
2.300000000000000000e+01 -1.798037588596343994e-01
2.400000000000000000e+01 -2.060151249170303345e-01
2.500000000000000000e+01 -2.283298373222351074e-01
2.600000000000000000e+01 -2.470985502004623413e-01
2.700000000000000000e+01 -2.621690928936004639e-01
2.800000000000000000e+01 -2.733513712882995605e-01
2.900000000000000000e+01 -2.813562452793121338e-01
3.000000000000000000e+01 -2.859588861465454102e-01
3.100000000000000000e+01 -2.876186370849609375e-01
3.200000000000000000e+01 -2.864646315574645996e-01
3.300000000000000000e+01 -2.826622128486633301e-01
3.400000000000000000e+01 -2.768014967441558838e-01
3.500000000000000000e+01 -2.688612341880798340e-01
3.600000000000000000e+01 -2.593733072280883789e-01
3.700000000000000000e+01 -2.481401264667510986e-01
3.800000000000000000e+01 -2.356808483600616455e-01
3.900000000000000000e+01 -2.220326960086822510e-01
4.000000000000000000e+01 -2.073373645544052124e-01
4.100000000000000000e+01 -1.921461522579193115e-01
4.200000000000000000e+01 -1.765062958002090454e-01
4.300000000000000000e+01 -1.605609953403472900e-01
4.400000000000000000e+01 -1.443678736686706543e-01
4.500000000000000000e+01 -1.281235665082931519e-01
4.600000000000000000e+01 -1.122823730111122131e-01
4.700000000000000000e+01 -9.643884003162384033e-02
4.800000000000000000e+01 -8.124083280563354492e-02
4.900000000000000000e+01 -6.633197516202926636e-02
5.000000000000000000e+01 -5.184428766369819641e-02
5.100000000000000000e+01 -3.780934587121009827e-02
5.200000000000000000e+01 -2.427434362471103668e-02
5.300000000000000000e+01 -1.144202798604965210e-02
5.400000000000000000e+01 4.930058494210243225e-04
5.500000000000000000e+01 1.171735115349292755e-02
5.600000000000000000e+01 2.211887016892433167e-02
5.700000000000000000e+01 3.170588985085487366e-02
5.800000000000000000e+01 4.018192365765571594e-02
5.900000000000000000e+01 4.819272831082344055e-02
6.000000000000000000e+01 5.553080514073371887e-02
6.100000000000000000e+01 6.230771169066429138e-02
6.200000000000000000e+01 6.858770549297332764e-02
6.300000000000000000e+01 7.379680126905441284e-02
6.400000000000000000e+01 7.858210057020187378e-02
6.500000000000000000e+01 8.287642896175384521e-02
6.600000000000000000e+01 8.630891889333724976e-02
6.700000000000000000e+01 8.894941210746765137e-02
6.800000000000000000e+01 9.026693552732467651e-02
6.900000000000000000e+01 9.064592421054840088e-02
7.000000000000000000e+01 8.995851129293441772e-02
7.100000000000000000e+01 8.780206739902496338e-02
7.200000000000000000e+01 8.522288501262664795e-02
7.300000000000000000e+01 8.177751302719116211e-02
7.400000000000000000e+01 7.801342010498046875e-02
7.500000000000000000e+01 7.402915507555007935e-02
7.600000000000000000e+01 7.017827779054641724e-02
7.700000000000000000e+01 6.593500077724456787e-02
7.800000000000000000e+01 6.168798729777336121e-02
7.900000000000000000e+01 5.785202234983444214e-02
8.000000000000000000e+01 5.486611649394035339e-02
8.100000000000000000e+01 5.262121185660362244e-02
8.200000000000000000e+01 5.003366619348526001e-02
8.300000000000000000e+01 4.748538509011268616e-02
8.400000000000000000e+01 4.473224654793739319e-02
8.500000000000000000e+01 4.188659787178039551e-02
8.600000000000000000e+01 3.972879424691200256e-02
8.700000000000000000e+01 3.796273097395896912e-02
8.800000000000000000e+01 3.649558126926422119e-02
8.900000000000000000e+01 3.497017920017242432e-02
9.000000000000000000e+01 3.325291723012924194e-02
9.100000000000000000e+01 3.166005760431289673e-02
9.200000000000000000e+01 2.975103445351123810e-02
9.300000000000000000e+01 2.746492251753807068e-02
9.400000000000000000e+01 2.555736340582370758e-02
9.500000000000000000e+01 2.334213256835937500e-02
9.600000000000000000e+01 2.184316515922546387e-02
9.700000000000000000e+01 1.927088946104049683e-02
9.800000000000000000e+01 1.503093540668487549e-02
9.900000000000000000e+01 1.288538798689842224e-02
