1.000000000000000000e+00 1.000000000000000000e+00
2.000000000000000000e+00 9.022907018661499023e-01
3.000000000000000000e+00 8.257250785827636719e-01
4.000000000000000000e+00 7.591347694396972656e-01
5.000000000000000000e+00 6.975412964820861816e-01
6.000000000000000000e+00 6.382167339324951172e-01
7.000000000000000000e+00 5.805297493934631348e-01
8.000000000000000000e+00 5.239807367324829102e-01
9.000000000000000000e+00 4.680515527725219727e-01
1.000000000000000000e+01 4.129557907581329346e-01
1.100000000000000000e+01 3.583636283874511719e-01
1.200000000000000000e+01 3.044147491455078125e-01
1.300000000000000000e+01 2.511912286281585693e-01
1.400000000000000000e+01 1.992131024599075317e-01
1.500000000000000000e+01 1.482846289873123169e-01
1.600000000000000000e+01 9.892451018095016479e-02
1.700000000000000000e+01 5.119585618376731873e-02
1.800000000000000000e+01 5.846426822245121002e-03
1.900000000000000000e+01 -3.705849871039390564e-02
2.000000000000000000e+01 -7.735697180032730103e-02
2.100000000000000000e+01 -1.145600974559783936e-01
2.200000000000000000e+01 -1.485165357589721680e-01
2.300000000000000000e+01 -1.789588034152984619e-01
2.400000000000000000e+01 -2.056505978107452393e-01
2.500000000000000000e+01 -2.286751717329025269e-01
2.600000000000000000e+01 -2.481576949357986450e-01
2.700000000000000000e+01 -2.638271450996398926e-01
2.800000000000000000e+01 -2.757669687271118164e-01
2.900000000000000000e+01 -2.843386232852935791e-01
3.000000000000000000e+01 -2.896127998828887939e-01
3.100000000000000000e+01 -2.917007803916931152e-01
3.200000000000000000e+01 -2.908130884170532227e-01
3.300000000000000000e+01 -2.873198390007019043e-01
3.400000000000000000e+01 -2.817232906818389893e-01
3.500000000000000000e+01 -2.739862799644470215e-01
3.600000000000000000e+01 -2.646746635437011719e-01
3.700000000000000000e+01 -2.536063492298126221e-01
3.800000000000000000e+01 -2.411473393440246582e-01
3.900000000000000000e+01 -2.272354066371917725e-01
4.000000000000000000e+01 -2.126313596963882446e-01
4.100000000000000000e+01 -1.972214430570602417e-01
4.200000000000000000e+01 -1.812899559736251831e-01
4.300000000000000000e+01 -1.649464517831802368e-01
4.400000000000000000e+01 -1.484853625297546387e-01
4.500000000000000000e+01 -1.316243857145309448e-01
4.600000000000000000e+01 -1.150589734315872192e-01
4.700000000000000000e+01 -9.869446605443954468e-02
4.800000000000000000e+01 -8.262546360492706299e-02
4.900000000000000000e+01 -6.671818345785140991e-02
5.000000000000000000e+01 -5.134267732501029968e-02
5.100000000000000000e+01 -3.659522160887718201e-02
5.200000000000000000e+01 -2.232819795608520508e-02
5.300000000000000000e+01 -8.762412704527378082e-03
5.400000000000000000e+01 3.399629844352602959e-03
5.500000000000000000e+01 1.479272264987230301e-02
5.600000000000000000e+01 2.510659210383892059e-02
5.700000000000000000e+01 3.454263508319854736e-02
5.800000000000000000e+01 4.324930533766746521e-02
5.900000000000000000e+01 5.154065415263175964e-02
6.000000000000000000e+01 5.880503356456756592e-02
6.100000000000000000e+01 6.506833434104919434e-02
6.200000000000000000e+01 7.084838300943374634e-02
6.300000000000000000e+01 7.601153105497360229e-02
6.400000000000000000e+01 8.085133135318756104e-02
6.500000000000000000e+01 8.462215214967727661e-02
6.600000000000000000e+01 8.782602846622467041e-02
6.700000000000000000e+01 9.068147838115692139e-02
6.800000000000000000e+01 9.232129156589508057e-02
6.900000000000000000e+01 9.287118166685104370e-02
7.000000000000000000e+01 9.214077144861221313e-02
7.100000000000000000e+01 9.002088010311126709e-02
7.200000000000000000e+01 8.678694814443588257e-02
7.300000000000000000e+01 8.334825187921524048e-02
7.400000000000000000e+01 7.945397496223449707e-02
7.500000000000000000e+01 7.503259927034378052e-02
7.600000000000000000e+01 7.046029716730117798e-02
7.700000000000000000e+01 6.608167290687561035e-02
7.800000000000000000e+01 6.213871389627456665e-02
7.900000000000000000e+01 5.925880745053291321e-02
8.000000000000000000e+01 5.680133774876594543e-02
8.100000000000000000e+01 5.433641374111175537e-02
8.200000000000000000e+01 5.178818106651306152e-02
8.300000000000000000e+01 4.926161095499992371e-02
8.400000000000000000e+01 4.668690264225006104e-02
8.500000000000000000e+01 4.406350851058959961e-02
8.600000000000000000e+01 4.188971593976020813e-02
8.700000000000000000e+01 3.975081071257591248e-02
8.800000000000000000e+01 3.759263828396797180e-02
8.900000000000000000e+01 3.572077676653862000e-02
9.000000000000000000e+01 3.470890969038009644e-02
9.100000000000000000e+01 3.395472466945648193e-02
9.200000000000000000e+01 3.235465660691261292e-02
9.300000000000000000e+01 3.059332631528377533e-02
9.400000000000000000e+01 2.827518247067928314e-02
9.500000000000000000e+01 2.659613080322742462e-02
9.600000000000000000e+01 2.383522316813468933e-02
9.700000000000000000e+01 2.037298120558261871e-02
9.800000000000000000e+01 1.672685146331787109e-02
9.900000000000000000e+01 1.104823872447013855e-02
