1.000000000000000000e+00 1.000000000000000000e+00
2.000000000000000000e+00 8.963395357131958008e-01
3.000000000000000000e+00 8.157232403755187988e-01
4.000000000000000000e+00 7.459241747856140137e-01
5.000000000000000000e+00 6.815609335899353027e-01
6.000000000000000000e+00 6.199926137924194336e-01
7.000000000000000000e+00 5.606048703193664551e-01
8.000000000000000000e+00 5.025632977485656738e-01
9.000000000000000000e+00 4.455763101577758789e-01
1.000000000000000000e+01 3.894697725772857666e-01
1.100000000000000000e+01 3.343133926391601562e-01
1.200000000000000000e+01 2.802167832851409912e-01
1.300000000000000000e+01 2.271971106529235840e-01
1.400000000000000000e+01 1.754630953073501587e-01
1.500000000000000000e+01 1.252719610929489136e-01
1.600000000000000000e+01 7.684167474508285522e-02
1.700000000000000000e+01 3.051799349486827850e-02
1.800000000000000000e+01 -1.328283362090587616e-02
1.900000000000000000e+01 -5.434413254261016846e-02
2.000000000000000000e+01 -9.228199720382690430e-02
2.100000000000000000e+01 -1.271049827337265015e-01
2.200000000000000000e+01 -1.583090126514434814e-01
2.300000000000000000e+01 -1.857026666402816772e-01
2.400000000000000000e+01 -2.095638215541839600e-01
2.500000000000000000e+01 -2.296053022146224976e-01
2.600000000000000000e+01 -2.459884583950042725e-01
2.700000000000000000e+01 -2.585538327693939209e-01
2.800000000000000000e+01 -2.675180137157440186e-01
2.900000000000000000e+01 -2.732771635055541992e-01
3.000000000000000000e+01 -2.759383022785186768e-01
3.100000000000000000e+01 -2.757000625133514404e-01
3.200000000000000000e+01 -2.731107473373413086e-01
3.300000000000000000e+01 -2.679182589054107666e-01
3.400000000000000000e+01 -2.606568634510040283e-01
3.500000000000000000e+01 -2.516865730285644531e-01
3.600000000000000000e+01 -2.408928126096725464e-01
3.700000000000000000e+01 -2.286383211612701416e-01
3.800000000000000000e+01 -2.151818871498107910e-01
3.900000000000000000e+01 -2.009941041469573975e-01
4.000000000000000000e+01 -1.861217617988586426e-01
4.100000000000000000e+01 -1.708816289901733398e-01
4.200000000000000000e+01 -1.554279774427413940e-01
4.300000000000000000e+01 -1.399076133966445923e-01
4.400000000000000000e+01 -1.243428960442543030e-01
4.500000000000000000e+01 -1.086874231696128845e-01
4.600000000000000000e+01 -9.352313727140426636e-02
4.700000000000000000e+01 -7.866841554641723633e-02
4.800000000000000000e+01 -6.440854072570800781e-02
4.900000000000000000e+01 -5.057422071695327759e-02
5.000000000000000000e+01 -3.736757487058639526e-02
5.100000000000000000e+01 -2.441662549972534180e-02
5.200000000000000000e+01 -1.241616252809762955e-02
5.300000000000000000e+01 -1.496889162808656693e-03
5.400000000000000000e+01 8.366830646991729736e-03
5.500000000000000000e+01 1.783351227641105652e-02
5.600000000000000000e+01 2.627066895365715027e-02
5.700000000000000000e+01 3.414061293005943298e-02
5.800000000000000000e+01 4.125492647290229797e-02
5.900000000000000000e+01 4.752120375633239746e-02
6.000000000000000000e+01 5.298073589801788330e-02
6.100000000000000000e+01 5.786197260022163391e-02
6.200000000000000000e+01 6.207213178277015686e-02
6.300000000000000000e+01 6.578723341226577759e-02
6.400000000000000000e+01 6.914990395307540894e-02
6.500000000000000000e+01 7.184402644634246826e-02
6.600000000000000000e+01 7.352356612682342529e-02
6.700000000000000000e+01 7.458023726940155029e-02
6.800000000000000000e+01 7.504393160343170166e-02
6.900000000000000000e+01 7.493432611227035522e-02
7.000000000000000000e+01 7.380621880292892456e-02
7.100000000000000000e+01 7.186947762966156006e-02
7.200000000000000000e+01 6.902243196964263916e-02
7.300000000000000000e+01 6.593199819326400757e-02
7.400000000000000000e+01 6.230123341083526611e-02
7.500000000000000000e+01 5.850645527243614197e-02
7.600000000000000000e+01 5.454611405730247498e-02
7.700000000000000000e+01 5.074502527713775635e-02
7.800000000000000000e+01 4.666780680418014526e-02
7.900000000000000000e+01 4.325641319155693054e-02
8.000000000000000000e+01 4.026343300938606262e-02
8.100000000000000000e+01 3.765387833118438721e-02
8.200000000000000000e+01 3.571419045329093933e-02
8.300000000000000000e+01 3.409765288233757019e-02
8.400000000000000000e+01 3.238854184746742249e-02
8.500000000000000000e+01 3.013258054852485657e-02
8.600000000000000000e+01 2.838862873613834381e-02
8.700000000000000000e+01 2.680385299026966095e-02
8.800000000000000000e+01 2.515092678368091583e-02
8.900000000000000000e+01 2.378831803798675537e-02
9.000000000000000000e+01 2.253992296755313873e-02
9.100000000000000000e+01 2.086547948420047760e-02
9.200000000000000000e+01 1.931599155068397522e-02
9.300000000000000000e+01 1.785422489047050476e-02
9.400000000000000000e+01 1.624411903321743011e-02
9.500000000000000000e+01 1.478831470012664795e-02
9.600000000000000000e+01 1.294913329184055328e-02
9.700000000000000000e+01 1.103270426392555237e-02
9.800000000000000000e+01 7.749734446406364441e-03
9.900000000000000000e+01 5.418900400400161743e-03
