1.000000000000000000e+00 1.000000000000000000e+00
2.000000000000000000e+00 8.890210390090942383e-01
3.000000000000000000e+00 8.030533790588378906e-01
4.000000000000000000e+00 7.287360429763793945e-01
5.000000000000000000e+00 6.608072519302368164e-01
6.000000000000000000e+00 5.964383482933044434e-01
7.000000000000000000e+00 5.346810221672058105e-01
8.000000000000000000e+00 4.750101566314697266e-01
9.000000000000000000e+00 4.169006943702697754e-01
1.000000000000000000e+01 3.601864278316497803e-01
1.100000000000000000e+01 3.048886060714721680e-01
1.200000000000000000e+01 2.508015334606170654e-01
1.300000000000000000e+01 1.983437240123748779e-01
1.400000000000000000e+01 1.475644856691360474e-01
1.500000000000000000e+01 9.846026450395584106e-02
1.600000000000000000e+01 5.190489441156387329e-02
1.700000000000000000e+01 7.397958543151617050e-03
1.800000000000000000e+01 -3.425750136375427246e-02
1.900000000000000000e+01 -7.284260541200637817e-02
2.000000000000000000e+01 -1.081317961215972900e-01
2.100000000000000000e+01 -1.400293856859207153e-01
2.200000000000000000e+01 -1.683077961206436157e-01
2.300000000000000000e+01 -1.923409253358840942e-01
2.400000000000000000e+01 -2.125607281923294067e-01
2.500000000000000000e+01 -2.289268970489501953e-01
2.600000000000000000e+01 -2.413151264190673828e-01
2.700000000000000000e+01 -2.505159676074981689e-01
2.800000000000000000e+01 -2.563636898994445801e-01
2.900000000000000000e+01 -2.590556740760803223e-01
3.000000000000000000e+01 -2.588976323604583740e-01
3.100000000000000000e+01 -2.562100887298583984e-01
3.200000000000000000e+01 -2.506822347640991211e-01
3.300000000000000000e+01 -2.430590540170669556e-01
3.400000000000000000e+01 -2.335844188928604126e-01
3.500000000000000000e+01 -2.225296199321746826e-01
3.600000000000000000e+01 -2.104351073503494263e-01
3.700000000000000000e+01 -1.973806619644165039e-01
3.800000000000000000e+01 -1.832710057497024536e-01
3.900000000000000000e+01 -1.688240170478820801e-01
4.000000000000000000e+01 -1.540417522192001343e-01
4.100000000000000000e+01 -1.389659494161605835e-01
4.200000000000000000e+01 -1.237992271780967712e-01
4.300000000000000000e+01 -1.084771826863288879e-01
4.400000000000000000e+01 -9.348708391189575195e-02
4.500000000000000000e+01 -7.970823347568511963e-02
4.600000000000000000e+01 -6.607613712549209595e-02
4.700000000000000000e+01 -5.277823284268379211e-02
4.800000000000000000e+01 -4.012909904122352600e-02
4.900000000000000000e+01 -2.794796787202358246e-02
5.000000000000000000e+01 -1.610856503248214722e-02
5.100000000000000000e+01 -4.805320408195257187e-03
5.200000000000000000e+01 5.422099027782678604e-03
5.300000000000000000e+01 1.531507726758718491e-02
5.400000000000000000e+01 2.379036881029605865e-02
5.500000000000000000e+01 3.111074678599834442e-02
5.600000000000000000e+01 3.757736831903457642e-02
5.700000000000000000e+01 4.354837164282798767e-02
5.800000000000000000e+01 4.885717481374740601e-02
5.900000000000000000e+01 5.354325473308563232e-02
6.000000000000000000e+01 5.721043422818183899e-02
6.100000000000000000e+01 6.050294265151023865e-02
6.200000000000000000e+01 6.268610060214996338e-02
6.300000000000000000e+01 6.427085399627685547e-02
6.400000000000000000e+01 6.520409137010574341e-02
6.500000000000000000e+01 6.595886498689651489e-02
6.600000000000000000e+01 6.581415981054306030e-02
6.700000000000000000e+01 6.518070399761199951e-02
6.800000000000000000e+01 6.389063596725463867e-02
6.900000000000000000e+01 6.246284395456314087e-02
7.000000000000000000e+01 6.034082174301147461e-02
7.100000000000000000e+01 5.785099789500236511e-02
7.200000000000000000e+01 5.466884002089500427e-02
7.300000000000000000e+01 5.081844329833984375e-02
7.400000000000000000e+01 4.677784070372581482e-02
7.500000000000000000e+01 4.230585321784019470e-02
7.600000000000000000e+01 3.765616565942764282e-02
7.700000000000000000e+01 3.288283571600914001e-02
7.800000000000000000e+01 2.862503193318843842e-02
7.900000000000000000e+01 2.484823204576969147e-02
8.000000000000000000e+01 2.182711102068424225e-02
8.100000000000000000e+01 1.917992532253265381e-02
8.200000000000000000e+01 1.612661033868789673e-02
8.300000000000000000e+01 1.345602236688137054e-02
8.400000000000000000e+01 1.131425052881240845e-02
8.500000000000000000e+01 9.585847146809101105e-03
8.600000000000000000e+01 7.890496402978897095e-03
8.700000000000000000e+01 6.112062372267246246e-03
8.800000000000000000e+01 3.747000591829419136e-03
8.900000000000000000e+01 1.652516424655914307e-03
9.000000000000000000e+01 -6.516267894767224789e-04
9.100000000000000000e+01 -3.268598346039652824e-03
9.200000000000000000e+01 -5.959238391369581223e-03
9.300000000000000000e+01 -8.438093587756156921e-03
9.400000000000000000e+01 -1.002577878534793854e-02
9.500000000000000000e+01 -1.083578448742628098e-02
9.600000000000000000e+01 -1.139764767140150070e-02
9.700000000000000000e+01 -1.208784338086843491e-02
9.800000000000000000e+01 -1.438898500055074692e-02
9.900000000000000000e+01 -1.691515743732452393e-02
