1.000000000000000000e+00 1.000000000000000000e+00
2.000000000000000000e+00 8.905047774314880371e-01
3.000000000000000000e+00 8.055624365806579590e-01
4.000000000000000000e+00 7.322935461997985840e-01
5.000000000000000000e+00 6.650549769401550293e-01
6.000000000000000000e+00 6.010916829109191895e-01
7.000000000000000000e+00 5.397981405258178711e-01
8.000000000000000000e+00 4.805588126182556152e-01
9.000000000000000000e+00 4.228898286819458008e-01
1.000000000000000000e+01 3.665060698986053467e-01
1.100000000000000000e+01 3.110121488571166992e-01
1.200000000000000000e+01 2.569920718669891357e-01
1.300000000000000000e+01 2.042285948991775513e-01
1.400000000000000000e+01 1.528787463903427124e-01
1.500000000000000000e+01 1.031946763396263123e-01
1.600000000000000000e+01 5.580736324191093445e-02
1.700000000000000000e+01 1.085794158279895782e-02
1.800000000000000000e+01 -3.119901567697525024e-02
1.900000000000000000e+01 -7.011631131172180176e-02
2.000000000000000000e+01 -1.059040948748588562e-01
2.100000000000000000e+01 -1.378901451826095581e-01
2.200000000000000000e+01 -1.662196367979049683e-01
2.300000000000000000e+01 -1.909337937831878662e-01
2.400000000000000000e+01 -2.118865698575973511e-01
2.500000000000000000e+01 -2.289429455995559692e-01
2.600000000000000000e+01 -2.424658089876174927e-01
2.700000000000000000e+01 -2.521699070930480957e-01
2.800000000000000000e+01 -2.582658231258392334e-01
2.900000000000000000e+01 -2.614101171493530273e-01
3.000000000000000000e+01 -2.615063190460205078e-01
3.100000000000000000e+01 -2.592397034168243408e-01
3.200000000000000000e+01 -2.544143199920654297e-01
3.300000000000000000e+01 -2.471750527620315552e-01
3.400000000000000000e+01 -2.378256916999816895e-01
3.500000000000000000e+01 -2.271376550197601318e-01
3.600000000000000000e+01 -2.151576578617095947e-01
3.700000000000000000e+01 -2.021563798189163208e-01
3.800000000000000000e+01 -1.880773603916168213e-01
3.900000000000000000e+01 -1.734553575515747070e-01
4.000000000000000000e+01 -1.585225909948348999e-01
4.100000000000000000e+01 -1.434312164783477783e-01
4.200000000000000000e+01 -1.281548440456390381e-01
4.300000000000000000e+01 -1.132244616746902466e-01
4.400000000000000000e+01 -9.876124560832977295e-02
4.500000000000000000e+01 -8.458334952592849731e-02
4.600000000000000000e+01 -7.067139446735382080e-02
4.700000000000000000e+01 -5.705264583230018616e-02
4.800000000000000000e+01 -4.375435411930084229e-02
4.900000000000000000e+01 -3.103820420801639557e-02
5.000000000000000000e+01 -1.875035837292671204e-02
5.100000000000000000e+01 -7.519553881138563156e-03
5.200000000000000000e+01 3.060829825699329376e-03
5.300000000000000000e+01 1.272511761635541916e-02
5.400000000000000000e+01 2.162436768412590027e-02
5.500000000000000000e+01 2.979168482124805450e-02
5.600000000000000000e+01 3.717503324151039124e-02
5.700000000000000000e+01 4.351658374071121216e-02
5.800000000000000000e+01 4.893453791737556458e-02
5.900000000000000000e+01 5.347188562154769897e-02
6.000000000000000000e+01 5.732305347919464111e-02
6.100000000000000000e+01 6.073484942317008972e-02
6.200000000000000000e+01 6.324892491102218628e-02
6.300000000000000000e+01 6.534724682569503784e-02
6.400000000000000000e+01 6.637768447399139404e-02
6.500000000000000000e+01 6.703912466764450073e-02
6.600000000000000000e+01 6.695887446403503418e-02
6.700000000000000000e+01 6.602184474468231201e-02
6.800000000000000000e+01 6.469076126813888550e-02
6.900000000000000000e+01 6.289360672235488892e-02
7.000000000000000000e+01 6.074770167469978333e-02
7.100000000000000000e+01 5.782023072242736816e-02
7.200000000000000000e+01 5.436382442712783813e-02
7.300000000000000000e+01 5.072454363107681274e-02
7.400000000000000000e+01 4.675566405057907104e-02
7.500000000000000000e+01 4.277173429727554321e-02
7.600000000000000000e+01 3.887968137860298157e-02
7.700000000000000000e+01 3.467162698507308960e-02
7.800000000000000000e+01 3.107405453920364380e-02
7.900000000000000000e+01 2.752429805696010590e-02
8.000000000000000000e+01 2.428586222231388092e-02
8.100000000000000000e+01 2.155715413391590118e-02
8.200000000000000000e+01 1.921935193240642548e-02
8.300000000000000000e+01 1.716840080916881561e-02
8.400000000000000000e+01 1.461882423609495163e-02
8.500000000000000000e+01 1.189374551177024841e-02
8.600000000000000000e+01 9.415764361619949341e-03
8.700000000000000000e+01 6.978203542530536652e-03
8.800000000000000000e+01 4.999159835278987885e-03
8.900000000000000000e+01 2.709265332669019699e-03
9.000000000000000000e+01 1.460219034925103188e-03
9.100000000000000000e+01 -7.063401862978935242e-04
9.200000000000000000e+01 -1.866698963567614555e-03
9.300000000000000000e+01 -2.807452110573649406e-03
9.400000000000000000e+01 -4.224291071295738220e-03
9.500000000000000000e+01 -5.944185890257358551e-03
9.600000000000000000e+01 -7.751494180411100388e-03
9.700000000000000000e+01 -8.283831179141998291e-03
9.800000000000000000e+01 -6.074273958802223206e-03
9.900000000000000000e+01 -8.582793176174163818e-03
