1.000000000000000000e+00 1.000000000000000000e+00
2.000000000000000000e+00 8.830327987670898438e-01
3.000000000000000000e+00 7.930586934089660645e-01
4.000000000000000000e+00 7.160015106201171875e-01
5.000000000000000000e+00 6.457601189613342285e-01
6.000000000000000000e+00 5.801843404769897461e-01
7.000000000000000000e+00 5.176627635955810547e-01
8.000000000000000000e+00 4.574029147624969482e-01
9.000000000000000000e+00 3.989911377429962158e-01
1.000000000000000000e+01 3.422266840934753418e-01
1.100000000000000000e+01 2.873414158821105957e-01
1.200000000000000000e+01 2.339585125446319580e-01
1.300000000000000000e+01 1.822295784950256348e-01
1.400000000000000000e+01 1.325014829635620117e-01
1.500000000000000000e+01 8.470150083303451538e-02
1.600000000000000000e+01 3.935554996132850647e-02
1.700000000000000000e+01 -3.261646954342722893e-03
1.800000000000000000e+01 -4.289456456899642944e-02
1.900000000000000000e+01 -7.922977209091186523e-02
2.000000000000000000e+01 -1.121816188097000122e-01
2.100000000000000000e+01 -1.416308432817459106e-01
2.200000000000000000e+01 -1.672525852918624878e-01
2.300000000000000000e+01 -1.890271157026290894e-01
2.400000000000000000e+01 -2.071862220764160156e-01
2.500000000000000000e+01 -2.216337174177169800e-01
2.600000000000000000e+01 -2.324129194021224976e-01
2.700000000000000000e+01 -2.397398203611373901e-01
2.800000000000000000e+01 -2.439066469669342041e-01
2.900000000000000000e+01 -2.450402677059173584e-01
3.000000000000000000e+01 -2.434464693069458008e-01
3.100000000000000000e+01 -2.394200563430786133e-01
3.200000000000000000e+01 -2.332774847745895386e-01
3.300000000000000000e+01 -2.254313528537750244e-01
3.400000000000000000e+01 -2.161809951066970825e-01
3.500000000000000000e+01 -2.055923789739608765e-01
3.600000000000000000e+01 -1.936469823122024536e-01
3.700000000000000000e+01 -1.810866296291351318e-01
3.800000000000000000e+01 -1.673699319362640381e-01
3.900000000000000000e+01 -1.534523516893386841e-01
4.000000000000000000e+01 -1.396558582782745361e-01
4.100000000000000000e+01 -1.254495978355407715e-01
4.200000000000000000e+01 -1.113023981451988220e-01
4.300000000000000000e+01 -9.743289649486541748e-02
4.400000000000000000e+01 -8.399709314107894897e-02
4.500000000000000000e+01 -7.035462558269500732e-02
4.600000000000000000e+01 -5.718870460987091064e-02
4.700000000000000000e+01 -4.489672929048538208e-02
4.800000000000000000e+01 -3.348430246114730835e-02
4.900000000000000000e+01 -2.243506349623203278e-02
5.000000000000000000e+01 -1.172622106969356537e-02
5.100000000000000000e+01 -1.706197974272072315e-03
5.200000000000000000e+01 7.717371452599763870e-03
5.300000000000000000e+01 1.628870517015457153e-02
5.400000000000000000e+01 2.400137856602668762e-02
5.500000000000000000e+01 3.072685748338699341e-02
5.600000000000000000e+01 3.635582327842712402e-02
5.700000000000000000e+01 4.141247645020484924e-02
5.800000000000000000e+01 4.566011205315589905e-02
5.900000000000000000e+01 4.917470365762710571e-02
6.000000000000000000e+01 5.185549706220626831e-02
6.100000000000000000e+01 5.395811423659324646e-02
6.200000000000000000e+01 5.500004068017005920e-02
6.300000000000000000e+01 5.561295896768569946e-02
6.400000000000000000e+01 5.595067515969276428e-02
6.500000000000000000e+01 5.558640137314796448e-02
6.600000000000000000e+01 5.514462292194366455e-02
6.700000000000000000e+01 5.413729324936866760e-02
6.800000000000000000e+01 5.294934660196304321e-02
6.900000000000000000e+01 5.097236484289169312e-02
7.000000000000000000e+01 4.803835228085517883e-02
7.100000000000000000e+01 4.530512914061546326e-02
7.200000000000000000e+01 4.179178923368453979e-02
7.300000000000000000e+01 3.840029984712600708e-02
7.400000000000000000e+01 3.407436981797218323e-02
7.500000000000000000e+01 2.996318601071834564e-02
7.600000000000000000e+01 2.636822126805782318e-02
7.700000000000000000e+01 2.262502722442150116e-02
7.800000000000000000e+01 1.992968097329139709e-02
7.900000000000000000e+01 1.752588525414466858e-02
8.000000000000000000e+01 1.568584516644477844e-02
8.100000000000000000e+01 1.429769210517406464e-02
8.200000000000000000e+01 1.265461649745702744e-02
8.300000000000000000e+01 1.102465670555830002e-02
8.400000000000000000e+01 9.622006677091121674e-03
8.500000000000000000e+01 8.336947299540042877e-03
8.600000000000000000e+01 7.624783553183078766e-03
8.700000000000000000e+01 6.206035148352384567e-03
8.800000000000000000e+01 5.342085845768451691e-03
8.900000000000000000e+01 4.844638518989086151e-03
9.000000000000000000e+01 4.263511858880519867e-03
9.100000000000000000e+01 3.769661532714962959e-03
9.200000000000000000e+01 2.805152907967567444e-03
9.300000000000000000e+01 1.566412509419023991e-03
9.400000000000000000e+01 2.042675914708524942e-04
9.500000000000000000e+01 -1.090629957616329193e-03
9.600000000000000000e+01 -2.138956449925899506e-03
9.700000000000000000e+01 -4.005375783890485764e-03
9.800000000000000000e+01 -9.524885565042495728e-03
9.900000000000000000e+01 -9.684287011623382568e-03
