1.000000000000000000e+00 1.000000000000000000e+00
2.000000000000000000e+00 8.978863954544067383e-01
3.000000000000000000e+00 8.185608983039855957e-01
4.000000000000000000e+00 7.494800090789794922e-01
5.000000000000000000e+00 6.856884360313415527e-01
6.000000000000000000e+00 6.249947547912597656e-01
7.000000000000000000e+00 5.662247538566589355e-01
8.000000000000000000e+00 5.084765553474426270e-01
9.000000000000000000e+00 4.518641233444213867e-01
1.000000000000000000e+01 3.962050676345825195e-01
1.100000000000000000e+01 3.413402140140533447e-01
1.200000000000000000e+01 2.876787483692169189e-01
1.300000000000000000e+01 2.349311560392379761e-01
1.400000000000000000e+01 1.832136511802673340e-01
1.500000000000000000e+01 1.328043788671493530e-01
1.600000000000000000e+01 8.414609730243682861e-02
1.700000000000000000e+01 3.756045177578926086e-02
1.800000000000000000e+01 -6.730725988745689392e-03
1.900000000000000000e+01 -4.849097877740859985e-02
2.000000000000000000e+01 -8.715437352657318115e-02
2.100000000000000000e+01 -1.227523386478424072e-01
2.200000000000000000e+01 -1.547980308532714844e-01
2.300000000000000000e+01 -1.834630817174911499e-01
2.400000000000000000e+01 -2.082416266202926636e-01
2.500000000000000000e+01 -2.292301952838897705e-01
2.600000000000000000e+01 -2.465476244688034058e-01
2.700000000000000000e+01 -2.600027322769165039e-01
2.800000000000000000e+01 -2.700763344764709473e-01
2.900000000000000000e+01 -2.764939069747924805e-01
3.000000000000000000e+01 -2.796153724193572998e-01
3.100000000000000000e+01 -2.800826132297515869e-01
3.200000000000000000e+01 -2.779958546161651611e-01
3.300000000000000000e+01 -2.737114429473876953e-01
3.400000000000000000e+01 -2.669823765754699707e-01
3.500000000000000000e+01 -2.582109272480010986e-01
3.600000000000000000e+01 -2.475524693727493286e-01
3.700000000000000000e+01 -2.354269623756408691e-01
3.800000000000000000e+01 -2.225125133991241455e-01
3.900000000000000000e+01 -2.084882259368896484e-01
4.000000000000000000e+01 -1.937832087278366089e-01
4.100000000000000000e+01 -1.783781498670578003e-01
4.200000000000000000e+01 -1.628849357366561890e-01
4.300000000000000000e+01 -1.474440395832061768e-01
4.400000000000000000e+01 -1.313183754682540894e-01
4.500000000000000000e+01 -1.155796125531196594e-01
4.600000000000000000e+01 -1.002073511481285095e-01
4.700000000000000000e+01 -8.527356386184692383e-02
4.800000000000000000e+01 -7.053887099027633667e-02
4.900000000000000000e+01 -5.622950568795204163e-02
5.000000000000000000e+01 -4.231121018528938293e-02
5.100000000000000000e+01 -2.922529727220535278e-02
5.200000000000000000e+01 -1.636608317494392395e-02
5.300000000000000000e+01 -4.370539449155330658e-03
5.400000000000000000e+01 6.728123407810926437e-03
5.500000000000000000e+01 1.686236262321472168e-02
5.600000000000000000e+01 2.623719163239002228e-02
5.700000000000000000e+01 3.450377658009529114e-02
5.800000000000000000e+01 4.198281094431877136e-02
5.900000000000000000e+01 4.856676608324050903e-02
6.000000000000000000e+01 5.459111183881759644e-02
6.100000000000000000e+01 6.033871695399284363e-02
6.200000000000000000e+01 6.563040614128112793e-02
6.300000000000000000e+01 7.024717330932617188e-02
6.400000000000000000e+01 7.408801466226577759e-02
6.500000000000000000e+01 7.748820632696151733e-02
6.600000000000000000e+01 8.015663921833038330e-02
6.700000000000000000e+01 8.210769295692443848e-02
6.800000000000000000e+01 8.306113630533218384e-02
6.900000000000000000e+01 8.279372006654739380e-02
7.000000000000000000e+01 8.172556012868881226e-02
7.100000000000000000e+01 7.984825223684310913e-02
7.200000000000000000e+01 7.701580971479415894e-02
7.300000000000000000e+01 7.375401258468627930e-02
7.400000000000000000e+01 6.953691691160202026e-02
7.500000000000000000e+01 6.487467139959335327e-02
7.600000000000000000e+01 6.028887629508972168e-02
7.700000000000000000e+01 5.565768852829933167e-02
7.800000000000000000e+01 5.146113783121109009e-02
7.900000000000000000e+01 4.771023988723754883e-02
8.000000000000000000e+01 4.438335821032524109e-02
8.100000000000000000e+01 4.117037728428840637e-02
8.200000000000000000e+01 3.754891455173492432e-02
8.300000000000000000e+01 3.404616564512252808e-02
8.400000000000000000e+01 3.141697868704795837e-02
8.500000000000000000e+01 2.901419624686241150e-02
8.600000000000000000e+01 2.710399404168128967e-02
8.700000000000000000e+01 2.519070170819759369e-02
8.800000000000000000e+01 2.322233468294143677e-02
8.900000000000000000e+01 2.172591909766197205e-02
9.000000000000000000e+01 2.035363391041755676e-02
9.100000000000000000e+01 1.890040561556816101e-02
9.200000000000000000e+01 1.767802052199840546e-02
9.300000000000000000e+01 1.634755544364452362e-02
9.400000000000000000e+01 1.446810364723205566e-02
9.500000000000000000e+01 1.310271210968494415e-02
9.600000000000000000e+01 1.180625241249799728e-02
9.700000000000000000e+01 9.739088825881481171e-03
9.800000000000000000e+01 9.025445207953453064e-03
9.900000000000000000e+01 5.256041418761014938e-03
