1.000000000000000000e+00 1.000000000000000000e+00
2.000000000000000000e+00 9.023120403289794922e-01
3.000000000000000000e+00 8.257838487625122070e-01
4.000000000000000000e+00 7.592561841011047363e-01
5.000000000000000000e+00 6.975260972976684570e-01
6.000000000000000000e+00 6.381639242172241211e-01
7.000000000000000000e+00 5.802915692329406738e-01
8.000000000000000000e+00 5.236032605171203613e-01
9.000000000000000000e+00 4.676699042320251465e-01
1.000000000000000000e+01 4.124542474746704102e-01
1.100000000000000000e+01 3.579958379268646240e-01
1.200000000000000000e+01 3.040448427200317383e-01
1.300000000000000000e+01 2.507197260856628418e-01
1.400000000000000000e+01 1.985937952995300293e-01
1.500000000000000000e+01 1.477942466735839844e-01
1.600000000000000000e+01 9.830577671527862549e-02
1.700000000000000000e+01 5.054894834756851196e-02
1.800000000000000000e+01 4.869224503636360168e-03
1.900000000000000000e+01 -3.820325061678886414e-02
2.000000000000000000e+01 -7.850246876478195190e-02
2.100000000000000000e+01 -1.156765073537826538e-01
2.200000000000000000e+01 -1.494403779506683350e-01
2.300000000000000000e+01 -1.797030866146087646e-01
2.400000000000000000e+01 -2.064858078956604004e-01
2.500000000000000000e+01 -2.296039015054702759e-01
2.600000000000000000e+01 -2.488623708486557007e-01
2.700000000000000000e+01 -2.645154595375061035e-01
2.800000000000000000e+01 -2.766533792018890381e-01
2.900000000000000000e+01 -2.851749658584594727e-01
3.000000000000000000e+01 -2.902686595916748047e-01
3.100000000000000000e+01 -2.922520339488983154e-01
3.200000000000000000e+01 -2.911251485347747803e-01
3.300000000000000000e+01 -2.875382602214813232e-01
3.400000000000000000e+01 -2.818576991558074951e-01
3.500000000000000000e+01 -2.738518416881561279e-01
3.600000000000000000e+01 -2.638721466064453125e-01
3.700000000000000000e+01 -2.527097165584564209e-01
3.800000000000000000e+01 -2.400007247924804688e-01
3.900000000000000000e+01 -2.260867953300476074e-01
4.000000000000000000e+01 -2.115061432123184204e-01
4.100000000000000000e+01 -1.959811300039291382e-01
4.200000000000000000e+01 -1.797486692667007446e-01
4.300000000000000000e+01 -1.634179502725601196e-01
4.400000000000000000e+01 -1.466459780931472778e-01
4.500000000000000000e+01 -1.298372894525527954e-01
4.600000000000000000e+01 -1.133019179105758667e-01
4.700000000000000000e+01 -9.682606905698776245e-02
4.800000000000000000e+01 -8.023376017808914185e-02
4.900000000000000000e+01 -6.431943178176879883e-02
5.000000000000000000e+01 -4.911639541387557983e-02
5.100000000000000000e+01 -3.474438190460205078e-02
5.200000000000000000e+01 -2.107331342995166779e-02
5.300000000000000000e+01 -8.089955896139144897e-03
5.400000000000000000e+01 4.331545438617467880e-03
5.500000000000000000e+01 1.583512686192989349e-02
5.600000000000000000e+01 2.632735110819339752e-02
5.700000000000000000e+01 3.600540384650230408e-02
5.800000000000000000e+01 4.485896602272987366e-02
5.900000000000000000e+01 5.296459794044494629e-02
6.000000000000000000e+01 6.037529185414314270e-02
6.100000000000000000e+01 6.672500073909759521e-02
6.200000000000000000e+01 7.232089340686798096e-02
6.300000000000000000e+01 7.740801572799682617e-02
6.400000000000000000e+01 8.220039308071136475e-02
6.500000000000000000e+01 8.595085889101028442e-02
6.600000000000000000e+01 8.873615413904190063e-02
6.700000000000000000e+01 9.055259078741073608e-02
6.800000000000000000e+01 9.145760536193847656e-02
6.900000000000000000e+01 9.115267544984817505e-02
7.000000000000000000e+01 9.014756232500076294e-02
7.100000000000000000e+01 8.843030035495758057e-02
7.200000000000000000e+01 8.558844774961471558e-02
7.300000000000000000e+01 8.241365849971771240e-02
7.400000000000000000e+01 7.828310877084732056e-02
7.500000000000000000e+01 7.409056276082992554e-02
7.600000000000000000e+01 7.010888308286666870e-02
7.700000000000000000e+01 6.631813198328018188e-02
7.800000000000000000e+01 6.269173324108123779e-02
7.900000000000000000e+01 5.960739776492118835e-02
8.000000000000000000e+01 5.647553130984306335e-02
8.100000000000000000e+01 5.407077446579933167e-02
8.200000000000000000e+01 5.160503461956977844e-02
8.300000000000000000e+01 4.930282756686210632e-02
8.400000000000000000e+01 4.709789156913757324e-02
8.500000000000000000e+01 4.482661932706832886e-02
8.600000000000000000e+01 4.305847734212875366e-02
8.700000000000000000e+01 4.127481952309608459e-02
8.800000000000000000e+01 3.921160474419593811e-02
8.900000000000000000e+01 3.758280351758003235e-02
9.000000000000000000e+01 3.538111597299575806e-02
9.100000000000000000e+01 3.306402638554573059e-02
9.200000000000000000e+01 3.141371533274650574e-02
9.300000000000000000e+01 2.952136285603046417e-02
9.400000000000000000e+01 2.739628776907920837e-02
9.500000000000000000e+01 2.617400884628295898e-02
9.600000000000000000e+01 2.368197590112686157e-02
9.700000000000000000e+01 2.200035937130451202e-02
9.800000000000000000e+01 2.152598835527896881e-02
9.900000000000000000e+01 1.963809877634048462e-02
