1.000000000000000000e+00 1.000000000000000000e+00
2.000000000000000000e+00 8.898510932922363281e-01
3.000000000000000000e+00 8.047449588775634766e-01
4.000000000000000000e+00 7.313135266304016113e-01
5.000000000000000000e+00 6.643754839897155762e-01
6.000000000000000000e+00 6.007747650146484375e-01
7.000000000000000000e+00 5.397038459777832031e-01
8.000000000000000000e+00 4.801237881183624268e-01
9.000000000000000000e+00 4.221672713756561279e-01
1.000000000000000000e+01 3.656516075134277344e-01
1.100000000000000000e+01 3.099221289157867432e-01
1.200000000000000000e+01 2.556456327438354492e-01
1.300000000000000000e+01 2.028311043977737427e-01
1.400000000000000000e+01 1.516408473253250122e-01
1.500000000000000000e+01 1.025507897138595581e-01
1.600000000000000000e+01 5.524941906332969666e-02
1.700000000000000000e+01 1.059498451650142670e-02
1.800000000000000000e+01 -3.138519078493118286e-02
1.900000000000000000e+01 -7.046528160572052002e-02
2.000000000000000000e+01 -1.065150573849678040e-01
2.100000000000000000e+01 -1.392153203487396240e-01
2.200000000000000000e+01 -1.678076535463333130e-01
2.300000000000000000e+01 -1.924236714839935303e-01
2.400000000000000000e+01 -2.130545675754547119e-01
2.500000000000000000e+01 -2.297073751688003540e-01
2.600000000000000000e+01 -2.429735064506530762e-01
2.700000000000000000e+01 -2.525622844696044922e-01
2.800000000000000000e+01 -2.588603496551513672e-01
2.900000000000000000e+01 -2.617179155349731445e-01
3.000000000000000000e+01 -2.616937756538391113e-01
3.100000000000000000e+01 -2.588914632797241211e-01
3.200000000000000000e+01 -2.538024783134460449e-01
3.300000000000000000e+01 -2.466627210378646851e-01
3.400000000000000000e+01 -2.373901754617691040e-01
3.500000000000000000e+01 -2.264042943716049194e-01
3.600000000000000000e+01 -2.144046723842620850e-01
3.700000000000000000e+01 -2.014307230710983276e-01
3.800000000000000000e+01 -1.874909996986389160e-01
3.900000000000000000e+01 -1.727471500635147095e-01
4.000000000000000000e+01 -1.574903726577758789e-01
4.100000000000000000e+01 -1.422063857316970825e-01
4.200000000000000000e+01 -1.268678605556488037e-01
4.300000000000000000e+01 -1.117825806140899658e-01
4.400000000000000000e+01 -9.712632745504379272e-02
4.500000000000000000e+01 -8.292835950851440430e-02
4.600000000000000000e+01 -6.912667304277420044e-02
4.700000000000000000e+01 -5.537950992584228516e-02
4.800000000000000000e+01 -4.221349209547042847e-02
4.900000000000000000e+01 -2.954246848821640015e-02
5.000000000000000000e+01 -1.779521815478801727e-02
5.100000000000000000e+01 -6.682608276605606079e-03
5.200000000000000000e+01 3.755787387490272522e-03
5.300000000000000000e+01 1.342280209064483643e-02
5.400000000000000000e+01 2.221319079399108887e-02
5.500000000000000000e+01 2.988604269921779633e-02
5.600000000000000000e+01 3.681683912873268127e-02
5.700000000000000000e+01 4.293273761868476868e-02
5.800000000000000000e+01 4.846536368131637573e-02
5.900000000000000000e+01 5.309309437870979309e-02
6.000000000000000000e+01 5.679640918970108032e-02
6.100000000000000000e+01 5.997315794229507446e-02
6.200000000000000000e+01 6.233287975192070007e-02
6.300000000000000000e+01 6.409540772438049316e-02
6.400000000000000000e+01 6.574118137359619141e-02
6.500000000000000000e+01 6.647653132677078247e-02
6.600000000000000000e+01 6.681842356920242310e-02
6.700000000000000000e+01 6.667735427618026733e-02
6.800000000000000000e+01 6.611938774585723877e-02
6.900000000000000000e+01 6.511695683002471924e-02
7.000000000000000000e+01 6.298618018627166748e-02
7.100000000000000000e+01 6.025201827287673950e-02
7.200000000000000000e+01 5.649150162935256958e-02
7.300000000000000000e+01 5.247905105352401733e-02
7.400000000000000000e+01 4.829272627830505371e-02
7.500000000000000000e+01 4.363205656409263611e-02
7.600000000000000000e+01 3.912453725934028625e-02
7.700000000000000000e+01 3.450377658009529114e-02
7.800000000000000000e+01 3.003312833607196808e-02
7.900000000000000000e+01 2.626408264040946960e-02
8.000000000000000000e+01 2.269137650728225708e-02
8.100000000000000000e+01 1.992595568299293518e-02
8.200000000000000000e+01 1.695110648870468140e-02
8.300000000000000000e+01 1.470605190843343735e-02
8.400000000000000000e+01 1.244336552917957306e-02
8.500000000000000000e+01 1.010867394506931305e-02
8.600000000000000000e+01 8.196641691029071808e-03
8.700000000000000000e+01 6.211861036717891693e-03
8.800000000000000000e+01 4.319478292018175125e-03
8.900000000000000000e+01 2.352644456550478935e-03
9.000000000000000000e+01 8.787939441390335560e-04
9.100000000000000000e+01 -4.670682246796786785e-04
9.200000000000000000e+01 -2.103205537423491478e-03
9.300000000000000000e+01 -3.999598789960145950e-03
9.400000000000000000e+01 -6.126182619482278824e-03
9.500000000000000000e+01 -7.837429642677307129e-03
9.600000000000000000e+01 -9.246081113815307617e-03
9.700000000000000000e+01 -1.071569416671991348e-02
9.800000000000000000e+01 -1.142323855310678482e-02
9.900000000000000000e+01 -1.302269101142883301e-02
