1.000000000000000000e+00 1.000000000000000000e+00
2.000000000000000000e+00 9.002910852432250977e-01
3.000000000000000000e+00 8.226714730262756348e-01
4.000000000000000000e+00 7.551547288894653320e-01
5.000000000000000000e+00 6.926932334899902344e-01
6.000000000000000000e+00 6.326052546501159668e-01
7.000000000000000000e+00 5.741523504257202148e-01
8.000000000000000000e+00 5.168625116348266602e-01
9.000000000000000000e+00 4.607836306095123291e-01
1.000000000000000000e+01 4.054983258247375488e-01
1.100000000000000000e+01 3.509341478347778320e-01
1.200000000000000000e+01 2.971945703029632568e-01
1.300000000000000000e+01 2.441931813955307007e-01
1.400000000000000000e+01 1.922227293252944946e-01
1.500000000000000000e+01 1.414559632539749146e-01
1.600000000000000000e+01 9.244080632925033569e-02
1.700000000000000000e+01 4.548529535531997681e-02
1.800000000000000000e+01 8.643516921438276768e-04
1.900000000000000000e+01 -4.145101085305213928e-02
2.000000000000000000e+01 -8.117721229791641235e-02
2.100000000000000000e+01 -1.178020909428596497e-01
2.200000000000000000e+01 -1.508913785219192505e-01
2.300000000000000000e+01 -1.803700625896453857e-01
2.400000000000000000e+01 -2.061336785554885864e-01
2.500000000000000000e+01 -2.282260060310363770e-01
2.600000000000000000e+01 -2.466785162687301636e-01
2.700000000000000000e+01 -2.613667845726013184e-01
2.800000000000000000e+01 -2.725822627544403076e-01
2.900000000000000000e+01 -2.803027331829071045e-01
3.000000000000000000e+01 -2.844893932342529297e-01
3.100000000000000000e+01 -2.858425676822662354e-01
3.200000000000000000e+01 -2.842412889003753662e-01
3.300000000000000000e+01 -2.800978720188140869e-01
3.400000000000000000e+01 -2.735132873058319092e-01
3.500000000000000000e+01 -2.650349140167236328e-01
3.600000000000000000e+01 -2.546083033084869385e-01
3.700000000000000000e+01 -2.429006844758987427e-01
3.800000000000000000e+01 -2.301782518625259399e-01
3.900000000000000000e+01 -2.165447175502777100e-01
4.000000000000000000e+01 -2.019944489002227783e-01
4.100000000000000000e+01 -1.868702024221420288e-01
4.200000000000000000e+01 -1.712336093187332153e-01
4.300000000000000000e+01 -1.553100496530532837e-01
4.400000000000000000e+01 -1.392631083726882935e-01
4.500000000000000000e+01 -1.236514970660209656e-01
4.600000000000000000e+01 -1.078426390886306763e-01
4.700000000000000000e+01 -9.212622791528701782e-02
4.800000000000000000e+01 -7.663396745920181274e-02
4.900000000000000000e+01 -6.166522949934005737e-02
5.000000000000000000e+01 -4.745140671730041504e-02
5.100000000000000000e+01 -3.395323455333709717e-02
5.200000000000000000e+01 -2.122049219906330109e-02
5.300000000000000000e+01 -8.856493979692459106e-03
5.400000000000000000e+01 2.361797494813799858e-03
5.500000000000000000e+01 1.288343686610460281e-02
5.600000000000000000e+01 2.234986610710620880e-02
5.700000000000000000e+01 3.147479891777038574e-02
5.800000000000000000e+01 3.970455005764961243e-02
5.900000000000000000e+01 4.726624861359596252e-02
6.000000000000000000e+01 5.447836965322494507e-02
6.100000000000000000e+01 6.080351397395133972e-02
6.200000000000000000e+01 6.631264090538024902e-02
6.300000000000000000e+01 7.102783024311065674e-02
6.400000000000000000e+01 7.535615563392639160e-02
6.500000000000000000e+01 7.906195521354675293e-02
6.600000000000000000e+01 8.210030943155288696e-02
6.700000000000000000e+01 8.442627638578414917e-02
6.800000000000000000e+01 8.572915196418762207e-02
6.900000000000000000e+01 8.615915477275848389e-02
7.000000000000000000e+01 8.510872721672058105e-02
7.100000000000000000e+01 8.354805409908294678e-02
7.200000000000000000e+01 8.096828311681747437e-02
7.300000000000000000e+01 7.745447009801864624e-02
7.400000000000000000e+01 7.351966947317123413e-02
7.500000000000000000e+01 6.992076337337493896e-02
7.600000000000000000e+01 6.617527455091476440e-02
7.700000000000000000e+01 6.250992417335510254e-02
7.800000000000000000e+01 5.937152355909347534e-02
7.900000000000000000e+01 5.647912994027137756e-02
8.000000000000000000e+01 5.360929295420646667e-02
8.100000000000000000e+01 5.076433718204498291e-02
8.200000000000000000e+01 4.831172153353691101e-02
8.300000000000000000e+01 4.581918939948081970e-02
8.400000000000000000e+01 4.382247105240821838e-02
8.500000000000000000e+01 4.199390485882759094e-02
8.600000000000000000e+01 4.000717774033546448e-02
8.700000000000000000e+01 3.765100240707397461e-02
8.800000000000000000e+01 3.593071550130844116e-02
8.900000000000000000e+01 3.431128337979316711e-02
9.000000000000000000e+01 3.310436010360717773e-02
9.100000000000000000e+01 3.197544068098068237e-02
9.200000000000000000e+01 3.100596740841865540e-02
9.300000000000000000e+01 3.030766546726226807e-02
9.400000000000000000e+01 2.864976413547992706e-02
9.500000000000000000e+01 2.697951905429363251e-02
9.600000000000000000e+01 2.486752346158027649e-02
9.700000000000000000e+01 2.090766653418540955e-02
9.800000000000000000e+01 1.755375042557716370e-02
9.900000000000000000e+01 1.584310270845890045e-02
