1.000000000000000000e+00 1.000000000000000000e+00
2.000000000000000000e+00 8.748039007186889648e-01
3.000000000000000000e+00 7.789045572280883789e-01
4.000000000000000000e+00 6.972222924232482910e-01
5.000000000000000000e+00 6.239166855812072754e-01
6.000000000000000000e+00 5.561122894287109375e-01
7.000000000000000000e+00 4.919347465038299561e-01
8.000000000000000000e+00 4.309485256671905518e-01
9.000000000000000000e+00 3.726988434791564941e-01
1.000000000000000000e+01 3.165986835956573486e-01
1.100000000000000000e+01 2.623088657855987549e-01
1.200000000000000000e+01 2.099369615316390991e-01
1.300000000000000000e+01 1.595007628202438354e-01
1.400000000000000000e+01 1.111225262284278870e-01
1.500000000000000000e+01 6.535738706588745117e-02
1.600000000000000000e+01 2.252811565995216370e-02
1.700000000000000000e+01 -1.775260455906391144e-02
1.800000000000000000e+01 -5.485466867685317993e-02
1.900000000000000000e+01 -8.844978362321853638e-02
2.000000000000000000e+01 -1.188188344240188599e-01
2.100000000000000000e+01 -1.453201025724411011e-01
2.200000000000000000e+01 -1.682780981063842773e-01
2.300000000000000000e+01 -1.875774711370468140e-01
2.400000000000000000e+01 -2.029678523540496826e-01
2.500000000000000000e+01 -2.145189791917800903e-01
2.600000000000000000e+01 -2.228141129016876221e-01
2.700000000000000000e+01 -2.278608679771423340e-01
2.800000000000000000e+01 -2.296421974897384644e-01
2.900000000000000000e+01 -2.287242710590362549e-01
3.000000000000000000e+01 -2.251368463039398193e-01
3.100000000000000000e+01 -2.193405330181121826e-01
3.200000000000000000e+01 -2.117464840412139893e-01
3.300000000000000000e+01 -2.022639214992523193e-01
3.400000000000000000e+01 -1.915583908557891846e-01
3.500000000000000000e+01 -1.797017008066177368e-01
3.600000000000000000e+01 -1.672476530075073242e-01
3.700000000000000000e+01 -1.540449857711791992e-01
3.800000000000000000e+01 -1.403185874223709106e-01
3.900000000000000000e+01 -1.269080191850662231e-01
4.000000000000000000e+01 -1.130906566977500916e-01
4.100000000000000000e+01 -9.956882148981094360e-02
4.200000000000000000e+01 -8.616652339696884155e-02
4.300000000000000000e+01 -7.277117669582366943e-02
4.400000000000000000e+01 -6.021097302436828613e-02
4.500000000000000000e+01 -4.765211045742034912e-02
4.600000000000000000e+01 -3.608984872698783875e-02
4.700000000000000000e+01 -2.507938072085380554e-02
4.800000000000000000e+01 -1.480333786457777023e-02
4.900000000000000000e+01 -5.514818243682384491e-03
5.000000000000000000e+01 3.669183235615491867e-03
5.100000000000000000e+01 1.174479722976684570e-02
5.200000000000000000e+01 1.891678757965564728e-02
5.300000000000000000e+01 2.499708160758018494e-02
5.400000000000000000e+01 3.090293146669864655e-02
5.500000000000000000e+01 3.578833490610122681e-02
5.600000000000000000e+01 3.934088721871376038e-02
5.700000000000000000e+01 4.164923354983329773e-02
5.800000000000000000e+01 4.373707249760627747e-02
5.900000000000000000e+01 4.529736563563346863e-02
6.000000000000000000e+01 4.604701325297355652e-02
6.100000000000000000e+01 4.638825729489326477e-02
6.200000000000000000e+01 4.615409299731254578e-02
6.300000000000000000e+01 4.502159729599952698e-02
6.400000000000000000e+01 4.374291375279426575e-02
6.500000000000000000e+01 4.239781200885772705e-02
6.600000000000000000e+01 4.053442180156707764e-02
6.700000000000000000e+01 3.856592997908592224e-02
6.800000000000000000e+01 3.667773678898811340e-02
6.900000000000000000e+01 3.493510186672210693e-02
7.000000000000000000e+01 3.264916688203811646e-02
7.100000000000000000e+01 3.033038042485713959e-02
7.200000000000000000e+01 2.747172676026821136e-02
7.300000000000000000e+01 2.456911467015743256e-02
7.400000000000000000e+01 2.180467732250690460e-02
7.500000000000000000e+01 1.908897235989570618e-02
7.600000000000000000e+01 1.625777967274188995e-02
7.700000000000000000e+01 1.348706241697072983e-02
7.800000000000000000e+01 1.076375413686037064e-02
7.900000000000000000e+01 8.887887001037597656e-03
8.000000000000000000e+01 7.270687725394964218e-03
8.100000000000000000e+01 6.030858960002660751e-03
8.200000000000000000e+01 4.673317074775695801e-03
8.300000000000000000e+01 3.693721489980816841e-03
8.400000000000000000e+01 2.781339222565293312e-03
8.500000000000000000e+01 1.656965701840817928e-03
8.600000000000000000e+01 2.002028486458584666e-04
8.700000000000000000e+01 -1.049013109877705574e-03
8.800000000000000000e+01 -2.318748971447348595e-03
8.900000000000000000e+01 -2.768936334177851677e-03
9.000000000000000000e+01 -3.109383396804332733e-03
9.100000000000000000e+01 -3.481830703094601631e-03
9.200000000000000000e+01 -3.312700893729925156e-03
9.300000000000000000e+01 -4.953154828399419785e-03
9.400000000000000000e+01 -6.393623538315296173e-03
9.500000000000000000e+01 -8.319392800331115723e-03
9.600000000000000000e+01 -9.797259233891963959e-03
9.700000000000000000e+01 -1.059098169207572937e-02
9.800000000000000000e+01 -8.620202541351318359e-03
9.900000000000000000e+01 -6.638885010033845901e-03
