1.000000000000000000e+00 1.000000000000000000e+00
2.000000000000000000e+00 9.023724198341369629e-01
3.000000000000000000e+00 8.259637951850891113e-01
4.000000000000000000e+00 7.596213817596435547e-01
5.000000000000000000e+00 6.980150938034057617e-01
6.000000000000000000e+00 6.389480829238891602e-01
7.000000000000000000e+00 5.814461708068847656e-01
8.000000000000000000e+00 5.247184634208679199e-01
9.000000000000000000e+00 4.688808321952819824e-01
1.000000000000000000e+01 4.137298464775085449e-01
1.100000000000000000e+01 3.593390583992004395e-01
1.200000000000000000e+01 3.052709996700286865e-01
1.300000000000000000e+01 2.520498633384704590e-01
1.400000000000000000e+01 1.999246478080749512e-01
1.500000000000000000e+01 1.489608883857727051e-01
1.600000000000000000e+01 9.965848177671432495e-02
1.700000000000000000e+01 5.185910314321517944e-02
1.800000000000000000e+01 6.264211144298315048e-03
1.900000000000000000e+01 -3.677785396575927734e-02
2.000000000000000000e+01 -7.721623033285140991e-02
2.100000000000000000e+01 -1.146486401557922363e-01
2.200000000000000000e+01 -1.487312912940979004e-01
2.300000000000000000e+01 -1.792117953300476074e-01
2.400000000000000000e+01 -2.060546278953552246e-01
2.500000000000000000e+01 -2.293056994676589966e-01
2.600000000000000000e+01 -2.488873302936553955e-01
2.700000000000000000e+01 -2.644605636596679688e-01
2.800000000000000000e+01 -2.762004733085632324e-01
2.900000000000000000e+01 -2.843807339668273926e-01
3.000000000000000000e+01 -2.897622585296630859e-01
3.100000000000000000e+01 -2.919800877571105957e-01
3.200000000000000000e+01 -2.914311885833740234e-01
3.300000000000000000e+01 -2.880369722843170166e-01
3.400000000000000000e+01 -2.824980914592742920e-01
3.500000000000000000e+01 -2.750997841358184814e-01
3.600000000000000000e+01 -2.656200826168060303e-01
3.700000000000000000e+01 -2.545601129531860352e-01
3.800000000000000000e+01 -2.420461475849151611e-01
3.900000000000000000e+01 -2.283949553966522217e-01
4.000000000000000000e+01 -2.138346284627914429e-01
4.100000000000000000e+01 -1.984843462705612183e-01
4.200000000000000000e+01 -1.825758814811706543e-01
4.300000000000000000e+01 -1.660882234573364258e-01
4.400000000000000000e+01 -1.493771374225616455e-01
4.500000000000000000e+01 -1.328396499156951904e-01
4.600000000000000000e+01 -1.158249527215957642e-01
4.700000000000000000e+01 -9.924397617578506470e-02
4.800000000000000000e+01 -8.307511359453201294e-02
4.900000000000000000e+01 -6.732460856437683105e-02
5.000000000000000000e+01 -5.219612643122673035e-02
5.100000000000000000e+01 -3.767760843038558960e-02
5.200000000000000000e+01 -2.368084900081157684e-02
5.300000000000000000e+01 -1.052904315292835236e-02
5.400000000000000000e+01 1.890904386527836323e-03
5.500000000000000000e+01 1.306915469467639923e-02
5.600000000000000000e+01 2.338693104684352875e-02
5.700000000000000000e+01 3.275917842984199524e-02
5.800000000000000000e+01 4.156583175063133240e-02
5.900000000000000000e+01 4.963074252009391785e-02
6.000000000000000000e+01 5.701317638158798218e-02
6.100000000000000000e+01 6.394564360380172729e-02
6.200000000000000000e+01 7.086122035980224609e-02
6.300000000000000000e+01 7.671214640140533447e-02
6.400000000000000000e+01 8.197960257530212402e-02
6.500000000000000000e+01 8.663549274206161499e-02
6.600000000000000000e+01 9.024122357368469238e-02
6.700000000000000000e+01 9.279805421829223633e-02
6.800000000000000000e+01 9.419590234756469727e-02
6.900000000000000000e+01 9.442827850580215454e-02
7.000000000000000000e+01 9.390511363744735718e-02
7.100000000000000000e+01 9.254755824804306030e-02
7.200000000000000000e+01 9.001042693853378296e-02
7.300000000000000000e+01 8.644916862249374390e-02
7.400000000000000000e+01 8.221632987260818481e-02
7.500000000000000000e+01 7.813818007707595825e-02
7.600000000000000000e+01 7.396823167800903320e-02
7.700000000000000000e+01 6.987563520669937134e-02
7.800000000000000000e+01 6.645322591066360474e-02
7.900000000000000000e+01 6.296985596418380737e-02
8.000000000000000000e+01 6.015989929437637329e-02
8.100000000000000000e+01 5.764707177877426147e-02
8.200000000000000000e+01 5.527122691273689270e-02
8.300000000000000000e+01 5.289284139871597290e-02
8.400000000000000000e+01 5.040801316499710083e-02
8.500000000000000000e+01 4.816776141524314880e-02
8.600000000000000000e+01 4.594691842794418335e-02
8.700000000000000000e+01 4.352925345301628113e-02
8.800000000000000000e+01 4.148362949490547180e-02
8.900000000000000000e+01 3.930699080228805542e-02
9.000000000000000000e+01 3.766905888915061951e-02
9.100000000000000000e+01 3.516555577516555786e-02
9.200000000000000000e+01 3.318577632308006287e-02
9.300000000000000000e+01 3.082176111638545990e-02
9.400000000000000000e+01 2.841778285801410675e-02
9.500000000000000000e+01 2.676866576075553894e-02
9.600000000000000000e+01 2.482218667864799500e-02
9.700000000000000000e+01 2.254661917686462402e-02
9.800000000000000000e+01 2.308737859129905701e-02
9.900000000000000000e+01 2.343716099858283997e-02
