1.000000000000000000e+00 1.000000000000000000e+00
2.000000000000000000e+00 9.019284844398498535e-01
3.000000000000000000e+00 8.252809047698974609e-01
4.000000000000000000e+00 7.587847113609313965e-01
5.000000000000000000e+00 6.973048448562622070e-01
6.000000000000000000e+00 6.383634805679321289e-01
7.000000000000000000e+00 5.807283520698547363e-01
8.000000000000000000e+00 5.240837931632995605e-01
9.000000000000000000e+00 4.683389067649841309e-01
1.000000000000000000e+01 4.132535755634307861e-01
1.100000000000000000e+01 3.585978448390960693e-01
1.200000000000000000e+01 3.046175241470336914e-01
1.300000000000000000e+01 2.515187561511993408e-01
1.400000000000000000e+01 1.991389840841293335e-01
1.500000000000000000e+01 1.481956541538238525e-01
1.600000000000000000e+01 9.873092174530029297e-02
1.700000000000000000e+01 5.115429684519767761e-02
1.800000000000000000e+01 5.886573344469070435e-03
1.900000000000000000e+01 -3.691422566771507263e-02
2.000000000000000000e+01 -7.725416123867034912e-02
2.100000000000000000e+01 -1.144864112138748169e-01
2.200000000000000000e+01 -1.484176516532897949e-01
2.300000000000000000e+01 -1.788319349288940430e-01
2.400000000000000000e+01 -2.057189643383026123e-01
2.500000000000000000e+01 -2.288639247417449951e-01
2.600000000000000000e+01 -2.483756244182586670e-01
2.700000000000000000e+01 -2.641692459583282471e-01
2.800000000000000000e+01 -2.760569155216217041e-01
2.900000000000000000e+01 -2.844724953174591064e-01
3.000000000000000000e+01 -2.895568609237670898e-01
3.100000000000000000e+01 -2.917371094226837158e-01
3.200000000000000000e+01 -2.910382449626922607e-01
3.300000000000000000e+01 -2.876859009265899658e-01
3.400000000000000000e+01 -2.819296717643737793e-01
3.500000000000000000e+01 -2.740250825881958008e-01
3.600000000000000000e+01 -2.645016908645629883e-01
3.700000000000000000e+01 -2.530791759490966797e-01
3.800000000000000000e+01 -2.403589487075805664e-01
3.900000000000000000e+01 -2.265442907810211182e-01
4.000000000000000000e+01 -2.117455899715423584e-01
4.100000000000000000e+01 -1.963524967432022095e-01
4.200000000000000000e+01 -1.805870980024337769e-01
4.300000000000000000e+01 -1.641898602247238159e-01
4.400000000000000000e+01 -1.477425396442413330e-01
4.500000000000000000e+01 -1.312190294265747070e-01
4.600000000000000000e+01 -1.147541403770446777e-01
4.700000000000000000e+01 -9.828878194093704224e-02
4.800000000000000000e+01 -8.218217641115188599e-02
4.900000000000000000e+01 -6.641416251659393311e-02
5.000000000000000000e+01 -5.109415203332901001e-02
5.100000000000000000e+01 -3.627846390008926392e-02
5.200000000000000000e+01 -2.256872504949569702e-02
5.300000000000000000e+01 -9.534292854368686676e-03
5.400000000000000000e+01 3.035040339455008507e-03
5.500000000000000000e+01 1.434663031250238419e-02
5.600000000000000000e+01 2.446963079273700714e-02
5.700000000000000000e+01 3.416912257671356201e-02
5.800000000000000000e+01 4.268226772546768188e-02
5.900000000000000000e+01 5.008658766746520996e-02
6.000000000000000000e+01 5.709018930792808533e-02
6.100000000000000000e+01 6.323739886283874512e-02
6.200000000000000000e+01 6.907131522893905640e-02
6.300000000000000000e+01 7.440366595983505249e-02
6.400000000000000000e+01 7.937177270650863647e-02
6.500000000000000000e+01 8.341004699468612671e-02
6.600000000000000000e+01 8.688499778509140015e-02
6.700000000000000000e+01 8.949881792068481445e-02
6.800000000000000000e+01 9.125690162181854248e-02
6.900000000000000000e+01 9.171569347381591797e-02
7.000000000000000000e+01 9.109641611576080322e-02
7.100000000000000000e+01 8.949454128742218018e-02
7.200000000000000000e+01 8.662041276693344116e-02
7.300000000000000000e+01 8.262060582637786865e-02
7.400000000000000000e+01 7.850655168294906616e-02
7.500000000000000000e+01 7.410670816898345947e-02
7.600000000000000000e+01 6.959649175405502319e-02
7.700000000000000000e+01 6.561797857284545898e-02
7.800000000000000000e+01 6.204424798488616943e-02
7.900000000000000000e+01 5.888129398226737976e-02
8.000000000000000000e+01 5.598931759595870972e-02
8.100000000000000000e+01 5.355304479598999023e-02
8.200000000000000000e+01 5.044906213879585266e-02
8.300000000000000000e+01 4.796365648508071899e-02
8.400000000000000000e+01 4.578869417309761047e-02
8.500000000000000000e+01 4.329313710331916809e-02
8.600000000000000000e+01 4.084315150976181030e-02
8.700000000000000000e+01 3.869660571217536926e-02
8.800000000000000000e+01 3.639824688434600830e-02
8.900000000000000000e+01 3.383739665150642395e-02
9.000000000000000000e+01 3.193972259759902954e-02
9.100000000000000000e+01 3.012169897556304932e-02
9.200000000000000000e+01 2.750828489661216736e-02
9.300000000000000000e+01 2.551550231873989105e-02
9.400000000000000000e+01 2.379263751208782196e-02
9.500000000000000000e+01 2.293081395328044891e-02
9.600000000000000000e+01 2.187414839863777161e-02
9.700000000000000000e+01 2.092987485229969025e-02
9.800000000000000000e+01 1.987568661570549011e-02
9.900000000000000000e+01 1.660394296050071716e-02
