1.000000000000000000e+00 1.000000000000000000e+00
2.000000000000000000e+00 8.978660106658935547e-01
3.000000000000000000e+00 8.184021711349487305e-01
4.000000000000000000e+00 7.495070099830627441e-01
5.000000000000000000e+00 6.861780881881713867e-01
6.000000000000000000e+00 6.254758834838867188e-01
7.000000000000000000e+00 5.666259527206420898e-01
8.000000000000000000e+00 5.089133977890014648e-01
9.000000000000000000e+00 4.520694017410278320e-01
1.000000000000000000e+01 3.963563740253448486e-01
1.100000000000000000e+01 3.414302468299865723e-01
1.200000000000000000e+01 2.874388992786407471e-01
1.300000000000000000e+01 2.343484163284301758e-01
1.400000000000000000e+01 1.826428323984146118e-01
1.500000000000000000e+01 1.321305334568023682e-01
1.600000000000000000e+01 8.344597369432449341e-02
1.700000000000000000e+01 3.657879307866096497e-02
1.800000000000000000e+01 -7.858743891119956970e-03
1.900000000000000000e+01 -4.996037855744361877e-02
2.000000000000000000e+01 -8.912134170532226562e-02
2.100000000000000000e+01 -1.250085383653640747e-01
2.200000000000000000e+01 -1.572579592466354370e-01
2.300000000000000000e+01 -1.857311278581619263e-01
2.400000000000000000e+01 -2.103923857212066650e-01
2.500000000000000000e+01 -2.312717139720916748e-01
2.600000000000000000e+01 -2.481531202793121338e-01
2.700000000000000000e+01 -2.613877952098846436e-01
2.800000000000000000e+01 -2.710126340389251709e-01
2.900000000000000000e+01 -2.773076891899108887e-01
3.000000000000000000e+01 -2.800683379173278809e-01
3.100000000000000000e+01 -2.801775336265563965e-01
3.200000000000000000e+01 -2.779062092304229736e-01
3.300000000000000000e+01 -2.732783555984497070e-01
3.400000000000000000e+01 -2.662093937397003174e-01
3.500000000000000000e+01 -2.572338581085205078e-01
3.600000000000000000e+01 -2.467512041330337524e-01
3.700000000000000000e+01 -2.345740199089050293e-01
3.800000000000000000e+01 -2.213447540998458862e-01
3.900000000000000000e+01 -2.071794122457504272e-01
4.000000000000000000e+01 -1.922556906938552856e-01
4.100000000000000000e+01 -1.769095957279205322e-01
4.200000000000000000e+01 -1.616038382053375244e-01
4.300000000000000000e+01 -1.459919363260269165e-01
4.400000000000000000e+01 -1.302370429039001465e-01
4.500000000000000000e+01 -1.146025806665420532e-01
4.600000000000000000e+01 -9.915032982826232910e-02
4.700000000000000000e+01 -8.360648155212402344e-02
4.800000000000000000e+01 -6.871444731950759888e-02
4.900000000000000000e+01 -5.448084697127342224e-02
5.000000000000000000e+01 -4.068287089467048645e-02
5.100000000000000000e+01 -2.771609462797641754e-02
5.200000000000000000e+01 -1.524974126368761063e-02
5.300000000000000000e+01 -3.618994727730751038e-03
5.400000000000000000e+01 7.406660355627536774e-03
5.500000000000000000e+01 1.748456619679927826e-02
5.600000000000000000e+01 2.650511823594570160e-02
5.700000000000000000e+01 3.460575267672538757e-02
5.800000000000000000e+01 4.210653901100158691e-02
5.900000000000000000e+01 4.875941202044487000e-02
6.000000000000000000e+01 5.491859465837478638e-02
6.100000000000000000e+01 6.033766642212867737e-02
6.200000000000000000e+01 6.531418114900588989e-02
6.300000000000000000e+01 6.997806578874588013e-02
6.400000000000000000e+01 7.424733787775039673e-02
6.500000000000000000e+01 7.744307070970535278e-02
6.600000000000000000e+01 7.958305627107620239e-02
6.700000000000000000e+01 8.119364082813262939e-02
6.800000000000000000e+01 8.200387656688690186e-02
6.900000000000000000e+01 8.170630782842636108e-02
7.000000000000000000e+01 8.026775717735290527e-02
7.100000000000000000e+01 7.796843349933624268e-02
7.200000000000000000e+01 7.479781657457351685e-02
7.300000000000000000e+01 7.123516499996185303e-02
7.400000000000000000e+01 6.752661615610122681e-02
7.500000000000000000e+01 6.361512839794158936e-02
7.600000000000000000e+01 5.950399488210678101e-02
7.700000000000000000e+01 5.495761334896087646e-02
7.800000000000000000e+01 5.039269849658012390e-02
7.900000000000000000e+01 4.627931118011474609e-02
8.000000000000000000e+01 4.254690930247306824e-02
8.100000000000000000e+01 3.907949477434158325e-02
8.200000000000000000e+01 3.583347052335739136e-02
8.300000000000000000e+01 3.332255035638809204e-02
8.400000000000000000e+01 3.057768382132053375e-02
8.500000000000000000e+01 2.844078838825225830e-02
8.600000000000000000e+01 2.647687308490276337e-02
8.700000000000000000e+01 2.476518973708152771e-02
8.800000000000000000e+01 2.230057679116725922e-02
8.900000000000000000e+01 2.013890817761421204e-02
9.000000000000000000e+01 1.852312870323657990e-02
9.100000000000000000e+01 1.639768294990062714e-02
9.200000000000000000e+01 1.439269911497831345e-02
9.300000000000000000e+01 1.266463659703731537e-02
9.400000000000000000e+01 1.166724413633346558e-02
9.500000000000000000e+01 1.083169691264629364e-02
9.600000000000000000e+01 1.194457802921533585e-02
9.700000000000000000e+01 1.000308804214000702e-02
9.800000000000000000e+01 8.478268980979919434e-03
9.900000000000000000e+01 4.672877024859189987e-03
