1.000000000000000000e+00 1.000000000000000000e+00
2.000000000000000000e+00 9.007759094238281250e-01
3.000000000000000000e+00 8.234984278678894043e-01
4.000000000000000000e+00 7.560671567916870117e-01
5.000000000000000000e+00 6.938233375549316406e-01
6.000000000000000000e+00 6.342435479164123535e-01
7.000000000000000000e+00 5.759875774383544922e-01
8.000000000000000000e+00 5.189753174781799316e-01
9.000000000000000000e+00 4.630596935749053955e-01
1.000000000000000000e+01 4.076704382896423340e-01
1.100000000000000000e+01 3.528145253658294678e-01
1.200000000000000000e+01 2.989241778850555420e-01
1.300000000000000000e+01 2.459493726491928101e-01
1.400000000000000000e+01 1.940254271030426025e-01
1.500000000000000000e+01 1.433711647987365723e-01
1.600000000000000000e+01 9.426038712263107300e-02
1.700000000000000000e+01 4.718240350484848022e-02
1.800000000000000000e+01 2.219799906015396118e-03
1.900000000000000000e+01 -4.023593664169311523e-02
2.000000000000000000e+01 -7.979504019021987915e-02
2.100000000000000000e+01 -1.164232417941093445e-01
2.200000000000000000e+01 -1.497218459844589233e-01
2.300000000000000000e+01 -1.793069392442703247e-01
2.400000000000000000e+01 -2.053685039281845093e-01
2.500000000000000000e+01 -2.274064123630523682e-01
2.600000000000000000e+01 -2.458168119192123413e-01
2.700000000000000000e+01 -2.606690227985382080e-01
2.800000000000000000e+01 -2.717672288417816162e-01
2.900000000000000000e+01 -2.792689502239227295e-01
3.000000000000000000e+01 -2.838164865970611572e-01
3.100000000000000000e+01 -2.856723964214324951e-01
3.200000000000000000e+01 -2.843261063098907471e-01
3.300000000000000000e+01 -2.806923389434814453e-01
3.400000000000000000e+01 -2.750113308429718018e-01
3.500000000000000000e+01 -2.674655616283416748e-01
3.600000000000000000e+01 -2.577860355377197266e-01
3.700000000000000000e+01 -2.465233206748962402e-01
3.800000000000000000e+01 -2.340179979801177979e-01
3.900000000000000000e+01 -2.203987240791320801e-01
4.000000000000000000e+01 -2.057163119316101074e-01
4.100000000000000000e+01 -1.905699521303176880e-01
4.200000000000000000e+01 -1.749488562345504761e-01
4.300000000000000000e+01 -1.591445356607437134e-01
4.400000000000000000e+01 -1.430041939020156860e-01
4.500000000000000000e+01 -1.267663091421127319e-01
4.600000000000000000e+01 -1.108611971139907837e-01
4.700000000000000000e+01 -9.505504369735717773e-02
4.800000000000000000e+01 -7.963871210813522339e-02
4.900000000000000000e+01 -6.447484344244003296e-02
5.000000000000000000e+01 -5.018328875303268433e-02
5.100000000000000000e+01 -3.648854047060012817e-02
5.200000000000000000e+01 -2.333226799964904785e-02
5.300000000000000000e+01 -1.079774647951126099e-02
5.400000000000000000e+01 1.022869255393743515e-03
5.500000000000000000e+01 1.187721360474824905e-02
5.600000000000000000e+01 2.164300531148910522e-02
5.700000000000000000e+01 3.054378740489482880e-02
5.800000000000000000e+01 3.874803334474563599e-02
5.900000000000000000e+01 4.623753949999809265e-02
6.000000000000000000e+01 5.355941876769065857e-02
6.100000000000000000e+01 6.010231748223304749e-02
6.200000000000000000e+01 6.592977046966552734e-02
6.300000000000000000e+01 7.093338668346405029e-02
6.400000000000000000e+01 7.573751360177993774e-02
6.500000000000000000e+01 7.967081665992736816e-02
6.600000000000000000e+01 8.336480706930160522e-02
6.700000000000000000e+01 8.589094877243041992e-02
6.800000000000000000e+01 8.767135441303253174e-02
6.900000000000000000e+01 8.859256654977798462e-02
7.000000000000000000e+01 8.817434310913085938e-02
7.100000000000000000e+01 8.715076744556427002e-02
7.200000000000000000e+01 8.457960188388824463e-02
7.300000000000000000e+01 8.139257878065109253e-02
7.400000000000000000e+01 7.763639092445373535e-02
7.500000000000000000e+01 7.362572848796844482e-02
7.600000000000000000e+01 6.916576623916625977e-02
7.700000000000000000e+01 6.544714421033859253e-02
7.800000000000000000e+01 6.213957071304321289e-02
7.900000000000000000e+01 5.924979597330093384e-02
8.000000000000000000e+01 5.648500844836235046e-02
8.100000000000000000e+01 5.363903567194938660e-02
8.200000000000000000e+01 5.083700269460678101e-02
8.300000000000000000e+01 4.783146828413009644e-02
8.400000000000000000e+01 4.483850300312042236e-02
8.500000000000000000e+01 4.198869690299034119e-02
8.600000000000000000e+01 3.992068022489547729e-02
8.700000000000000000e+01 3.826207667589187622e-02
8.800000000000000000e+01 3.624870628118515015e-02
8.900000000000000000e+01 3.439205139875411987e-02
9.000000000000000000e+01 3.262517228722572327e-02
9.100000000000000000e+01 3.147234022617340088e-02
9.200000000000000000e+01 3.016917593777179718e-02
9.300000000000000000e+01 2.770389802753925323e-02
9.400000000000000000e+01 2.631723694503307343e-02
9.500000000000000000e+01 2.553971856832504272e-02
9.600000000000000000e+01 2.481298521161079407e-02
9.700000000000000000e+01 2.378674037754535675e-02
9.800000000000000000e+01 1.911318860948085785e-02
9.900000000000000000e+01 1.266926806420087814e-02
