1.000000000000000000e+00 1.000000000000000000e+00
2.000000000000000000e+00 9.013532996177673340e-01
3.000000000000000000e+00 8.243317604064941406e-01
4.000000000000000000e+00 7.574721574783325195e-01
5.000000000000000000e+00 6.957080364227294922e-01
6.000000000000000000e+00 6.363319754600524902e-01
7.000000000000000000e+00 5.785108804702758789e-01
8.000000000000000000e+00 5.217183232307434082e-01
9.000000000000000000e+00 4.657754898071289062e-01
1.000000000000000000e+01 4.104768037796020508e-01
1.100000000000000000e+01 3.557324111461639404e-01
1.200000000000000000e+01 3.017742931842803955e-01
1.300000000000000000e+01 2.487924844026565552e-01
1.400000000000000000e+01 1.966800093650817871e-01
1.500000000000000000e+01 1.459117084741592407e-01
1.600000000000000000e+01 9.676209092140197754e-02
1.700000000000000000e+01 4.928328096866607666e-02
1.800000000000000000e+01 3.854663809761404991e-03
1.900000000000000000e+01 -3.918573260307312012e-02
2.000000000000000000e+01 -7.942167669534683228e-02
2.100000000000000000e+01 -1.160845756530761719e-01
2.200000000000000000e+01 -1.495126634836196899e-01
2.300000000000000000e+01 -1.794043183326721191e-01
2.400000000000000000e+01 -2.058697789907455444e-01
2.500000000000000000e+01 -2.286554574966430664e-01
2.600000000000000000e+01 -2.476070672273635864e-01
2.700000000000000000e+01 -2.626783549785614014e-01
2.800000000000000000e+01 -2.742276191711425781e-01
2.900000000000000000e+01 -2.823383808135986328e-01
3.000000000000000000e+01 -2.869691848754882812e-01
3.100000000000000000e+01 -2.885340154170989990e-01
3.200000000000000000e+01 -2.875983715057373047e-01
3.300000000000000000e+01 -2.840951681137084961e-01
3.400000000000000000e+01 -2.781584262847900391e-01
3.500000000000000000e+01 -2.702194750308990479e-01
3.600000000000000000e+01 -2.601748704910278320e-01
3.700000000000000000e+01 -2.488576620817184448e-01
3.800000000000000000e+01 -2.362751513719558716e-01
3.900000000000000000e+01 -2.225045859813690186e-01
4.000000000000000000e+01 -2.080494761466979980e-01
4.100000000000000000e+01 -1.926380097866058350e-01
4.200000000000000000e+01 -1.769667863845825195e-01
4.300000000000000000e+01 -1.612458378076553345e-01
4.400000000000000000e+01 -1.450729221105575562e-01
4.500000000000000000e+01 -1.292365938425064087e-01
4.600000000000000000e+01 -1.133756786584854126e-01
4.700000000000000000e+01 -9.765643626451492310e-02
4.800000000000000000e+01 -8.207007497549057007e-02
4.900000000000000000e+01 -6.680630147457122803e-02
5.000000000000000000e+01 -5.167073011398315430e-02
5.100000000000000000e+01 -3.708088770508766174e-02
5.200000000000000000e+01 -2.311509102582931519e-02
5.300000000000000000e+01 -1.019444130361080170e-02
5.400000000000000000e+01 2.057373523712158203e-03
5.500000000000000000e+01 1.331284549087285995e-02
5.600000000000000000e+01 2.355517260730266571e-02
5.700000000000000000e+01 3.280449286103248596e-02
5.800000000000000000e+01 4.133666306734085083e-02
5.900000000000000000e+01 4.954661801457405090e-02
6.000000000000000000e+01 5.698917806148529053e-02
6.100000000000000000e+01 6.359189748764038086e-02
6.200000000000000000e+01 6.932093203067779541e-02
6.300000000000000000e+01 7.474350929260253906e-02
6.400000000000000000e+01 7.941009104251861572e-02
6.500000000000000000e+01 8.352132886648178101e-02
6.600000000000000000e+01 8.652713894844055176e-02
6.700000000000000000e+01 8.842839300632476807e-02
6.800000000000000000e+01 8.968827128410339355e-02
6.900000000000000000e+01 8.996658027172088623e-02
7.000000000000000000e+01 8.904337882995605469e-02
7.100000000000000000e+01 8.748617768287658691e-02
7.200000000000000000e+01 8.497433364391326904e-02
7.300000000000000000e+01 8.165699988603591919e-02
7.400000000000000000e+01 7.790584862232208252e-02
7.500000000000000000e+01 7.359744608402252197e-02
7.600000000000000000e+01 6.946064531803131104e-02
7.700000000000000000e+01 6.556005775928497314e-02
7.800000000000000000e+01 6.236492842435836792e-02
7.900000000000000000e+01 5.957713350653648376e-02
8.000000000000000000e+01 5.716274678707122803e-02
8.100000000000000000e+01 5.496387183666229248e-02
8.200000000000000000e+01 5.252492055296897888e-02
8.300000000000000000e+01 5.045877397060394287e-02
8.400000000000000000e+01 4.807622358202934265e-02
8.500000000000000000e+01 4.615299403667449951e-02
8.600000000000000000e+01 4.429768770933151245e-02
8.700000000000000000e+01 4.219653084874153137e-02
8.800000000000000000e+01 4.004077240824699402e-02
8.900000000000000000e+01 3.819014132022857666e-02
9.000000000000000000e+01 3.677580505609512329e-02
9.100000000000000000e+01 3.507415577769279480e-02
9.200000000000000000e+01 3.280844166874885559e-02
9.300000000000000000e+01 3.075560368597507477e-02
9.400000000000000000e+01 2.968989126384258270e-02
9.500000000000000000e+01 2.873739227652549744e-02
9.600000000000000000e+01 2.626065909862518311e-02
9.700000000000000000e+01 2.382547780871391296e-02
9.800000000000000000e+01 2.282012067735195160e-02
9.900000000000000000e+01 1.990070939064025879e-02
