1.000000000000000000e+00 1.000000000000000000e+00
2.000000000000000000e+00 8.960136771202087402e-01
3.000000000000000000e+00 8.150876760482788086e-01
4.000000000000000000e+00 7.448934316635131836e-01
5.000000000000000000e+00 6.800749897956848145e-01
6.000000000000000000e+00 6.185323596000671387e-01
7.000000000000000000e+00 5.590487122535705566e-01
8.000000000000000000e+00 5.007655620574951172e-01
9.000000000000000000e+00 4.435903728008270264e-01
1.000000000000000000e+01 3.875840008258819580e-01
1.100000000000000000e+01 3.323066234588623047e-01
1.200000000000000000e+01 2.780333757400512695e-01
1.300000000000000000e+01 2.252231687307357788e-01
1.400000000000000000e+01 1.736195832490921021e-01
1.500000000000000000e+01 1.236061230301856995e-01
1.600000000000000000e+01 7.544503360986709595e-02
1.700000000000000000e+01 2.918930910527706146e-02
1.800000000000000000e+01 -1.474437396973371506e-02
1.900000000000000000e+01 -5.607777833938598633e-02
2.000000000000000000e+01 -9.430601447820663452e-02
2.100000000000000000e+01 -1.289132684469223022e-01
2.200000000000000000e+01 -1.599298864603042603e-01
2.300000000000000000e+01 -1.872513741254806519e-01
2.400000000000000000e+01 -2.107415795326232910e-01
2.500000000000000000e+01 -2.304886132478713989e-01
2.600000000000000000e+01 -2.465977221727371216e-01
2.700000000000000000e+01 -2.588730752468109131e-01
2.800000000000000000e+01 -2.678520083427429199e-01
2.900000000000000000e+01 -2.734608352184295654e-01
3.000000000000000000e+01 -2.760416567325592041e-01
3.100000000000000000e+01 -2.757298648357391357e-01
3.200000000000000000e+01 -2.727892994880676270e-01
3.300000000000000000e+01 -2.673997879028320312e-01
3.400000000000000000e+01 -2.598427236080169678e-01
3.500000000000000000e+01 -2.502833306789398193e-01
3.600000000000000000e+01 -2.392656058073043823e-01
3.700000000000000000e+01 -2.270546555519104004e-01
3.800000000000000000e+01 -2.134668529033660889e-01
3.900000000000000000e+01 -1.988729834556579590e-01
4.000000000000000000e+01 -1.839101910591125488e-01
4.100000000000000000e+01 -1.683346778154373169e-01
4.200000000000000000e+01 -1.525928229093551636e-01
4.300000000000000000e+01 -1.368831247091293335e-01
4.400000000000000000e+01 -1.211732327938079834e-01
4.500000000000000000e+01 -1.059574037790298462e-01
4.600000000000000000e+01 -9.089256823062896729e-02
4.700000000000000000e+01 -7.621009647846221924e-02
4.800000000000000000e+01 -6.156046688556671143e-02
4.900000000000000000e+01 -4.782527685165405273e-02
5.000000000000000000e+01 -3.478617221117019653e-02
5.100000000000000000e+01 -2.231313847005367279e-02
5.200000000000000000e+01 -1.094144489616155624e-02
5.300000000000000000e+01 -9.018904529511928558e-05
5.400000000000000000e+01 9.904516860842704773e-03
5.500000000000000000e+01 1.906639337539672852e-02
5.600000000000000000e+01 2.765353024005889893e-02
5.700000000000000000e+01 3.531078621745109558e-02
5.800000000000000000e+01 4.214682802557945251e-02
5.900000000000000000e+01 4.823699221014976501e-02
6.000000000000000000e+01 5.373758450150489807e-02
6.100000000000000000e+01 5.844678729772567749e-02
6.200000000000000000e+01 6.249002739787101746e-02
6.300000000000000000e+01 6.602892279624938965e-02
6.400000000000000000e+01 6.908843666315078735e-02
6.500000000000000000e+01 7.165364176034927368e-02
6.600000000000000000e+01 7.370819151401519775e-02
6.700000000000000000e+01 7.518046349287033081e-02
6.800000000000000000e+01 7.564312964677810669e-02
6.900000000000000000e+01 7.530590891838073730e-02
7.000000000000000000e+01 7.401552796363830566e-02
7.100000000000000000e+01 7.207539677619934082e-02
7.200000000000000000e+01 6.914577633142471313e-02
7.300000000000000000e+01 6.588304787874221802e-02
7.400000000000000000e+01 6.183866038918495178e-02
7.500000000000000000e+01 5.796704068779945374e-02
7.600000000000000000e+01 5.343640223145484924e-02
7.700000000000000000e+01 4.973392933607101440e-02
7.800000000000000000e+01 4.630487412214279175e-02
7.900000000000000000e+01 4.261679947376251221e-02
8.000000000000000000e+01 3.951057046651840210e-02
8.100000000000000000e+01 3.654060512781143188e-02
8.200000000000000000e+01 3.445216268301010132e-02
8.300000000000000000e+01 3.254999220371246338e-02
8.400000000000000000e+01 3.125363215804100037e-02
8.500000000000000000e+01 2.945603430271148682e-02
8.600000000000000000e+01 2.749816328287124634e-02
8.700000000000000000e+01 2.579283714294433594e-02
8.800000000000000000e+01 2.440435625612735748e-02
8.900000000000000000e+01 2.301082946360111237e-02
9.000000000000000000e+01 2.144299820065498352e-02
9.100000000000000000e+01 2.008259855210781097e-02
9.200000000000000000e+01 1.906782202422618866e-02
9.300000000000000000e+01 1.720060035586357117e-02
9.400000000000000000e+01 1.495918538421392441e-02
9.500000000000000000e+01 1.267401129007339478e-02
9.600000000000000000e+01 1.053753122687339783e-02
9.700000000000000000e+01 7.718894165009260178e-03
9.800000000000000000e+01 4.318279679864645004e-03
9.900000000000000000e+01 6.275917985476553440e-04
