1.000000000000000000e+00 1.000000000000000000e+00
2.000000000000000000e+00 9.024975299835205078e-01
3.000000000000000000e+00 8.262782692909240723e-01
4.000000000000000000e+00 7.597708702087402344e-01
5.000000000000000000e+00 6.983890533447265625e-01
6.000000000000000000e+00 6.392452716827392578e-01
7.000000000000000000e+00 5.816672444343566895e-01
8.000000000000000000e+00 5.251891016960144043e-01
9.000000000000000000e+00 4.694762527942657471e-01
1.000000000000000000e+01 4.145291149616241455e-01
1.100000000000000000e+01 3.602703511714935303e-01
1.200000000000000000e+01 3.066026270389556885e-01
1.300000000000000000e+01 2.535297572612762451e-01
1.400000000000000000e+01 2.015821635723114014e-01
1.500000000000000000e+01 1.506777405738830566e-01
1.600000000000000000e+01 1.012293770909309387e-01
1.700000000000000000e+01 5.343132093548774719e-02
1.800000000000000000e+01 7.732642348855733871e-03
1.900000000000000000e+01 -3.557787090539932251e-02
2.000000000000000000e+01 -7.603126764297485352e-02
2.100000000000000000e+01 -1.134149804711341858e-01
2.200000000000000000e+01 -1.475082933902740479e-01
2.300000000000000000e+01 -1.783253997564315796e-01
2.400000000000000000e+01 -2.056356519460678101e-01
2.500000000000000000e+01 -2.293726801872253418e-01
2.600000000000000000e+01 -2.492534369230270386e-01
2.700000000000000000e+01 -2.650471031665802002e-01
2.800000000000000000e+01 -2.775393128395080566e-01
2.900000000000000000e+01 -2.863463759422302246e-01
3.000000000000000000e+01 -2.919272780418395996e-01
3.100000000000000000e+01 -2.940032780170440674e-01
3.200000000000000000e+01 -2.934905588626861572e-01
3.300000000000000000e+01 -2.901427745819091797e-01
3.400000000000000000e+01 -2.844632565975189209e-01
3.500000000000000000e+01 -2.767125368118286133e-01
3.600000000000000000e+01 -2.673327922821044922e-01
3.700000000000000000e+01 -2.559206187725067139e-01
3.800000000000000000e+01 -2.431942373514175415e-01
3.900000000000000000e+01 -2.293452471494674683e-01
4.000000000000000000e+01 -2.144207656383514404e-01
4.100000000000000000e+01 -1.989580392837524414e-01
4.200000000000000000e+01 -1.829600185155868530e-01
4.300000000000000000e+01 -1.665200740098953247e-01
4.400000000000000000e+01 -1.497996449470520020e-01
4.500000000000000000e+01 -1.333221495151519775e-01
4.600000000000000000e+01 -1.168252378702163696e-01
4.700000000000000000e+01 -1.005437597632408142e-01
4.800000000000000000e+01 -8.451386541128158569e-02
4.900000000000000000e+01 -6.848684698343276978e-02
5.000000000000000000e+01 -5.292563885450363159e-02
5.100000000000000000e+01 -3.815151005983352661e-02
5.200000000000000000e+01 -2.408909797668457031e-02
5.300000000000000000e+01 -1.090884860605001450e-02
5.400000000000000000e+01 1.275540445931255817e-03
5.500000000000000000e+01 1.236914750188589096e-02
5.600000000000000000e+01 2.269209176301956177e-02
5.700000000000000000e+01 3.234745562076568604e-02
5.800000000000000000e+01 4.120784252882003784e-02
5.900000000000000000e+01 4.944977909326553345e-02
6.000000000000000000e+01 5.704973638057708740e-02
6.100000000000000000e+01 6.448441743850708008e-02
6.200000000000000000e+01 7.072024047374725342e-02
6.300000000000000000e+01 7.665089517831802368e-02
6.400000000000000000e+01 8.189031481742858887e-02
6.500000000000000000e+01 8.611711114645004272e-02
6.600000000000000000e+01 8.956277370452880859e-02
6.700000000000000000e+01 9.218157827854156494e-02
6.800000000000000000e+01 9.408969432115554810e-02
6.900000000000000000e+01 9.489963203668594360e-02
7.000000000000000000e+01 9.425924718379974365e-02
7.100000000000000000e+01 9.276903420686721802e-02
7.200000000000000000e+01 8.999947458505630493e-02
7.300000000000000000e+01 8.643127977848052979e-02
7.400000000000000000e+01 8.233671635389328003e-02
7.500000000000000000e+01 7.801507413387298584e-02
7.600000000000000000e+01 7.380463927984237671e-02
7.700000000000000000e+01 6.962653249502182007e-02
7.800000000000000000e+01 6.579239666461944580e-02
7.900000000000000000e+01 6.242970377206802368e-02
8.000000000000000000e+01 5.960361659526824951e-02
8.100000000000000000e+01 5.690091848373413086e-02
8.200000000000000000e+01 5.441530793905258179e-02
8.300000000000000000e+01 5.235119536519050598e-02
8.400000000000000000e+01 5.075126141309738159e-02
8.500000000000000000e+01 4.896987229585647583e-02
8.600000000000000000e+01 4.675544053316116333e-02
8.700000000000000000e+01 4.449447244405746460e-02
8.800000000000000000e+01 4.231167584657669067e-02
8.900000000000000000e+01 4.045774042606353760e-02
9.000000000000000000e+01 3.874192759394645691e-02
9.100000000000000000e+01 3.680977597832679749e-02
9.200000000000000000e+01 3.491713851690292358e-02
9.300000000000000000e+01 3.306986019015312195e-02
9.400000000000000000e+01 3.078911080956459045e-02
9.500000000000000000e+01 2.920425124466419220e-02
9.600000000000000000e+01 2.768670953810214996e-02
9.700000000000000000e+01 2.531762048602104187e-02
9.800000000000000000e+01 2.212380804121494293e-02
9.900000000000000000e+01 2.259271033108234406e-02
