1.000000000000000000e+00 1.000000000000000000e+00
2.000000000000000000e+00 8.912212252616882324e-01
3.000000000000000000e+00 8.066108226776123047e-01
4.000000000000000000e+00 7.335578799247741699e-01
5.000000000000000000e+00 6.664289832115173340e-01
6.000000000000000000e+00 6.027389168739318848e-01
7.000000000000000000e+00 5.413709878921508789e-01
8.000000000000000000e+00 4.820573031902313232e-01
9.000000000000000000e+00 4.240480363368988037e-01
1.000000000000000000e+01 3.675215542316436768e-01
1.100000000000000000e+01 3.121023178100585938e-01
1.200000000000000000e+01 2.579375207424163818e-01
1.300000000000000000e+01 2.053008675575256348e-01
1.400000000000000000e+01 1.541266739368438721e-01
1.500000000000000000e+01 1.047739386558532715e-01
1.600000000000000000e+01 5.785459652543067932e-02
1.700000000000000000e+01 1.329930219799280167e-02
1.800000000000000000e+01 -2.862787991762161255e-02
1.900000000000000000e+01 -6.787363439798355103e-02
2.000000000000000000e+01 -1.039464250206947327e-01
2.100000000000000000e+01 -1.364528834819793701e-01
2.200000000000000000e+01 -1.652397215366363525e-01
2.300000000000000000e+01 -1.903136968612670898e-01
2.400000000000000000e+01 -2.111755013465881348e-01
2.500000000000000000e+01 -2.286023795604705811e-01
2.600000000000000000e+01 -2.420877665281295776e-01
2.700000000000000000e+01 -2.520223557949066162e-01
2.800000000000000000e+01 -2.584187984466552734e-01
2.900000000000000000e+01 -2.617149651050567627e-01
3.000000000000000000e+01 -2.621338963508605957e-01
3.100000000000000000e+01 -2.597075700759887695e-01
3.200000000000000000e+01 -2.547900974750518799e-01
3.300000000000000000e+01 -2.482520490884780884e-01
3.400000000000000000e+01 -2.395691722631454468e-01
3.500000000000000000e+01 -2.289549708366394043e-01
3.600000000000000000e+01 -2.169605493545532227e-01
3.700000000000000000e+01 -2.038190364837646484e-01
3.800000000000000000e+01 -1.897690594196319580e-01
3.900000000000000000e+01 -1.748974025249481201e-01
4.000000000000000000e+01 -1.600929200649261475e-01
4.100000000000000000e+01 -1.454669237136840820e-01
4.200000000000000000e+01 -1.301540732383728027e-01
4.300000000000000000e+01 -1.148139312863349915e-01
4.400000000000000000e+01 -9.954017400741577148e-02
4.500000000000000000e+01 -8.473425358533859253e-02
4.600000000000000000e+01 -7.069955766201019287e-02
4.700000000000000000e+01 -5.699158832430839539e-02
4.800000000000000000e+01 -4.379547759890556335e-02
4.900000000000000000e+01 -3.111277148127555847e-02
5.000000000000000000e+01 -1.929390802979469299e-02
5.100000000000000000e+01 -7.829385809600353241e-03
5.200000000000000000e+01 2.419305965304374695e-03
5.300000000000000000e+01 1.200952287763357162e-02
5.400000000000000000e+01 2.091013640165328979e-02
5.500000000000000000e+01 2.911926805973052979e-02
5.600000000000000000e+01 3.661077842116355896e-02
5.700000000000000000e+01 4.288921132683753967e-02
5.800000000000000000e+01 4.831974208354949951e-02
5.900000000000000000e+01 5.287884175777435303e-02
6.000000000000000000e+01 5.668349936604499817e-02
6.100000000000000000e+01 5.945327132940292358e-02
6.200000000000000000e+01 6.185420602560043335e-02
6.300000000000000000e+01 6.365985423326492310e-02
6.400000000000000000e+01 6.505453586578369141e-02
6.500000000000000000e+01 6.553234905004501343e-02
6.600000000000000000e+01 6.593356281518936157e-02
6.700000000000000000e+01 6.544288992881774902e-02
6.800000000000000000e+01 6.463751941919326782e-02
6.900000000000000000e+01 6.334609538316726685e-02
7.000000000000000000e+01 6.158703193068504333e-02
7.100000000000000000e+01 5.895666778087615967e-02
7.200000000000000000e+01 5.560902878642082214e-02
7.300000000000000000e+01 5.153160542249679565e-02
7.400000000000000000e+01 4.717411845922470093e-02
7.500000000000000000e+01 4.291867837309837341e-02
7.600000000000000000e+01 3.849639743566513062e-02
7.700000000000000000e+01 3.428661823272705078e-02
7.800000000000000000e+01 3.081275336444377899e-02
7.900000000000000000e+01 2.738819643855094910e-02
8.000000000000000000e+01 2.459787763655185699e-02
8.100000000000000000e+01 2.205004170536994934e-02
8.200000000000000000e+01 2.003134787082672119e-02
8.300000000000000000e+01 1.765459962189197540e-02
8.400000000000000000e+01 1.517865061759948730e-02
8.500000000000000000e+01 1.286008302122354507e-02
8.600000000000000000e+01 1.078630797564983368e-02
8.700000000000000000e+01 7.831746712327003479e-03
8.800000000000000000e+01 5.113160703331232071e-03
8.900000000000000000e+01 2.898130333051085472e-03
9.000000000000000000e+01 9.079176816157996655e-04
9.100000000000000000e+01 -7.271163631230592728e-04
9.200000000000000000e+01 -2.399721648544073105e-03
9.300000000000000000e+01 -4.120510071516036987e-03
9.400000000000000000e+01 -5.853058304637670517e-03
9.500000000000000000e+01 -7.011633832007646561e-03
9.600000000000000000e+01 -7.998681627213954926e-03
9.700000000000000000e+01 -8.886603638529777527e-03
9.800000000000000000e+01 -7.296290714293718338e-03
9.900000000000000000e+01 -8.117010816931724548e-03
