1.000000000000000000e+00 1.000000000000000000e+00
2.000000000000000000e+00 8.984626531600952148e-01
3.000000000000000000e+00 8.191182613372802734e-01
4.000000000000000000e+00 7.505991458892822266e-01
5.000000000000000000e+00 6.873180866241455078e-01
6.000000000000000000e+00 6.268687844276428223e-01
7.000000000000000000e+00 5.680775046348571777e-01
8.000000000000000000e+00 5.104999542236328125e-01
9.000000000000000000e+00 4.537673592567443848e-01
1.000000000000000000e+01 3.982594907283782959e-01
1.100000000000000000e+01 3.434842824935913086e-01
1.200000000000000000e+01 2.894932627677917480e-01
1.300000000000000000e+01 2.365009188652038574e-01
1.400000000000000000e+01 1.847592890262603760e-01
1.500000000000000000e+01 1.342680901288986206e-01
1.600000000000000000e+01 8.559484034776687622e-02
1.700000000000000000e+01 3.878597542643547058e-02
1.800000000000000000e+01 -5.936444737017154694e-03
1.900000000000000000e+01 -4.794587939977645874e-02
2.000000000000000000e+01 -8.689475059509277344e-02
2.100000000000000000e+01 -1.227694973349571228e-01
2.200000000000000000e+01 -1.549945920705795288e-01
2.300000000000000000e+01 -1.837481409311294556e-01
2.400000000000000000e+01 -2.086750119924545288e-01
2.500000000000000000e+01 -2.298699468374252319e-01
2.600000000000000000e+01 -2.470199912786483765e-01
2.700000000000000000e+01 -2.604150772094726562e-01
2.800000000000000000e+01 -2.703801989555358887e-01
2.900000000000000000e+01 -2.771201729774475098e-01
3.000000000000000000e+01 -2.805791497230529785e-01
3.100000000000000000e+01 -2.809794843196868896e-01
3.200000000000000000e+01 -2.788316011428833008e-01
3.300000000000000000e+01 -2.743472456932067871e-01
3.400000000000000000e+01 -2.678351402282714844e-01
3.500000000000000000e+01 -2.592408061027526855e-01
3.600000000000000000e+01 -2.491333037614822388e-01
3.700000000000000000e+01 -2.373285442590713501e-01
3.800000000000000000e+01 -2.243555635213851929e-01
3.900000000000000000e+01 -2.104819715023040771e-01
4.000000000000000000e+01 -1.955591589212417603e-01
4.100000000000000000e+01 -1.802395135164260864e-01
4.200000000000000000e+01 -1.643914431333541870e-01
4.300000000000000000e+01 -1.486069858074188232e-01
4.400000000000000000e+01 -1.329565346240997314e-01
4.500000000000000000e+01 -1.172010898590087891e-01
4.600000000000000000e+01 -1.018035188317298889e-01
4.700000000000000000e+01 -8.668281883001327515e-02
4.800000000000000000e+01 -7.164811342954635620e-02
4.900000000000000000e+01 -5.721571668982505798e-02
5.000000000000000000e+01 -4.365390539169311523e-02
5.100000000000000000e+01 -3.061016090214252472e-02
5.200000000000000000e+01 -1.818558014929294586e-02
5.300000000000000000e+01 -6.429339293390512466e-03
5.400000000000000000e+01 4.585222806781530380e-03
5.500000000000000000e+01 1.470263488590717316e-02
5.600000000000000000e+01 2.383699081838130951e-02
5.700000000000000000e+01 3.209315240383148193e-02
5.800000000000000000e+01 3.940664604306221008e-02
5.900000000000000000e+01 4.619498550891876221e-02
6.000000000000000000e+01 5.238382518291473389e-02
6.100000000000000000e+01 5.793741345405578613e-02
6.200000000000000000e+01 6.322202831506729126e-02
6.300000000000000000e+01 6.775868684053421021e-02
6.400000000000000000e+01 7.174479216337203979e-02
6.500000000000000000e+01 7.540990412235260010e-02
6.600000000000000000e+01 7.815155386924743652e-02
6.700000000000000000e+01 8.031838387250900269e-02
6.800000000000000000e+01 8.163979649543762207e-02
6.900000000000000000e+01 8.192286640405654907e-02
7.000000000000000000e+01 8.114573359489440918e-02
7.100000000000000000e+01 7.920578867197036743e-02
7.200000000000000000e+01 7.686159759759902954e-02
7.300000000000000000e+01 7.370934635400772095e-02
7.400000000000000000e+01 7.028191536664962769e-02
7.500000000000000000e+01 6.640044599771499634e-02
7.600000000000000000e+01 6.189049035310745239e-02
7.700000000000000000e+01 5.809862911701202393e-02
7.800000000000000000e+01 5.464840680360794067e-02
7.900000000000000000e+01 5.137979611754417419e-02
8.000000000000000000e+01 4.831691831350326538e-02
8.100000000000000000e+01 4.611159116029739380e-02
8.200000000000000000e+01 4.321780055761337280e-02
8.300000000000000000e+01 4.096150398254394531e-02
8.400000000000000000e+01 3.861289098858833313e-02
8.500000000000000000e+01 3.675466030836105347e-02
8.600000000000000000e+01 3.555305302143096924e-02
8.700000000000000000e+01 3.387712687253952026e-02
8.800000000000000000e+01 3.209768980741500854e-02
8.900000000000000000e+01 3.079038299620151520e-02
9.000000000000000000e+01 2.936218678951263428e-02
9.100000000000000000e+01 2.803399227559566498e-02
9.200000000000000000e+01 2.664307318627834320e-02
9.300000000000000000e+01 2.528443560004234314e-02
9.400000000000000000e+01 2.441282011568546295e-02
9.500000000000000000e+01 2.332132868468761444e-02
9.600000000000000000e+01 2.369922772049903870e-02
9.700000000000000000e+01 2.178046666085720062e-02
9.800000000000000000e+01 2.084537968039512634e-02
9.900000000000000000e+01 1.927817426621913910e-02
