1.000000000000000000e+00 1.000000000000000000e+00
2.000000000000000000e+00 9.017140269279479980e-01
3.000000000000000000e+00 8.248800635337829590e-01
4.000000000000000000e+00 7.581546306610107422e-01
5.000000000000000000e+00 6.965237855911254883e-01
6.000000000000000000e+00 6.374435424804687500e-01
7.000000000000000000e+00 5.798106789588928223e-01
8.000000000000000000e+00 5.233038663864135742e-01
9.000000000000000000e+00 4.675031602382659912e-01
1.000000000000000000e+01 4.121791124343872070e-01
1.100000000000000000e+01 3.573192656040191650e-01
1.200000000000000000e+01 3.033525049686431885e-01
1.300000000000000000e+01 2.501221895217895508e-01
1.400000000000000000e+01 1.981409192085266113e-01
1.500000000000000000e+01 1.474588513374328613e-01
1.600000000000000000e+01 9.812739491462707520e-02
1.700000000000000000e+01 5.069509521126747131e-02
1.800000000000000000e+01 5.086513701826334000e-03
1.900000000000000000e+01 -3.800603747367858887e-02
2.000000000000000000e+01 -7.823815196752548218e-02
2.100000000000000000e+01 -1.152004227042198181e-01
2.200000000000000000e+01 -1.487651318311691284e-01
2.300000000000000000e+01 -1.789846867322921753e-01
2.400000000000000000e+01 -2.058027833700180054e-01
2.500000000000000000e+01 -2.288154363632202148e-01
2.600000000000000000e+01 -2.479807138442993164e-01
2.700000000000000000e+01 -2.637296319007873535e-01
2.800000000000000000e+01 -2.757659256458282471e-01
2.900000000000000000e+01 -2.840864658355712891e-01
3.000000000000000000e+01 -2.891554832458496094e-01
3.100000000000000000e+01 -2.909803390502929688e-01
3.200000000000000000e+01 -2.901654839515686035e-01
3.300000000000000000e+01 -2.869078218936920166e-01
3.400000000000000000e+01 -2.810832560062408447e-01
3.500000000000000000e+01 -2.728742063045501709e-01
3.600000000000000000e+01 -2.630655467510223389e-01
3.700000000000000000e+01 -2.515806257724761963e-01
3.800000000000000000e+01 -2.390595823526382446e-01
3.900000000000000000e+01 -2.254483699798583984e-01
4.000000000000000000e+01 -2.110999524593353271e-01
4.100000000000000000e+01 -1.958376914262771606e-01
4.200000000000000000e+01 -1.799889802932739258e-01
4.300000000000000000e+01 -1.638719290494918823e-01
4.400000000000000000e+01 -1.473393589258193970e-01
4.500000000000000000e+01 -1.307379156351089478e-01
4.600000000000000000e+01 -1.143798828125000000e-01
4.700000000000000000e+01 -9.842040389776229858e-02
4.800000000000000000e+01 -8.225929737091064453e-02
4.900000000000000000e+01 -6.665828078985214233e-02
5.000000000000000000e+01 -5.160875245928764343e-02
5.100000000000000000e+01 -3.685270994901657104e-02
5.200000000000000000e+01 -2.285044454038143158e-02
5.300000000000000000e+01 -9.936771355569362640e-03
5.400000000000000000e+01 2.210736740380525589e-03
5.500000000000000000e+01 1.347071677446365356e-02
5.600000000000000000e+01 2.379764989018440247e-02
5.700000000000000000e+01 3.332323580980300903e-02
5.800000000000000000e+01 4.218455404043197632e-02
5.900000000000000000e+01 5.016494914889335632e-02
6.000000000000000000e+01 5.774203687906265259e-02
6.100000000000000000e+01 6.478630751371383667e-02
6.200000000000000000e+01 7.064966112375259399e-02
6.300000000000000000e+01 7.575993239879608154e-02
6.400000000000000000e+01 8.042319118976593018e-02
6.500000000000000000e+01 8.453606069087982178e-02
6.600000000000000000e+01 8.754713833332061768e-02
6.700000000000000000e+01 9.011895209550857544e-02
6.800000000000000000e+01 9.170979261398315430e-02
6.900000000000000000e+01 9.197050333023071289e-02
7.000000000000000000e+01 9.150392562150955200e-02
7.100000000000000000e+01 8.966489881277084351e-02
7.200000000000000000e+01 8.673862367868423462e-02
7.300000000000000000e+01 8.311182260513305664e-02
7.400000000000000000e+01 7.905847579240798950e-02
7.500000000000000000e+01 7.465952634811401367e-02
7.600000000000000000e+01 7.015158981084823608e-02
7.700000000000000000e+01 6.636957824230194092e-02
7.800000000000000000e+01 6.308612972497940063e-02
7.900000000000000000e+01 6.009848415851593018e-02
8.000000000000000000e+01 5.740233510732650757e-02
8.100000000000000000e+01 5.491291359066963196e-02
8.200000000000000000e+01 5.265027657151222229e-02
8.300000000000000000e+01 5.030340328812599182e-02
8.400000000000000000e+01 4.789701849222183228e-02
8.500000000000000000e+01 4.574012011289596558e-02
8.600000000000000000e+01 4.295359924435615540e-02
8.700000000000000000e+01 4.054725170135498047e-02
8.800000000000000000e+01 3.864851221442222595e-02
8.900000000000000000e+01 3.668076545000076294e-02
9.000000000000000000e+01 3.511265292763710022e-02
9.100000000000000000e+01 3.360849618911743164e-02
9.200000000000000000e+01 3.153936937451362610e-02
9.300000000000000000e+01 2.985074929893016815e-02
9.400000000000000000e+01 2.842151746153831482e-02
9.500000000000000000e+01 2.672130987048149109e-02
9.600000000000000000e+01 2.477596327662467957e-02
9.700000000000000000e+01 2.310024946928024292e-02
9.800000000000000000e+01 2.471011132001876831e-02
9.900000000000000000e+01 2.690072730183601379e-02
