1.000000000000000000e+00 1.000000000000000000e+00
2.000000000000000000e+00 8.374964594841003418e-01
3.000000000000000000e+00 7.168769836425781250e-01
4.000000000000000000e+00 6.174066662788391113e-01
5.000000000000000000e+00 5.323026180267333984e-01
6.000000000000000000e+00 4.571208655834197998e-01
7.000000000000000000e+00 3.894354999065399170e-01
8.000000000000000000e+00 3.279494047164916992e-01
9.000000000000000000e+00 2.719841897487640381e-01
1.000000000000000000e+01 2.202423810958862305e-01
1.100000000000000000e+01 1.729008406400680542e-01
1.200000000000000000e+01 1.287537515163421631e-01
1.300000000000000000e+01 8.833962678909301758e-02
1.400000000000000000e+01 5.144873633980751038e-02
1.500000000000000000e+01 1.773423328995704651e-02
1.600000000000000000e+01 -1.287797000259160995e-02
1.700000000000000000e+01 -4.036102071404457092e-02
1.800000000000000000e+01 -6.438859552145004272e-02
1.900000000000000000e+01 -8.535251021385192871e-02
2.000000000000000000e+01 -1.035425812005996704e-01
2.100000000000000000e+01 -1.182196885347366333e-01
2.200000000000000000e+01 -1.300140172243118286e-01
2.300000000000000000e+01 -1.390578448772430420e-01
2.400000000000000000e+01 -1.452594101428985596e-01
2.500000000000000000e+01 -1.484904587268829346e-01
2.600000000000000000e+01 -1.494373232126235962e-01
2.700000000000000000e+01 -1.484343856573104858e-01
2.800000000000000000e+01 -1.459629684686660767e-01
2.900000000000000000e+01 -1.423696726560592651e-01
3.000000000000000000e+01 -1.369947642087936401e-01
3.100000000000000000e+01 -1.305651217699050903e-01
3.200000000000000000e+01 -1.232395842671394348e-01
3.300000000000000000e+01 -1.150637790560722351e-01
3.400000000000000000e+01 -1.063198521733283997e-01
3.500000000000000000e+01 -9.741495549678802490e-02
3.600000000000000000e+01 -8.812272548675537109e-02
3.700000000000000000e+01 -7.880464941263198853e-02
3.800000000000000000e+01 -6.957083940505981445e-02
3.900000000000000000e+01 -6.018602102994918823e-02
4.000000000000000000e+01 -5.132043361663818359e-02
4.100000000000000000e+01 -4.226852208375930786e-02
4.200000000000000000e+01 -3.382686153054237366e-02
4.300000000000000000e+01 -2.601531893014907837e-02
4.400000000000000000e+01 -1.876708865165710449e-02
4.500000000000000000e+01 -1.180525217205286026e-02
4.600000000000000000e+01 -5.217241123318672180e-03
4.700000000000000000e+01 3.857613774016499519e-04
4.800000000000000000e+01 5.602820776402950287e-03
4.900000000000000000e+01 1.002723351120948792e-02
5.000000000000000000e+01 1.400118134915828705e-02
5.100000000000000000e+01 1.696880906820297241e-02
5.200000000000000000e+01 1.953662931919097900e-02
5.300000000000000000e+01 2.152343839406967163e-02
5.400000000000000000e+01 2.342606522142887115e-02
5.500000000000000000e+01 2.378952130675315857e-02
5.600000000000000000e+01 2.396362088620662689e-02
5.700000000000000000e+01 2.327426522970199585e-02
5.800000000000000000e+01 2.286639437079429626e-02
5.900000000000000000e+01 2.213810198009014130e-02
6.000000000000000000e+01 2.073772437870502472e-02
6.100000000000000000e+01 1.955394074320793152e-02
6.200000000000000000e+01 1.784355938434600830e-02
6.300000000000000000e+01 1.583071425557136536e-02
6.400000000000000000e+01 1.380490977317094803e-02
6.500000000000000000e+01 1.201927568763494492e-02
6.600000000000000000e+01 9.970488026738166809e-03
6.700000000000000000e+01 8.703576400876045227e-03
6.800000000000000000e+01 7.902346551418304443e-03
6.900000000000000000e+01 6.161544006317853928e-03
7.000000000000000000e+01 5.277500953525304794e-03
7.100000000000000000e+01 4.243920557200908661e-03
7.200000000000000000e+01 3.525187261402606964e-03
7.300000000000000000e+01 2.526670927181839943e-03
7.400000000000000000e+01 1.611649757251143456e-03
7.500000000000000000e+01 9.603909566067159176e-04
7.600000000000000000e+01 -6.763197598047554493e-04
7.700000000000000000e+01 -1.751696108840405941e-03
7.800000000000000000e+01 -2.680823905393481255e-03
7.900000000000000000e+01 -2.945776330307126045e-03
8.000000000000000000e+01 -3.369669662788510323e-03
8.100000000000000000e+01 -3.369764890521764755e-03
8.200000000000000000e+01 -3.789969487115740776e-03
8.300000000000000000e+01 -4.093810450285673141e-03
8.400000000000000000e+01 -3.305317368358373642e-03
8.500000000000000000e+01 -2.647974062711000443e-03
8.600000000000000000e+01 -1.555273076519370079e-03
8.700000000000000000e+01 -8.521947893314063549e-04
8.800000000000000000e+01 -8.881650865077972412e-04
8.900000000000000000e+01 -1.177005819045007229e-03
9.000000000000000000e+01 -1.567519968375563622e-03
9.100000000000000000e+01 -2.428655279800295830e-03
9.200000000000000000e+01 -3.372757462784647942e-03
9.300000000000000000e+01 -4.455618560314178467e-03
9.400000000000000000e+01 -4.299565684050321579e-03
9.500000000000000000e+01 -5.911166779696941376e-03
9.600000000000000000e+01 -4.452621098607778549e-03
9.700000000000000000e+01 -2.575433813035488129e-03
9.800000000000000000e+01 2.343041589483618736e-03
9.900000000000000000e+01 6.972127448534592986e-05
