1.000000000000000000e+00 1.000000000000000000e+00
2.000000000000000000e+00 9.012095928192138672e-01
3.000000000000000000e+00 8.241223692893981934e-01
4.000000000000000000e+00 7.572464942932128906e-01
5.000000000000000000e+00 6.953045129776000977e-01
6.000000000000000000e+00 6.358770728111267090e-01
7.000000000000000000e+00 5.781927704811096191e-01
8.000000000000000000e+00 5.214675068855285645e-01
9.000000000000000000e+00 4.654451012611389160e-01
1.000000000000000000e+01 4.102111160755157471e-01
1.100000000000000000e+01 3.557763993740081787e-01
1.200000000000000000e+01 3.020005822181701660e-01
1.300000000000000000e+01 2.489283233880996704e-01
1.400000000000000000e+01 1.968840956687927246e-01
1.500000000000000000e+01 1.460513919591903687e-01
1.600000000000000000e+01 9.675496816635131836e-02
1.700000000000000000e+01 4.940071329474449158e-02
1.800000000000000000e+01 4.058259073644876480e-03
1.900000000000000000e+01 -3.877283260226249695e-02
2.000000000000000000e+01 -7.889737933874130249e-02
2.100000000000000000e+01 -1.157031357288360596e-01
2.200000000000000000e+01 -1.490887254476547241e-01
2.300000000000000000e+01 -1.790513694286346436e-01
2.400000000000000000e+01 -2.055194377899169922e-01
2.500000000000000000e+01 -2.284104824066162109e-01
2.600000000000000000e+01 -2.474005222320556641e-01
2.700000000000000000e+01 -2.626016438007354736e-01
2.800000000000000000e+01 -2.743087112903594971e-01
2.900000000000000000e+01 -2.825573086738586426e-01
3.000000000000000000e+01 -2.873742878437042236e-01
3.100000000000000000e+01 -2.891947031021118164e-01
3.200000000000000000e+01 -2.882871627807617188e-01
3.300000000000000000e+01 -2.847407460212707520e-01
3.400000000000000000e+01 -2.790007889270782471e-01
3.500000000000000000e+01 -2.708291411399841309e-01
3.600000000000000000e+01 -2.609732151031494141e-01
3.700000000000000000e+01 -2.498156428337097168e-01
3.800000000000000000e+01 -2.371635437011718750e-01
3.900000000000000000e+01 -2.233264297246932983e-01
4.000000000000000000e+01 -2.089404612779617310e-01
4.100000000000000000e+01 -1.934687793254852295e-01
4.200000000000000000e+01 -1.774514019489288330e-01
4.300000000000000000e+01 -1.613648831844329834e-01
4.400000000000000000e+01 -1.449919193983078003e-01
4.500000000000000000e+01 -1.288732290267944336e-01
4.600000000000000000e+01 -1.128794550895690918e-01
4.700000000000000000e+01 -9.689334034919738770e-02
4.800000000000000000e+01 -8.128798007965087891e-02
4.900000000000000000e+01 -6.602285057306289673e-02
5.000000000000000000e+01 -5.116712674498558044e-02
5.100000000000000000e+01 -3.678427264094352722e-02
5.200000000000000000e+01 -2.291913144290447235e-02
5.300000000000000000e+01 -9.938390925526618958e-03
5.400000000000000000e+01 2.406548708677291870e-03
5.500000000000000000e+01 1.373776141554117203e-02
5.600000000000000000e+01 2.411053329706192017e-02
5.700000000000000000e+01 3.386905789375305176e-02
5.800000000000000000e+01 4.283541440963745117e-02
5.900000000000000000e+01 5.124032124876976013e-02
6.000000000000000000e+01 5.869974941015243530e-02
6.100000000000000000e+01 6.537614017724990845e-02
6.200000000000000000e+01 7.156254351139068604e-02
6.300000000000000000e+01 7.718959450721740723e-02
6.400000000000000000e+01 8.203183859586715698e-02
6.500000000000000000e+01 8.611179888248443604e-02
6.600000000000000000e+01 8.909767866134643555e-02
6.700000000000000000e+01 9.106610715389251709e-02
6.800000000000000000e+01 9.191677719354629517e-02
6.900000000000000000e+01 9.168452024459838867e-02
7.000000000000000000e+01 9.065750986337661743e-02
7.100000000000000000e+01 8.884127438068389893e-02
7.200000000000000000e+01 8.592846989631652832e-02
7.300000000000000000e+01 8.244989812374114990e-02
7.400000000000000000e+01 7.805369049310684204e-02
7.500000000000000000e+01 7.340218126773834229e-02
7.600000000000000000e+01 6.893952190876007080e-02
7.700000000000000000e+01 6.487680226564407349e-02
7.800000000000000000e+01 6.119401380419731140e-02
7.900000000000000000e+01 5.798397958278656006e-02
8.000000000000000000e+01 5.479427054524421692e-02
8.100000000000000000e+01 5.231226980686187744e-02
8.200000000000000000e+01 4.901660233736038208e-02
8.300000000000000000e+01 4.609105736017227173e-02
8.400000000000000000e+01 4.315907880663871765e-02
8.500000000000000000e+01 4.073631018400192261e-02
8.600000000000000000e+01 3.872779384255409241e-02
8.700000000000000000e+01 3.692209720611572266e-02
8.800000000000000000e+01 3.519346565008163452e-02
8.900000000000000000e+01 3.326532989740371704e-02
9.000000000000000000e+01 3.166676685214042664e-02
9.100000000000000000e+01 2.978617884218692780e-02
9.200000000000000000e+01 2.851341664791107178e-02
9.300000000000000000e+01 2.707309089601039886e-02
9.400000000000000000e+01 2.425888925790786743e-02
9.500000000000000000e+01 2.360851876437664032e-02
9.600000000000000000e+01 2.284266985952854156e-02
9.700000000000000000e+01 2.181432023644447327e-02
9.800000000000000000e+01 1.978369988501071930e-02
9.900000000000000000e+01 2.238260395824909210e-02
