1.000000000000000000e+00 1.000000000000000000e+00
2.000000000000000000e+00 8.983902931213378906e-01
3.000000000000000000e+00 8.190487027168273926e-01
4.000000000000000000e+00 7.504432201385498047e-01
5.000000000000000000e+00 6.870510578155517578e-01
6.000000000000000000e+00 6.263908743858337402e-01
7.000000000000000000e+00 5.675672292709350586e-01
8.000000000000000000e+00 5.099645853042602539e-01
9.000000000000000000e+00 4.534908831119537354e-01
1.000000000000000000e+01 3.978450298309326172e-01
1.100000000000000000e+01 3.431589305400848389e-01
1.200000000000000000e+01 2.894325256347656250e-01
1.300000000000000000e+01 2.364093661308288574e-01
1.400000000000000000e+01 1.843858212232589722e-01
1.500000000000000000e+01 1.340529322624206543e-01
1.600000000000000000e+01 8.522801101207733154e-02
1.700000000000000000e+01 3.825848177075386047e-02
1.800000000000000000e+01 -6.165403407067060471e-03
1.900000000000000000e+01 -4.788045212626457214e-02
2.000000000000000000e+01 -8.685579150915145874e-02
2.100000000000000000e+01 -1.226118430495262146e-01
2.200000000000000000e+01 -1.548223793506622314e-01
2.300000000000000000e+01 -1.835544258356094360e-01
2.400000000000000000e+01 -2.084802389144897461e-01
2.500000000000000000e+01 -2.297375947237014771e-01
2.600000000000000000e+01 -2.472202926874160767e-01
2.700000000000000000e+01 -2.609492242336273193e-01
2.800000000000000000e+01 -2.707891166210174561e-01
2.900000000000000000e+01 -2.773874104022979736e-01
3.000000000000000000e+01 -2.805408835411071777e-01
3.100000000000000000e+01 -2.805552780628204346e-01
3.200000000000000000e+01 -2.781621813774108887e-01
3.300000000000000000e+01 -2.732258737087249756e-01
3.400000000000000000e+01 -2.663833796977996826e-01
3.500000000000000000e+01 -2.579237818717956543e-01
3.600000000000000000e+01 -2.476260066032409668e-01
3.700000000000000000e+01 -2.357883155345916748e-01
3.800000000000000000e+01 -2.229433506727218628e-01
3.900000000000000000e+01 -2.089630961418151855e-01
4.000000000000000000e+01 -1.943507641553878784e-01
4.100000000000000000e+01 -1.790061146020889282e-01
4.200000000000000000e+01 -1.637411117553710938e-01
4.300000000000000000e+01 -1.483393758535385132e-01
4.400000000000000000e+01 -1.326331794261932373e-01
4.500000000000000000e+01 -1.167546287178993225e-01
4.600000000000000000e+01 -1.009185686707496643e-01
4.700000000000000000e+01 -8.572679013013839722e-02
4.800000000000000000e+01 -7.075997442007064819e-02
4.900000000000000000e+01 -5.617973580956459045e-02
5.000000000000000000e+01 -4.243784025311470032e-02
5.100000000000000000e+01 -2.956221811473369598e-02
5.200000000000000000e+01 -1.728514768183231354e-02
5.300000000000000000e+01 -5.706275813281536102e-03
5.400000000000000000e+01 4.864156246185302734e-03
5.500000000000000000e+01 1.464665494859218597e-02
5.600000000000000000e+01 2.337024174630641937e-02
5.700000000000000000e+01 3.165813907980918884e-02
5.800000000000000000e+01 3.898664563894271851e-02
5.900000000000000000e+01 4.558471962809562683e-02
6.000000000000000000e+01 5.176355689764022827e-02
6.100000000000000000e+01 5.771301314234733582e-02
6.200000000000000000e+01 6.297288835048675537e-02
6.300000000000000000e+01 6.800977140665054321e-02
6.400000000000000000e+01 7.241351902484893799e-02
6.500000000000000000e+01 7.584726810455322266e-02
6.600000000000000000e+01 7.853305339813232422e-02
6.700000000000000000e+01 8.024367690086364746e-02
6.800000000000000000e+01 8.107320964336395264e-02
6.900000000000000000e+01 8.146588504314422607e-02
7.000000000000000000e+01 8.095517009496688843e-02
7.100000000000000000e+01 7.938161492347717285e-02
7.200000000000000000e+01 7.684209197759628296e-02
7.300000000000000000e+01 7.355977594852447510e-02
7.400000000000000000e+01 6.974288076162338257e-02
7.500000000000000000e+01 6.566021591424942017e-02
7.600000000000000000e+01 6.162354722619056702e-02
7.700000000000000000e+01 5.774660408496856689e-02
7.800000000000000000e+01 5.432213470339775085e-02
7.900000000000000000e+01 5.151122063398361206e-02
8.000000000000000000e+01 4.873856157064437866e-02
8.100000000000000000e+01 4.544292762875556946e-02
8.200000000000000000e+01 4.258434846997261047e-02
8.300000000000000000e+01 3.999685496091842651e-02
8.400000000000000000e+01 3.751312196254730225e-02
8.500000000000000000e+01 3.564552962779998779e-02
8.600000000000000000e+01 3.361435234546661377e-02
8.700000000000000000e+01 3.176763653755187988e-02
8.800000000000000000e+01 3.052358888089656830e-02
8.900000000000000000e+01 2.934483438730239868e-02
9.000000000000000000e+01 2.759119123220443726e-02
9.100000000000000000e+01 2.604805864393711090e-02
9.200000000000000000e+01 2.400893345475196838e-02
9.300000000000000000e+01 2.265910804271697998e-02
9.400000000000000000e+01 2.174824662506580353e-02
9.500000000000000000e+01 2.059224434196949005e-02
9.600000000000000000e+01 1.966282911598682404e-02
9.700000000000000000e+01 1.924823597073554993e-02
9.800000000000000000e+01 1.938040554523468018e-02
9.900000000000000000e+01 1.666099205613136292e-02
