1.000000000000000000e+00 1.000000000000000000e+00
2.000000000000000000e+00 8.722487688064575195e-01
3.000000000000000000e+00 7.749624252319335938e-01
4.000000000000000000e+00 6.924003362655639648e-01
5.000000000000000000e+00 6.187507510185241699e-01
6.000000000000000000e+00 5.503997802734375000e-01
7.000000000000000000e+00 4.860082566738128662e-01
8.000000000000000000e+00 4.249964654445648193e-01
9.000000000000000000e+00 3.664843440055847168e-01
1.000000000000000000e+01 3.099759817123413086e-01
1.100000000000000000e+01 2.557054162025451660e-01
1.200000000000000000e+01 2.036025971174240112e-01
1.300000000000000000e+01 1.536462008953094482e-01
1.400000000000000000e+01 1.060222610831260681e-01
1.500000000000000000e+01 6.092497706413269043e-02
1.600000000000000000e+01 1.836512796580791473e-02
1.700000000000000000e+01 -2.123933658003807068e-02
1.800000000000000000e+01 -5.760575458407402039e-02
1.900000000000000000e+01 -9.041237831115722656e-02
2.000000000000000000e+01 -1.197217479348182678e-01
2.100000000000000000e+01 -1.454766839742660522e-01
2.200000000000000000e+01 -1.674582362174987793e-01
2.300000000000000000e+01 -1.852381378412246704e-01
2.400000000000000000e+01 -1.997624635696411133e-01
2.500000000000000000e+01 -2.108392268419265747e-01
2.600000000000000000e+01 -2.185665518045425415e-01
2.700000000000000000e+01 -2.230494618415832520e-01
2.800000000000000000e+01 -2.243385463953018188e-01
2.900000000000000000e+01 -2.228527367115020752e-01
3.000000000000000000e+01 -2.190738022327423096e-01
3.100000000000000000e+01 -2.126853317022323608e-01
3.200000000000000000e+01 -2.045055478811264038e-01
3.300000000000000000e+01 -1.953104287385940552e-01
3.400000000000000000e+01 -1.843505352735519409e-01
3.500000000000000000e+01 -1.728760302066802979e-01
3.600000000000000000e+01 -1.604371815919876099e-01
3.700000000000000000e+01 -1.478728055953979492e-01
3.800000000000000000e+01 -1.344775408506393433e-01
3.900000000000000000e+01 -1.205974072217941284e-01
4.000000000000000000e+01 -1.065656021237373352e-01
4.100000000000000000e+01 -9.322131425142288208e-02
4.200000000000000000e+01 -8.034034073352813721e-02
4.300000000000000000e+01 -6.804159283638000488e-02
4.400000000000000000e+01 -5.573842301964759827e-02
4.500000000000000000e+01 -4.420130327343940735e-02
4.600000000000000000e+01 -3.296272084116935730e-02
4.700000000000000000e+01 -2.249766886234283447e-02
4.800000000000000000e+01 -1.233467273414134979e-02
4.900000000000000000e+01 -2.996822120621800423e-03
5.000000000000000000e+01 5.454285535961389542e-03
5.100000000000000000e+01 1.313583645969629288e-02
5.200000000000000000e+01 2.010005898773670197e-02
5.300000000000000000e+01 2.585525438189506531e-02
5.400000000000000000e+01 3.100801259279251099e-02
5.500000000000000000e+01 3.536353632807731628e-02
5.600000000000000000e+01 3.849739953875541687e-02
5.700000000000000000e+01 4.015935212373733521e-02
5.800000000000000000e+01 4.101425409317016602e-02
5.900000000000000000e+01 4.181814566254615784e-02
6.000000000000000000e+01 4.252636060118675232e-02
6.100000000000000000e+01 4.299267381429672241e-02
6.200000000000000000e+01 4.285651072859764099e-02
6.300000000000000000e+01 4.232138395309448242e-02
6.400000000000000000e+01 4.051341488957405090e-02
6.500000000000000000e+01 3.883729130029678345e-02
6.600000000000000000e+01 3.720874339342117310e-02
6.700000000000000000e+01 3.510618209838867188e-02
6.800000000000000000e+01 3.262980282306671143e-02
6.900000000000000000e+01 3.016034327447414398e-02
7.000000000000000000e+01 2.729682438075542450e-02
7.100000000000000000e+01 2.456534095108509064e-02
7.200000000000000000e+01 2.164706215262413025e-02
7.300000000000000000e+01 1.836028508841991425e-02
7.400000000000000000e+01 1.502966042608022690e-02
7.500000000000000000e+01 1.239524502307176590e-02
7.600000000000000000e+01 9.660560637712478638e-03
7.700000000000000000e+01 7.642497774213552475e-03
7.800000000000000000e+01 5.736131221055984497e-03
7.900000000000000000e+01 3.878763644024729729e-03
8.000000000000000000e+01 2.506971592083573341e-03
8.100000000000000000e+01 2.183076925575733185e-03
8.200000000000000000e+01 1.352893188595771790e-03
8.300000000000000000e+01 1.253262977115809917e-03
8.400000000000000000e+01 1.419489388354122639e-03
8.500000000000000000e+01 1.611196203157305717e-03
8.600000000000000000e+01 1.207119203172624111e-03
8.700000000000000000e+01 9.170713019557297230e-04
8.800000000000000000e+01 9.229695569956675172e-05
8.900000000000000000e+01 -7.927921833470463753e-04
9.000000000000000000e+01 -1.405777409672737122e-03
9.100000000000000000e+01 -2.427470870316028595e-03
9.200000000000000000e+01 -2.821386558935046196e-03
9.300000000000000000e+01 -3.698158310726284981e-03
9.400000000000000000e+01 -3.045378020033240318e-03
9.500000000000000000e+01 -3.599058371037244797e-03
9.600000000000000000e+01 -2.970209810882806778e-03
9.700000000000000000e+01 -3.955950960516929626e-03
9.800000000000000000e+01 -2.540586749091744423e-03
9.900000000000000000e+01 -2.864561276510357857e-03
