1.000000000000000000e+00 1.000000000000000000e+00
2.000000000000000000e+00 8.842034935951232910e-01
3.000000000000000000e+00 7.949706315994262695e-01
4.000000000000000000e+00 7.184919118881225586e-01
5.000000000000000000e+00 6.488686203956604004e-01
6.000000000000000000e+00 5.832258462905883789e-01
7.000000000000000000e+00 5.207800269126892090e-01
8.000000000000000000e+00 4.606966972351074219e-01
9.000000000000000000e+00 4.025527536869049072e-01
1.000000000000000000e+01 3.459676504135131836e-01
1.100000000000000000e+01 2.911248505115509033e-01
1.200000000000000000e+01 2.371683865785598755e-01
1.300000000000000000e+01 1.848428845405578613e-01
1.400000000000000000e+01 1.346582621335983276e-01
1.500000000000000000e+01 8.627917617559432983e-02
1.600000000000000000e+01 4.075758531689643860e-02
1.700000000000000000e+01 -2.111802808940410614e-03
1.800000000000000000e+01 -4.189135506749153137e-02
1.900000000000000000e+01 -7.888177037239074707e-02
2.000000000000000000e+01 -1.123825013637542725e-01
2.100000000000000000e+01 -1.423190236091613770e-01
2.200000000000000000e+01 -1.681714653968811035e-01
2.300000000000000000e+01 -1.902092099189758301e-01
2.400000000000000000e+01 -2.086069434881210327e-01
2.500000000000000000e+01 -2.232063114643096924e-01
2.600000000000000000e+01 -2.348085939884185791e-01
2.700000000000000000e+01 -2.426132559776306152e-01
2.800000000000000000e+01 -2.468533068895339966e-01
2.900000000000000000e+01 -2.484134584665298462e-01
3.000000000000000000e+01 -2.472633570432662964e-01
3.100000000000000000e+01 -2.435310930013656616e-01
3.200000000000000000e+01 -2.378023713827133179e-01
3.300000000000000000e+01 -2.296357154846191406e-01
3.400000000000000000e+01 -2.198986262083053589e-01
3.500000000000000000e+01 -2.087548226118087769e-01
3.600000000000000000e+01 -1.964688003063201904e-01
3.700000000000000000e+01 -1.835048645734786987e-01
3.800000000000000000e+01 -1.698036491870880127e-01
3.900000000000000000e+01 -1.559250056743621826e-01
4.000000000000000000e+01 -1.417880654335021973e-01
4.100000000000000000e+01 -1.274513751268386841e-01
4.200000000000000000e+01 -1.130033284425735474e-01
4.300000000000000000e+01 -9.883721172809600830e-02
4.400000000000000000e+01 -8.505782485008239746e-02
4.500000000000000000e+01 -7.177712768316268921e-02
4.600000000000000000e+01 -5.852856114506721497e-02
4.700000000000000000e+01 -4.569165036082267761e-02
4.800000000000000000e+01 -3.369739651679992676e-02
4.900000000000000000e+01 -2.228873968124389648e-02
5.000000000000000000e+01 -1.133929472416639328e-02
5.100000000000000000e+01 -1.185550587251782417e-03
5.200000000000000000e+01 8.000885136425495148e-03
5.300000000000000000e+01 1.651754416525363922e-02
5.400000000000000000e+01 2.396405674517154694e-02
5.500000000000000000e+01 3.066629543900489807e-02
5.600000000000000000e+01 3.676379844546318054e-02
5.700000000000000000e+01 4.213414713740348816e-02
5.800000000000000000e+01 4.664199054241180420e-02
5.900000000000000000e+01 5.071620643138885498e-02
6.000000000000000000e+01 5.343074724078178406e-02
6.100000000000000000e+01 5.567630380392074585e-02
6.200000000000000000e+01 5.750678852200508118e-02
6.300000000000000000e+01 5.916878953576087952e-02
6.400000000000000000e+01 6.037514284253120422e-02
6.500000000000000000e+01 6.065436825156211853e-02
6.600000000000000000e+01 6.022549793124198914e-02
6.700000000000000000e+01 5.945600569248199463e-02
6.800000000000000000e+01 5.768151208758354187e-02
6.900000000000000000e+01 5.566102638840675354e-02
7.000000000000000000e+01 5.323381721973419189e-02
7.100000000000000000e+01 4.956218972802162170e-02
7.200000000000000000e+01 4.589860886335372925e-02
7.300000000000000000e+01 4.206863045692443848e-02
7.400000000000000000e+01 3.762302547693252563e-02
7.500000000000000000e+01 3.321126103401184082e-02
7.600000000000000000e+01 2.890233136713504791e-02
7.700000000000000000e+01 2.510922588407993317e-02
7.800000000000000000e+01 2.174773439764976501e-02
7.900000000000000000e+01 1.889120228588581085e-02
8.000000000000000000e+01 1.590032130479812622e-02
8.100000000000000000e+01 1.312539260834455490e-02
8.200000000000000000e+01 1.113072969019412994e-02
8.300000000000000000e+01 9.617160074412822723e-03
8.400000000000000000e+01 7.487194612622261047e-03
8.500000000000000000e+01 5.610661115497350693e-03
8.600000000000000000e+01 4.258448723703622818e-03
8.700000000000000000e+01 2.738929120823740959e-03
8.800000000000000000e+01 2.132186898961663246e-03
8.900000000000000000e+01 1.519561628811061382e-03
9.000000000000000000e+01 4.458678013179451227e-04
9.100000000000000000e+01 -2.338088524993509054e-04
9.200000000000000000e+01 -5.707763484679162502e-04
9.300000000000000000e+01 -1.619926071725785732e-03
9.400000000000000000e+01 -2.162140095606446266e-03
9.500000000000000000e+01 -1.396385836414992809e-03
9.600000000000000000e+01 7.766710477881133556e-04
9.700000000000000000e+01 2.511188620701432228e-03
9.800000000000000000e+01 3.389266785234212875e-03
9.900000000000000000e+01 3.271590918302536011e-03
