1.000000000000000000e+00 1.000000000000000000e+00
2.000000000000000000e+00 8.883538842201232910e-01
3.000000000000000000e+00 8.022676110267639160e-01
4.000000000000000000e+00 7.278532981872558594e-01
5.000000000000000000e+00 6.599626541137695312e-01
6.000000000000000000e+00 5.957500338554382324e-01
7.000000000000000000e+00 5.343956947326660156e-01
8.000000000000000000e+00 4.746885895729064941e-01
9.000000000000000000e+00 4.166207909584045410e-01
1.000000000000000000e+01 3.599898815155029297e-01
1.100000000000000000e+01 3.044794201850891113e-01
1.200000000000000000e+01 2.505250275135040283e-01
1.300000000000000000e+01 1.981563568115234375e-01
1.400000000000000000e+01 1.474269777536392212e-01
1.500000000000000000e+01 9.854081273078918457e-02
1.600000000000000000e+01 5.191431567072868347e-02
1.700000000000000000e+01 7.725471165031194687e-03
1.800000000000000000e+01 -3.379901498556137085e-02
1.900000000000000000e+01 -7.227577269077301025e-02
2.000000000000000000e+01 -1.074848547577857971e-01
2.100000000000000000e+01 -1.394786238670349121e-01
2.200000000000000000e+01 -1.675536930561065674e-01
2.300000000000000000e+01 -1.916973888874053955e-01
2.400000000000000000e+01 -2.118855863809585571e-01
2.500000000000000000e+01 -2.282231003046035767e-01
2.600000000000000000e+01 -2.407418340444564819e-01
2.700000000000000000e+01 -2.499473541975021362e-01
2.800000000000000000e+01 -2.556023001670837402e-01
2.900000000000000000e+01 -2.578784525394439697e-01
3.000000000000000000e+01 -2.573433518409729004e-01
3.100000000000000000e+01 -2.543725073337554932e-01
3.200000000000000000e+01 -2.489399164915084839e-01
3.300000000000000000e+01 -2.414393424987792969e-01
3.400000000000000000e+01 -2.318793237209320068e-01
3.500000000000000000e+01 -2.209904193878173828e-01
3.600000000000000000e+01 -2.086269259452819824e-01
3.700000000000000000e+01 -1.947702169418334961e-01
3.800000000000000000e+01 -1.804023981094360352e-01
3.900000000000000000e+01 -1.659943610429763794e-01
4.000000000000000000e+01 -1.513379067182540894e-01
4.100000000000000000e+01 -1.364292800426483154e-01
4.200000000000000000e+01 -1.216003969311714172e-01
4.300000000000000000e+01 -1.066611260175704956e-01
4.400000000000000000e+01 -9.196964651346206665e-02
4.500000000000000000e+01 -7.821363955736160278e-02
4.600000000000000000e+01 -6.472805142402648926e-02
4.700000000000000000e+01 -5.134183540940284729e-02
4.800000000000000000e+01 -3.852789849042892456e-02
4.900000000000000000e+01 -2.621896192431449890e-02
5.000000000000000000e+01 -1.450406201183795929e-02
5.100000000000000000e+01 -3.641881980001926422e-03
5.200000000000000000e+01 6.457726471126079559e-03
5.300000000000000000e+01 1.579688675701618195e-02
5.400000000000000000e+01 2.447552606463432312e-02
5.500000000000000000e+01 3.219776973128318787e-02
5.600000000000000000e+01 3.881917148828506470e-02
5.700000000000000000e+01 4.439162835478782654e-02
5.800000000000000000e+01 4.975425079464912415e-02
5.900000000000000000e+01 5.392839387059211731e-02
6.000000000000000000e+01 5.758600682020187378e-02
6.100000000000000000e+01 6.020281091332435608e-02
6.200000000000000000e+01 6.254883855581283569e-02
6.300000000000000000e+01 6.400245428085327148e-02
6.400000000000000000e+01 6.518635153770446777e-02
6.500000000000000000e+01 6.546296924352645874e-02
6.600000000000000000e+01 6.494674086570739746e-02
6.700000000000000000e+01 6.429742276668548584e-02
6.800000000000000000e+01 6.321425735950469971e-02
6.900000000000000000e+01 6.114606186747550964e-02
7.000000000000000000e+01 5.817895010113716125e-02
7.100000000000000000e+01 5.497226864099502563e-02
7.200000000000000000e+01 5.113171413540840149e-02
7.300000000000000000e+01 4.708774760365486145e-02
7.400000000000000000e+01 4.259698092937469482e-02
7.500000000000000000e+01 3.794767707586288452e-02
7.600000000000000000e+01 3.318002447485923767e-02
7.700000000000000000e+01 2.878164686262607574e-02
7.800000000000000000e+01 2.518697641789913177e-02
7.900000000000000000e+01 2.172847278416156769e-02
8.000000000000000000e+01 1.851814053952693939e-02
8.100000000000000000e+01 1.597913168370723724e-02
8.200000000000000000e+01 1.395241077989339828e-02
8.300000000000000000e+01 1.185409259051084518e-02
8.400000000000000000e+01 9.451840072870254517e-03
8.500000000000000000e+01 7.091306149959564209e-03
8.600000000000000000e+01 4.495925735682249069e-03
8.700000000000000000e+01 2.595503814518451691e-03
8.800000000000000000e+01 7.739595021121203899e-04
8.900000000000000000e+01 -4.335983248893171549e-04
9.000000000000000000e+01 -1.358664361760020256e-03
9.100000000000000000e+01 -1.829760032705962658e-03
9.200000000000000000e+01 -3.493532305583357811e-03
9.300000000000000000e+01 -4.534817766398191452e-03
9.400000000000000000e+01 -4.514748230576515198e-03
9.500000000000000000e+01 -6.503731478005647659e-03
9.600000000000000000e+01 -6.348875816911458969e-03
9.700000000000000000e+01 -7.890789769589900970e-03
9.800000000000000000e+01 -8.321645669639110565e-03
9.900000000000000000e+01 -9.711185470223426819e-03
