1.000000000000000000e+00 1.000000000000000000e+00
2.000000000000000000e+00 9.000341892242431641e-01
3.000000000000000000e+00 8.220022320747375488e-01
4.000000000000000000e+00 7.540900111198425293e-01
5.000000000000000000e+00 6.914896368980407715e-01
6.000000000000000000e+00 6.317077279090881348e-01
7.000000000000000000e+00 5.733977556228637695e-01
8.000000000000000000e+00 5.163525342941284180e-01
9.000000000000000000e+00 4.601364433765411377e-01
1.000000000000000000e+01 4.049284458160400391e-01
1.100000000000000000e+01 3.505013287067413330e-01
1.200000000000000000e+01 2.966060638427734375e-01
1.300000000000000000e+01 2.434394657611846924e-01
1.400000000000000000e+01 1.913570165634155273e-01
1.500000000000000000e+01 1.407475918531417847e-01
1.600000000000000000e+01 9.163694083690643311e-02
1.700000000000000000e+01 4.472333937883377075e-02
1.800000000000000000e+01 -8.137883560266345739e-05
1.900000000000000000e+01 -4.249081015586853027e-02
2.000000000000000000e+01 -8.200935274362564087e-02
2.100000000000000000e+01 -1.182539314031600952e-01
2.200000000000000000e+01 -1.509478390216827393e-01
2.300000000000000000e+01 -1.800599098205566406e-01
2.400000000000000000e+01 -2.054782211780548096e-01
2.500000000000000000e+01 -2.271404415369033813e-01
2.600000000000000000e+01 -2.452449649572372437e-01
2.700000000000000000e+01 -2.598558068275451660e-01
2.800000000000000000e+01 -2.711237072944641113e-01
2.900000000000000000e+01 -2.788561284542083740e-01
3.000000000000000000e+01 -2.833855152130126953e-01
3.100000000000000000e+01 -2.847333848476409912e-01
3.200000000000000000e+01 -2.833549976348876953e-01
3.300000000000000000e+01 -2.794115543365478516e-01
3.400000000000000000e+01 -2.732370197772979736e-01
3.500000000000000000e+01 -2.652808725833892822e-01
3.600000000000000000e+01 -2.553620636463165283e-01
3.700000000000000000e+01 -2.439014911651611328e-01
3.800000000000000000e+01 -2.310126423835754395e-01
3.900000000000000000e+01 -2.171005159616470337e-01
4.000000000000000000e+01 -2.024847120046615601e-01
4.100000000000000000e+01 -1.874254047870635986e-01
4.200000000000000000e+01 -1.721215099096298218e-01
4.300000000000000000e+01 -1.566923707723617554e-01
4.400000000000000000e+01 -1.408810913562774658e-01
4.500000000000000000e+01 -1.251295059919357300e-01
4.600000000000000000e+01 -1.093568280339241028e-01
4.700000000000000000e+01 -9.388502687215805054e-02
4.800000000000000000e+01 -7.897131890058517456e-02
4.900000000000000000e+01 -6.447321176528930664e-02
5.000000000000000000e+01 -5.028387159109115601e-02
5.100000000000000000e+01 -3.631667792797088623e-02
5.200000000000000000e+01 -2.328460104763507843e-02
5.300000000000000000e+01 -1.089867390692234039e-02
5.400000000000000000e+01 8.111905190162360668e-04
5.500000000000000000e+01 1.171831507235765457e-02
5.600000000000000000e+01 2.143488638103008270e-02
5.700000000000000000e+01 3.040740266442298889e-02
5.800000000000000000e+01 3.875640034675598145e-02
5.900000000000000000e+01 4.640609398484230042e-02
6.000000000000000000e+01 5.319942533969879150e-02
6.100000000000000000e+01 5.962947010993957520e-02
6.200000000000000000e+01 6.560343503952026367e-02
6.300000000000000000e+01 7.089110463857650757e-02
6.400000000000000000e+01 7.572615891695022583e-02
6.500000000000000000e+01 7.939467579126358032e-02
6.600000000000000000e+01 8.228016644716262817e-02
6.700000000000000000e+01 8.459891378879547119e-02
6.800000000000000000e+01 8.620312809944152832e-02
6.900000000000000000e+01 8.680374175310134888e-02
7.000000000000000000e+01 8.632934838533401489e-02
7.100000000000000000e+01 8.475197851657867432e-02
7.200000000000000000e+01 8.219510316848754883e-02
7.300000000000000000e+01 7.910490036010742188e-02
7.400000000000000000e+01 7.548345625400543213e-02
7.500000000000000000e+01 7.166546583175659180e-02
7.600000000000000000e+01 6.774743646383285522e-02
7.700000000000000000e+01 6.442590057849884033e-02
7.800000000000000000e+01 6.125326827168464661e-02
7.900000000000000000e+01 5.802698060870170593e-02
8.000000000000000000e+01 5.533836409449577332e-02
8.100000000000000000e+01 5.270600691437721252e-02
8.200000000000000000e+01 4.985981434583663940e-02
8.300000000000000000e+01 4.735293611884117126e-02
8.400000000000000000e+01 4.493629559874534607e-02
8.500000000000000000e+01 4.227156192064285278e-02
8.600000000000000000e+01 4.079382494091987610e-02
8.700000000000000000e+01 3.921098634600639343e-02
8.800000000000000000e+01 3.748260065913200378e-02
8.900000000000000000e+01 3.593829274177551270e-02
9.000000000000000000e+01 3.371012583374977112e-02
9.100000000000000000e+01 3.228083252906799316e-02
9.200000000000000000e+01 3.114095516502857208e-02
9.300000000000000000e+01 2.994343824684619904e-02
9.400000000000000000e+01 2.821800298988819122e-02
9.500000000000000000e+01 2.663681656122207642e-02
9.600000000000000000e+01 2.565648406744003296e-02
9.700000000000000000e+01 2.371443808078765869e-02
9.800000000000000000e+01 2.142706513404846191e-02
9.900000000000000000e+01 1.798489503562450409e-02
