1.000000000000000000e+00 1.000000000000000000e+00
2.000000000000000000e+00 8.963407874107360840e-01
3.000000000000000000e+00 8.157113790512084961e-01
4.000000000000000000e+00 7.460552453994750977e-01
5.000000000000000000e+00 6.819272041320800781e-01
6.000000000000000000e+00 6.209071278572082520e-01
7.000000000000000000e+00 5.616470575332641602e-01
8.000000000000000000e+00 5.038611888885498047e-01
9.000000000000000000e+00 4.471428692340850830e-01
1.000000000000000000e+01 3.913080990314483643e-01
1.100000000000000000e+01 3.363122045993804932e-01
1.200000000000000000e+01 2.820669710636138916e-01
1.300000000000000000e+01 2.290057241916656494e-01
1.400000000000000000e+01 1.772195994853973389e-01
1.500000000000000000e+01 1.272362470626831055e-01
1.600000000000000000e+01 7.859850674867630005e-02
1.700000000000000000e+01 3.208287432789802551e-02
1.800000000000000000e+01 -1.198108773678541183e-02
1.900000000000000000e+01 -5.307120084762573242e-02
2.000000000000000000e+01 -9.138965606689453125e-02
2.100000000000000000e+01 -1.266512274742126465e-01
2.200000000000000000e+01 -1.584632694721221924e-01
2.300000000000000000e+01 -1.864441633224487305e-01
2.400000000000000000e+01 -2.106873393058776855e-01
2.500000000000000000e+01 -2.310856729745864868e-01
2.600000000000000000e+01 -2.476485073566436768e-01
2.700000000000000000e+01 -2.601693868637084961e-01
2.800000000000000000e+01 -2.693432569503784180e-01
2.900000000000000000e+01 -2.752269506454467773e-01
3.000000000000000000e+01 -2.779894471168518066e-01
3.100000000000000000e+01 -2.778592109680175781e-01
3.200000000000000000e+01 -2.748633325099945068e-01
3.300000000000000000e+01 -2.693089544773101807e-01
3.400000000000000000e+01 -2.620433866977691650e-01
3.500000000000000000e+01 -2.529084682464599609e-01
3.600000000000000000e+01 -2.418541163206100464e-01
3.700000000000000000e+01 -2.294623553752899170e-01
3.800000000000000000e+01 -2.161033302545547485e-01
3.900000000000000000e+01 -2.018339335918426514e-01
4.000000000000000000e+01 -1.867388784885406494e-01
4.100000000000000000e+01 -1.713621169328689575e-01
4.200000000000000000e+01 -1.561242789030075073e-01
4.300000000000000000e+01 -1.406884342432022095e-01
4.400000000000000000e+01 -1.250356435775756836e-01
4.500000000000000000e+01 -1.096871048212051392e-01
4.600000000000000000e+01 -9.428954124450683594e-02
4.700000000000000000e+01 -7.933264970779418945e-02
4.800000000000000000e+01 -6.437213718891143799e-02
4.900000000000000000e+01 -5.031324923038482666e-02
5.000000000000000000e+01 -3.655763715505599976e-02
5.100000000000000000e+01 -2.377687022089958191e-02
5.200000000000000000e+01 -1.170259155333042145e-02
5.300000000000000000e+01 -3.079767629969865084e-04
5.400000000000000000e+01 1.017041597515344620e-02
5.500000000000000000e+01 1.940742880105972290e-02
5.600000000000000000e+01 2.770139090716838837e-02
5.700000000000000000e+01 3.528290241956710815e-02
5.800000000000000000e+01 4.224529862403869629e-02
5.900000000000000000e+01 4.843503981828689575e-02
6.000000000000000000e+01 5.395803228020668030e-02
6.100000000000000000e+01 5.888361111283302307e-02
6.200000000000000000e+01 6.337588280439376831e-02
6.300000000000000000e+01 6.717512011528015137e-02
6.400000000000000000e+01 7.009538263082504272e-02
6.500000000000000000e+01 7.272322475910186768e-02
6.600000000000000000e+01 7.459431886672973633e-02
6.700000000000000000e+01 7.566972821950912476e-02
6.800000000000000000e+01 7.643827795982360840e-02
6.900000000000000000e+01 7.609515637159347534e-02
7.000000000000000000e+01 7.521169632673263550e-02
7.100000000000000000e+01 7.349802553653717041e-02
7.200000000000000000e+01 7.107488065958023071e-02
7.300000000000000000e+01 6.813415139913558960e-02
7.400000000000000000e+01 6.469131261110305786e-02
7.500000000000000000e+01 6.051471456885337830e-02
7.600000000000000000e+01 5.629782751202583313e-02
7.700000000000000000e+01 5.239964276552200317e-02
7.800000000000000000e+01 4.790458455681800842e-02
7.900000000000000000e+01 4.444731399416923523e-02
8.000000000000000000e+01 4.171642661094665527e-02
8.100000000000000000e+01 3.936611860990524292e-02
8.200000000000000000e+01 3.702601417899131775e-02
8.300000000000000000e+01 3.490915521979331970e-02
8.400000000000000000e+01 3.300661221146583557e-02
8.500000000000000000e+01 3.139899671077728271e-02
8.600000000000000000e+01 2.998023107647895813e-02
8.700000000000000000e+01 2.810579538345336914e-02
8.800000000000000000e+01 2.637235075235366821e-02
8.900000000000000000e+01 2.487070485949516296e-02
9.000000000000000000e+01 2.266799472272396088e-02
9.100000000000000000e+01 2.085253223776817322e-02
9.200000000000000000e+01 1.935885101556777954e-02
9.300000000000000000e+01 1.747942529618740082e-02
9.400000000000000000e+01 1.534786820411682129e-02
9.500000000000000000e+01 1.449173968285322189e-02
9.600000000000000000e+01 1.276620291173458099e-02
9.700000000000000000e+01 9.208999574184417725e-03
9.800000000000000000e+01 6.261974573135375977e-03
9.900000000000000000e+01 4.427264910191297531e-03
