1.000000000000000000e+00 1.000000000000000000e+00
2.000000000000000000e+00 9.003844857215881348e-01
3.000000000000000000e+00 8.225516080856323242e-01
4.000000000000000000e+00 7.549655437469482422e-01
5.000000000000000000e+00 6.926286816596984863e-01
6.000000000000000000e+00 6.326926350593566895e-01
7.000000000000000000e+00 5.744620561599731445e-01
8.000000000000000000e+00 5.174330472946166992e-01
9.000000000000000000e+00 4.611890316009521484e-01
1.000000000000000000e+01 4.059192240238189697e-01
1.100000000000000000e+01 3.511436283588409424e-01
1.200000000000000000e+01 2.972601950168609619e-01
1.300000000000000000e+01 2.441750168800354004e-01
1.400000000000000000e+01 1.924231052398681641e-01
1.500000000000000000e+01 1.418766826391220093e-01
1.600000000000000000e+01 9.261712431907653809e-02
1.700000000000000000e+01 4.550034925341606140e-02
1.800000000000000000e+01 6.107668159529566765e-04
1.900000000000000000e+01 -4.151310026645660400e-02
2.000000000000000000e+01 -8.117811381816864014e-02
2.100000000000000000e+01 -1.176018863916397095e-01
2.200000000000000000e+01 -1.505009233951568604e-01
2.300000000000000000e+01 -1.800629496574401855e-01
2.400000000000000000e+01 -2.058269232511520386e-01
2.500000000000000000e+01 -2.279477715492248535e-01
2.600000000000000000e+01 -2.463375926017761230e-01
2.700000000000000000e+01 -2.608818709850311279e-01
2.800000000000000000e+01 -2.715422213077545166e-01
2.900000000000000000e+01 -2.789909839630126953e-01
3.000000000000000000e+01 -2.835278213024139404e-01
3.100000000000000000e+01 -2.849655151367187500e-01
3.200000000000000000e+01 -2.836448848247528076e-01
3.300000000000000000e+01 -2.800503373146057129e-01
3.400000000000000000e+01 -2.741186320781707764e-01
3.500000000000000000e+01 -2.661155760288238525e-01
3.600000000000000000e+01 -2.563676238059997559e-01
3.700000000000000000e+01 -2.449212074279785156e-01
3.800000000000000000e+01 -2.322712242603302002e-01
3.900000000000000000e+01 -2.183502316474914551e-01
4.000000000000000000e+01 -2.039526551961898804e-01
4.100000000000000000e+01 -1.886006295680999756e-01
4.200000000000000000e+01 -1.732220202684402466e-01
4.300000000000000000e+01 -1.572545766830444336e-01
4.400000000000000000e+01 -1.414098739624023438e-01
4.500000000000000000e+01 -1.257076263427734375e-01
4.600000000000000000e+01 -1.099683940410614014e-01
4.700000000000000000e+01 -9.446306526660919189e-02
4.800000000000000000e+01 -7.913492619991302490e-02
4.900000000000000000e+01 -6.416142731904983521e-02
5.000000000000000000e+01 -4.967988654971122742e-02
5.100000000000000000e+01 -3.564585000276565552e-02
5.200000000000000000e+01 -2.258123271167278290e-02
5.300000000000000000e+01 -1.035499479621648788e-02
5.400000000000000000e+01 1.152973505668342113e-03
5.500000000000000000e+01 1.207674108445644379e-02
5.600000000000000000e+01 2.197541669011116028e-02
5.700000000000000000e+01 3.115060180425643921e-02
5.800000000000000000e+01 3.952125832438468933e-02
5.900000000000000000e+01 4.708673059940338135e-02
6.000000000000000000e+01 5.410480871796607971e-02
6.100000000000000000e+01 6.062846258282661438e-02
6.200000000000000000e+01 6.663098186254501343e-02
6.300000000000000000e+01 7.210202515125274658e-02
6.400000000000000000e+01 7.695596665143966675e-02
6.500000000000000000e+01 8.126118034124374390e-02
6.600000000000000000e+01 8.453411608934402466e-02
6.700000000000000000e+01 8.702388405799865723e-02
6.800000000000000000e+01 8.863691240549087524e-02
6.900000000000000000e+01 8.904744684696197510e-02
7.000000000000000000e+01 8.835622668266296387e-02
7.100000000000000000e+01 8.674737066030502319e-02
7.200000000000000000e+01 8.402150869369506836e-02
7.300000000000000000e+01 8.085740357637405396e-02
7.400000000000000000e+01 7.699777930974960327e-02
7.500000000000000000e+01 7.337164878845214844e-02
7.600000000000000000e+01 6.953641027212142944e-02
7.700000000000000000e+01 6.636913120746612549e-02
7.800000000000000000e+01 6.307719647884368896e-02
7.900000000000000000e+01 5.990915745496749878e-02
8.000000000000000000e+01 5.682287365198135376e-02
8.100000000000000000e+01 5.390774458646774292e-02
8.200000000000000000e+01 5.122852697968482971e-02
8.300000000000000000e+01 4.876861721277236938e-02
8.400000000000000000e+01 4.647615551948547363e-02
8.500000000000000000e+01 4.369928687810897827e-02
8.600000000000000000e+01 4.102263599634170532e-02
8.700000000000000000e+01 3.851903229951858521e-02
8.800000000000000000e+01 3.627395629882812500e-02
8.900000000000000000e+01 3.439261391758918762e-02
9.000000000000000000e+01 3.284865245223045349e-02
9.100000000000000000e+01 3.120365366339683533e-02
9.200000000000000000e+01 2.937117218971252441e-02
9.300000000000000000e+01 2.683162875473499298e-02
9.400000000000000000e+01 2.384000457823276520e-02
9.500000000000000000e+01 2.045828476548194885e-02
9.600000000000000000e+01 1.735034771263599396e-02
9.700000000000000000e+01 1.603063195943832397e-02
9.800000000000000000e+01 1.166884973645210266e-02
9.900000000000000000e+01 2.404542407020926476e-03
