1.000000000000000000e+00 1.000000000000000000e+00
2.000000000000000000e+00 8.880639076232910156e-01
3.000000000000000000e+00 8.015690445899963379e-01
4.000000000000000000e+00 7.271328568458557129e-01
5.000000000000000000e+00 6.587743163108825684e-01
6.000000000000000000e+00 5.941330790519714355e-01
7.000000000000000000e+00 5.323644876480102539e-01
8.000000000000000000e+00 4.725807607173919678e-01
9.000000000000000000e+00 4.143894910812377930e-01
1.000000000000000000e+01 3.577278256416320801e-01
1.100000000000000000e+01 3.025238513946533203e-01
1.200000000000000000e+01 2.488681226968765259e-01
1.300000000000000000e+01 1.967302262783050537e-01
1.400000000000000000e+01 1.460899710655212402e-01
1.500000000000000000e+01 9.743358194828033447e-02
1.600000000000000000e+01 5.096039921045303345e-02
1.700000000000000000e+01 6.933449301868677139e-03
1.800000000000000000e+01 -3.459730371832847595e-02
1.900000000000000000e+01 -7.285534590482711792e-02
2.000000000000000000e+01 -1.077146157622337341e-01
2.100000000000000000e+01 -1.392077654600143433e-01
2.200000000000000000e+01 -1.669618040323257446e-01
2.300000000000000000e+01 -1.911166459321975708e-01
2.400000000000000000e+01 -2.110249996185302734e-01
2.500000000000000000e+01 -2.273245006799697876e-01
2.600000000000000000e+01 -2.395993471145629883e-01
2.700000000000000000e+01 -2.485835701227188110e-01
2.800000000000000000e+01 -2.539089024066925049e-01
2.900000000000000000e+01 -2.561685144901275635e-01
3.000000000000000000e+01 -2.557447254657745361e-01
3.100000000000000000e+01 -2.526178359985351562e-01
3.200000000000000000e+01 -2.469393163919448853e-01
3.300000000000000000e+01 -2.390964627265930176e-01
3.400000000000000000e+01 -2.295700013637542725e-01
3.500000000000000000e+01 -2.185016870498657227e-01
3.600000000000000000e+01 -2.061530500650405884e-01
3.700000000000000000e+01 -1.928812712430953979e-01
3.800000000000000000e+01 -1.787122339010238647e-01
3.900000000000000000e+01 -1.643212288618087769e-01
4.000000000000000000e+01 -1.497228592634201050e-01
4.100000000000000000e+01 -1.350954920053482056e-01
4.200000000000000000e+01 -1.206908449530601501e-01
4.300000000000000000e+01 -1.060894876718521118e-01
4.400000000000000000e+01 -9.159800410270690918e-02
4.500000000000000000e+01 -7.726785540580749512e-02
4.600000000000000000e+01 -6.382115930318832397e-02
4.700000000000000000e+01 -5.105075240135192871e-02
4.800000000000000000e+01 -3.857066482305526733e-02
4.900000000000000000e+01 -2.693595550954341888e-02
5.000000000000000000e+01 -1.567529514431953430e-02
5.100000000000000000e+01 -4.628037568181753159e-03
5.200000000000000000e+01 5.914411041885614395e-03
5.300000000000000000e+01 1.557684317231178284e-02
5.400000000000000000e+01 2.418955601751804352e-02
5.500000000000000000e+01 3.166504949331283569e-02
5.600000000000000000e+01 3.832118958234786987e-02
5.700000000000000000e+01 4.392211511731147766e-02
5.800000000000000000e+01 4.856058582663536072e-02
5.900000000000000000e+01 5.252689495682716370e-02
6.000000000000000000e+01 5.575369298458099365e-02
6.100000000000000000e+01 5.840046703815460205e-02
6.200000000000000000e+01 6.048443913459777832e-02
6.300000000000000000e+01 6.250081211328506470e-02
6.400000000000000000e+01 6.361318379640579224e-02
6.500000000000000000e+01 6.330210715532302856e-02
6.600000000000000000e+01 6.262980401515960693e-02
6.700000000000000000e+01 6.146962195634841919e-02
6.800000000000000000e+01 6.007421761751174927e-02
6.900000000000000000e+01 5.822958797216415405e-02
7.000000000000000000e+01 5.602672323584556580e-02
7.100000000000000000e+01 5.329317972064018250e-02
7.200000000000000000e+01 5.012213438749313354e-02
7.300000000000000000e+01 4.642315581440925598e-02
7.400000000000000000e+01 4.251118749380111694e-02
7.500000000000000000e+01 3.844648599624633789e-02
7.600000000000000000e+01 3.425367549061775208e-02
7.700000000000000000e+01 3.051975183188915253e-02
7.800000000000000000e+01 2.701593562960624695e-02
7.900000000000000000e+01 2.343852072954177856e-02
8.000000000000000000e+01 2.027034200727939606e-02
8.100000000000000000e+01 1.849502325057983398e-02
8.200000000000000000e+01 1.649204082787036896e-02
8.300000000000000000e+01 1.459342148154973984e-02
8.400000000000000000e+01 1.261835545301437378e-02
8.500000000000000000e+01 1.056282222270965576e-02
8.600000000000000000e+01 8.477996103465557098e-03
8.700000000000000000e+01 6.188225466758012772e-03
8.800000000000000000e+01 3.668489167466759682e-03
8.900000000000000000e+01 1.120663713663816452e-03
9.000000000000000000e+01 -6.909336661919951439e-04
9.100000000000000000e+01 -2.290862612426280975e-03
9.200000000000000000e+01 -3.242875449359416962e-03
9.300000000000000000e+01 -4.276720806956291199e-03
9.400000000000000000e+01 -5.272184498608112335e-03
9.500000000000000000e+01 -6.150701548904180527e-03
9.600000000000000000e+01 -7.218330167233943939e-03
9.700000000000000000e+01 -8.660669438540935516e-03
9.800000000000000000e+01 -7.409250363707542419e-03
9.900000000000000000e+01 -9.665338322520256042e-03
