1.000000000000000000e+00 1.000000000000000000e+00
2.000000000000000000e+00 8.977088928222656250e-01
3.000000000000000000e+00 8.182879686355590820e-01
4.000000000000000000e+00 7.490156292915344238e-01
5.000000000000000000e+00 6.852495670318603516e-01
6.000000000000000000e+00 6.245544552803039551e-01
7.000000000000000000e+00 5.654681921005249023e-01
8.000000000000000000e+00 5.076416134834289551e-01
9.000000000000000000e+00 4.510981440544128418e-01
1.000000000000000000e+01 3.952468931674957275e-01
1.100000000000000000e+01 3.401681482791900635e-01
1.200000000000000000e+01 2.860072255134582520e-01
1.300000000000000000e+01 2.327776849269866943e-01
1.400000000000000000e+01 1.809843033552169800e-01
1.500000000000000000e+01 1.304932981729507446e-01
1.600000000000000000e+01 8.183450996875762939e-02
1.700000000000000000e+01 3.497311100363731384e-02
1.800000000000000000e+01 -9.601695463061332703e-03
1.900000000000000000e+01 -5.161110684275627136e-02
2.000000000000000000e+01 -9.065245091915130615e-02
2.100000000000000000e+01 -1.261188089847564697e-01
2.200000000000000000e+01 -1.581916213035583496e-01
2.300000000000000000e+01 -1.864633709192276001e-01
2.400000000000000000e+01 -2.108244299888610840e-01
2.500000000000000000e+01 -2.312842607498168945e-01
2.600000000000000000e+01 -2.480537444353103638e-01
2.700000000000000000e+01 -2.609157264232635498e-01
2.800000000000000000e+01 -2.702549993991851807e-01
2.900000000000000000e+01 -2.765005528926849365e-01
3.000000000000000000e+01 -2.795585989952087402e-01
3.100000000000000000e+01 -2.798942029476165771e-01
3.200000000000000000e+01 -2.774243652820587158e-01
3.300000000000000000e+01 -2.726581990718841553e-01
3.400000000000000000e+01 -2.654334902763366699e-01
3.500000000000000000e+01 -2.561398148536682129e-01
3.600000000000000000e+01 -2.453078925609588623e-01
3.700000000000000000e+01 -2.331678122282028198e-01
3.800000000000000000e+01 -2.199229001998901367e-01
3.900000000000000000e+01 -2.056354880332946777e-01
4.000000000000000000e+01 -1.905092000961303711e-01
4.100000000000000000e+01 -1.752246618270874023e-01
4.200000000000000000e+01 -1.596660912036895752e-01
4.300000000000000000e+01 -1.439343094825744629e-01
4.400000000000000000e+01 -1.280475407838821411e-01
4.500000000000000000e+01 -1.121179759502410889e-01
4.600000000000000000e+01 -9.660714119672775269e-02
4.700000000000000000e+01 -8.133877813816070557e-02
4.800000000000000000e+01 -6.627872586250305176e-02
4.900000000000000000e+01 -5.215985327959060669e-02
5.000000000000000000e+01 -3.872912749648094177e-02
5.100000000000000000e+01 -2.580298483371734619e-02
5.200000000000000000e+01 -1.370386313647031784e-02
5.300000000000000000e+01 -2.309469040483236313e-03
5.400000000000000000e+01 8.261208422482013702e-03
5.500000000000000000e+01 1.802246272563934326e-02
5.600000000000000000e+01 2.696358971297740936e-02
5.700000000000000000e+01 3.515362367033958435e-02
5.800000000000000000e+01 4.247192293405532837e-02
5.900000000000000000e+01 4.873260483145713806e-02
6.000000000000000000e+01 5.469424277544021606e-02
6.100000000000000000e+01 6.003226712346076965e-02
6.200000000000000000e+01 6.475692242383956909e-02
6.300000000000000000e+01 6.922119110822677612e-02
6.400000000000000000e+01 7.304140180349349976e-02
6.500000000000000000e+01 7.587081938982009888e-02
6.600000000000000000e+01 7.793254405260086060e-02
6.700000000000000000e+01 7.955353707075119019e-02
6.800000000000000000e+01 8.018423616886138916e-02
6.900000000000000000e+01 8.019266277551651001e-02
7.000000000000000000e+01 7.865264266729354858e-02
7.100000000000000000e+01 7.661747187376022339e-02
7.200000000000000000e+01 7.374323904514312744e-02
7.300000000000000000e+01 7.026662677526473999e-02
7.400000000000000000e+01 6.642465293407440186e-02
7.500000000000000000e+01 6.257073581218719482e-02
7.600000000000000000e+01 5.842683091759681702e-02
7.700000000000000000e+01 5.456877872347831726e-02
7.800000000000000000e+01 5.067395418882369995e-02
7.900000000000000000e+01 4.740196838974952698e-02
8.000000000000000000e+01 4.420042783021926880e-02
8.100000000000000000e+01 4.141945019364356995e-02
8.200000000000000000e+01 3.883595764636993408e-02
8.300000000000000000e+01 3.588965535163879395e-02
8.400000000000000000e+01 3.301320225000381470e-02
8.500000000000000000e+01 3.046888858079910278e-02
8.600000000000000000e+01 2.798089943826198578e-02
8.700000000000000000e+01 2.556013874709606171e-02
8.800000000000000000e+01 2.328933961689472198e-02
8.900000000000000000e+01 2.091979980468750000e-02
9.000000000000000000e+01 1.877732016146183014e-02
9.100000000000000000e+01 1.731221005320549011e-02
9.200000000000000000e+01 1.538548804819583893e-02
9.300000000000000000e+01 1.389483828097581863e-02
9.400000000000000000e+01 1.179541088640689850e-02
9.500000000000000000e+01 9.976334869861602783e-03
9.600000000000000000e+01 8.485803380608558655e-03
9.700000000000000000e+01 5.922497715801000595e-03
9.800000000000000000e+01 5.093027837574481964e-03
9.900000000000000000e+01 3.300952725112438202e-03
