1.000000000000000000e+00 1.000000000000000000e+00
2.000000000000000000e+00 8.919715285301208496e-01
3.000000000000000000e+00 8.083140254020690918e-01
4.000000000000000000e+00 7.358600497245788574e-01
5.000000000000000000e+00 6.695329546928405762e-01
6.000000000000000000e+00 6.064521670341491699e-01
7.000000000000000000e+00 5.455204844474792480e-01
8.000000000000000000e+00 4.867212176322937012e-01
9.000000000000000000e+00 4.292834699153900146e-01
1.000000000000000000e+01 3.728149235248565674e-01
1.100000000000000000e+01 3.176752626895904541e-01
1.200000000000000000e+01 2.635903656482696533e-01
1.300000000000000000e+01 2.106452733278274536e-01
1.400000000000000000e+01 1.590744107961654663e-01
1.500000000000000000e+01 1.096752583980560303e-01
1.600000000000000000e+01 6.231202557682991028e-02
1.700000000000000000e+01 1.729656755924224854e-02
1.800000000000000000e+01 -2.516842819750308990e-02
1.900000000000000000e+01 -6.501235067844390869e-02
2.000000000000000000e+01 -1.014492958784103394e-01
2.100000000000000000e+01 -1.345254480838775635e-01
2.200000000000000000e+01 -1.637853235006332397e-01
2.300000000000000000e+01 -1.891612708568572998e-01
2.400000000000000000e+01 -2.110303938388824463e-01
2.500000000000000000e+01 -2.289281189441680908e-01
2.600000000000000000e+01 -2.428796142339706421e-01
2.700000000000000000e+01 -2.531961798667907715e-01
2.800000000000000000e+01 -2.600215673446655273e-01
2.900000000000000000e+01 -2.636642754077911377e-01
3.000000000000000000e+01 -2.643182277679443359e-01
3.100000000000000000e+01 -2.624193131923675537e-01
3.200000000000000000e+01 -2.581501603126525879e-01
3.300000000000000000e+01 -2.516164481639862061e-01
3.400000000000000000e+01 -2.431653738021850586e-01
3.500000000000000000e+01 -2.331178039312362671e-01
3.600000000000000000e+01 -2.214134782552719116e-01
3.700000000000000000e+01 -2.084161788225173950e-01
3.800000000000000000e+01 -1.946557462215423584e-01
3.900000000000000000e+01 -1.801051646471023560e-01
4.000000000000000000e+01 -1.653303653001785278e-01
4.100000000000000000e+01 -1.504319906234741211e-01
4.200000000000000000e+01 -1.354177147150039673e-01
4.300000000000000000e+01 -1.206089109182357788e-01
4.400000000000000000e+01 -1.059242486953735352e-01
4.500000000000000000e+01 -9.142778068780899048e-02
4.600000000000000000e+01 -7.705802470445632935e-02
4.700000000000000000e+01 -6.276722997426986694e-02
4.800000000000000000e+01 -4.918048903346061707e-02
4.900000000000000000e+01 -3.605212271213531494e-02
5.000000000000000000e+01 -2.375229448080062866e-02
5.100000000000000000e+01 -1.184353325515985489e-02
5.200000000000000000e+01 -5.450365133583545685e-04
5.300000000000000000e+01 9.586627595126628876e-03
5.400000000000000000e+01 1.899444498121738434e-02
5.500000000000000000e+01 2.741632610559463501e-02
5.600000000000000000e+01 3.515039756894111633e-02
5.700000000000000000e+01 4.190518707036972046e-02
5.800000000000000000e+01 4.753262177109718323e-02
5.900000000000000000e+01 5.236690491437911987e-02
6.000000000000000000e+01 5.636637285351753235e-02
6.100000000000000000e+01 6.016786023974418640e-02
6.200000000000000000e+01 6.350258737802505493e-02
6.300000000000000000e+01 6.618541479110717773e-02
6.400000000000000000e+01 6.822425872087478638e-02
6.500000000000000000e+01 6.925900280475616455e-02
6.600000000000000000e+01 6.985123455524444580e-02
6.700000000000000000e+01 6.987433880567550659e-02
6.800000000000000000e+01 6.921268254518508911e-02
6.900000000000000000e+01 6.783649325370788574e-02
7.000000000000000000e+01 6.535937637090682983e-02
7.100000000000000000e+01 6.241373345255851746e-02
7.200000000000000000e+01 5.897932127118110657e-02
7.300000000000000000e+01 5.520305410027503967e-02
7.400000000000000000e+01 5.095991492271423340e-02
7.500000000000000000e+01 4.656831547617912292e-02
7.600000000000000000e+01 4.218542948365211487e-02
7.700000000000000000e+01 3.756672888994216919e-02
7.800000000000000000e+01 3.311630338430404663e-02
7.900000000000000000e+01 2.923736348748207092e-02
8.000000000000000000e+01 2.583696879446506500e-02
8.100000000000000000e+01 2.273838408291339874e-02
8.200000000000000000e+01 1.941592618823051453e-02
8.300000000000000000e+01 1.704945601522922516e-02
8.400000000000000000e+01 1.449031755328178406e-02
8.500000000000000000e+01 1.236898917704820633e-02
8.600000000000000000e+01 1.033869665116071701e-02
8.700000000000000000e+01 8.111093193292617798e-03
8.800000000000000000e+01 6.265450734645128250e-03
8.900000000000000000e+01 4.810797516256570816e-03
9.000000000000000000e+01 3.501723986119031906e-03
9.100000000000000000e+01 1.858544303104281425e-03
9.200000000000000000e+01 -1.615173277969006449e-05
9.300000000000000000e+01 -1.603853539563715458e-03
9.400000000000000000e+01 -2.871305681765079498e-03
9.500000000000000000e+01 -4.128571599721908569e-03
9.600000000000000000e+01 -5.569762084633111954e-03
9.700000000000000000e+01 -4.916157107800245285e-03
9.800000000000000000e+01 -3.815452801063656807e-03
9.900000000000000000e+01 -3.236651420593261719e-03
