1.000000000000000000e+00 1.000000000000000000e+00
2.000000000000000000e+00 8.924877643585205078e-01
3.000000000000000000e+00 8.094539046287536621e-01
4.000000000000000000e+00 7.372210621833801270e-01
5.000000000000000000e+00 6.708914041519165039e-01
6.000000000000000000e+00 6.078951358795166016e-01
7.000000000000000000e+00 5.471119284629821777e-01
8.000000000000000000e+00 4.880428314208984375e-01
9.000000000000000000e+00 4.306737482547760010e-01
1.000000000000000000e+01 3.742617070674896240e-01
1.100000000000000000e+01 3.188549578189849854e-01
1.200000000000000000e+01 2.647578716278076172e-01
1.300000000000000000e+01 2.117884904146194458e-01
1.400000000000000000e+01 1.601547300815582275e-01
1.500000000000000000e+01 1.103804484009742737e-01
1.600000000000000000e+01 6.278031319379806519e-02
1.700000000000000000e+01 1.749003306031227112e-02
1.800000000000000000e+01 -2.512932196259498596e-02
1.900000000000000000e+01 -6.513348221778869629e-02
2.000000000000000000e+01 -1.017777174711227417e-01
2.100000000000000000e+01 -1.350017935037612915e-01
2.200000000000000000e+01 -1.646775007247924805e-01
2.300000000000000000e+01 -1.902799904346466064e-01
2.400000000000000000e+01 -2.119220346212387085e-01
2.500000000000000000e+01 -2.295931726694107056e-01
2.600000000000000000e+01 -2.436426132917404175e-01
2.700000000000000000e+01 -2.540522813796997070e-01
2.800000000000000000e+01 -2.613388895988464355e-01
2.900000000000000000e+01 -2.649407982826232910e-01
3.000000000000000000e+01 -2.656688988208770752e-01
3.100000000000000000e+01 -2.638721764087677002e-01
3.200000000000000000e+01 -2.597868740558624268e-01
3.300000000000000000e+01 -2.535181045532226562e-01
3.400000000000000000e+01 -2.447648793458938599e-01
3.500000000000000000e+01 -2.346979379653930664e-01
3.600000000000000000e+01 -2.232649028301239014e-01
3.700000000000000000e+01 -2.103944718837738037e-01
3.800000000000000000e+01 -1.965583413839340210e-01
3.900000000000000000e+01 -1.819139271974563599e-01
4.000000000000000000e+01 -1.669397801160812378e-01
4.100000000000000000e+01 -1.516561955213546753e-01
4.200000000000000000e+01 -1.366082578897476196e-01
4.300000000000000000e+01 -1.215176135301589966e-01
4.400000000000000000e+01 -1.067488789558410645e-01
4.500000000000000000e+01 -9.217764437198638916e-02
4.600000000000000000e+01 -7.785743474960327148e-02
4.700000000000000000e+01 -6.359199434518814087e-02
4.800000000000000000e+01 -5.007888749241828918e-02
4.900000000000000000e+01 -3.688552975654602051e-02
5.000000000000000000e+01 -2.449241466820240021e-02
5.100000000000000000e+01 -1.253131311386823654e-02
5.200000000000000000e+01 -1.471499330364167690e-03
5.300000000000000000e+01 9.009497240185737610e-03
5.400000000000000000e+01 1.915549859404563904e-02
5.500000000000000000e+01 2.805216237902641296e-02
5.600000000000000000e+01 3.605734929442405701e-02
5.700000000000000000e+01 4.318691045045852661e-02
5.800000000000000000e+01 4.950447380542755127e-02
5.900000000000000000e+01 5.503564700484275818e-02
6.000000000000000000e+01 5.990599095821380615e-02
6.100000000000000000e+01 6.386221945285797119e-02
6.200000000000000000e+01 6.740212440490722656e-02
6.300000000000000000e+01 7.007905095815658569e-02
6.400000000000000000e+01 7.232125103473663330e-02
6.500000000000000000e+01 7.376012206077575684e-02
6.600000000000000000e+01 7.408334314823150635e-02
6.700000000000000000e+01 7.359250634908676147e-02
6.800000000000000000e+01 7.271251082420349121e-02
6.900000000000000000e+01 7.073958963155746460e-02
7.000000000000000000e+01 6.838613003492355347e-02
7.100000000000000000e+01 6.523627042770385742e-02
7.200000000000000000e+01 6.195310130715370178e-02
7.300000000000000000e+01 5.798324197530746460e-02
7.400000000000000000e+01 5.344675853848457336e-02
7.500000000000000000e+01 4.840212315320968628e-02
7.600000000000000000e+01 4.313138127326965332e-02
7.700000000000000000e+01 3.818080201745033264e-02
7.800000000000000000e+01 3.364282101392745972e-02
7.900000000000000000e+01 2.953069843351840973e-02
8.000000000000000000e+01 2.581990882754325867e-02
8.100000000000000000e+01 2.264127321541309357e-02
8.200000000000000000e+01 1.982145197689533234e-02
8.300000000000000000e+01 1.720815710723400116e-02
8.400000000000000000e+01 1.474808342754840851e-02
8.500000000000000000e+01 1.257355604320764542e-02
8.600000000000000000e+01 1.094724517315626144e-02
8.700000000000000000e+01 9.604677557945251465e-03
8.800000000000000000e+01 8.404343388974666595e-03
8.900000000000000000e+01 7.314923219382762909e-03
9.000000000000000000e+01 5.996425170451402664e-03
9.100000000000000000e+01 4.882234148681163788e-03
9.200000000000000000e+01 3.210343187674880028e-03
9.300000000000000000e+01 1.703061047010123730e-03
9.400000000000000000e+01 3.615545283537358046e-04
9.500000000000000000e+01 -1.886361627839505672e-03
9.600000000000000000e+01 -4.995437338948249817e-03
9.700000000000000000e+01 -7.819408550858497620e-03
9.800000000000000000e+01 -1.106754131615161896e-02
9.900000000000000000e+01 -1.195836625993251801e-02
