1.000000000000000000e+00 1.000000000000000000e+00
2.000000000000000000e+00 8.991007804870605469e-01
3.000000000000000000e+00 8.205882310867309570e-01
4.000000000000000000e+00 7.526136636734008789e-01
5.000000000000000000e+00 6.898413300514221191e-01
6.000000000000000000e+00 6.297036409378051758e-01
7.000000000000000000e+00 5.712405443191528320e-01
8.000000000000000000e+00 5.142140388488769531e-01
9.000000000000000000e+00 4.577769637107849121e-01
1.000000000000000000e+01 4.023223221302032471e-01
1.100000000000000000e+01 3.477538228034973145e-01
1.200000000000000000e+01 2.937480211257934570e-01
1.300000000000000000e+01 2.409007102251052856e-01
1.400000000000000000e+01 1.889144331216812134e-01
1.500000000000000000e+01 1.384011507034301758e-01
1.600000000000000000e+01 8.960726857185363770e-02
1.700000000000000000e+01 4.255636781454086304e-02
1.800000000000000000e+01 -2.180796582251787186e-03
1.900000000000000000e+01 -4.433738812804222107e-02
2.000000000000000000e+01 -8.363776654005050659e-02
2.100000000000000000e+01 -1.197428554296493530e-01
2.200000000000000000e+01 -1.527507156133651733e-01
2.300000000000000000e+01 -1.821586936712265015e-01
2.400000000000000000e+01 -2.078116089105606079e-01
2.500000000000000000e+01 -2.295691519975662231e-01
2.600000000000000000e+01 -2.475025504827499390e-01
2.700000000000000000e+01 -2.614476680755615234e-01
2.800000000000000000e+01 -2.716827392578125000e-01
2.900000000000000000e+01 -2.787623703479766846e-01
3.000000000000000000e+01 -2.825098335742950439e-01
3.100000000000000000e+01 -2.834308445453643799e-01
3.200000000000000000e+01 -2.818431854248046875e-01
3.300000000000000000e+01 -2.777849137783050537e-01
3.400000000000000000e+01 -2.715474665164947510e-01
3.500000000000000000e+01 -2.634128630161285400e-01
3.600000000000000000e+01 -2.533967792987823486e-01
3.700000000000000000e+01 -2.416526526212692261e-01
3.800000000000000000e+01 -2.286826223134994507e-01
3.900000000000000000e+01 -2.145034968852996826e-01
4.000000000000000000e+01 -1.995077282190322876e-01
4.100000000000000000e+01 -1.838227659463882446e-01
4.200000000000000000e+01 -1.680221259593963623e-01
4.300000000000000000e+01 -1.525956839323043823e-01
4.400000000000000000e+01 -1.369017809629440308e-01
4.500000000000000000e+01 -1.210179924964904785e-01
4.600000000000000000e+01 -1.053345054388046265e-01
4.700000000000000000e+01 -9.010908752679824829e-02
4.800000000000000000e+01 -7.499463856220245361e-02
4.900000000000000000e+01 -6.022896990180015564e-02
5.000000000000000000e+01 -4.618252441287040710e-02
5.100000000000000000e+01 -3.267253562808036804e-02
5.200000000000000000e+01 -1.962849311530590057e-02
5.300000000000000000e+01 -7.538387086242437363e-03
5.400000000000000000e+01 3.538286546245217323e-03
5.500000000000000000e+01 1.389787811785936356e-02
5.600000000000000000e+01 2.324414625763893127e-02
5.700000000000000000e+01 3.177609667181968689e-02
5.800000000000000000e+01 3.946460038423538208e-02
5.900000000000000000e+01 4.645110666751861572e-02
6.000000000000000000e+01 5.266214534640312195e-02
6.100000000000000000e+01 5.863206088542938232e-02
6.200000000000000000e+01 6.386487185955047607e-02
6.300000000000000000e+01 6.865008920431137085e-02
6.400000000000000000e+01 7.306199520826339722e-02
6.500000000000000000e+01 7.654426991939544678e-02
6.600000000000000000e+01 7.926759123802185059e-02
6.700000000000000000e+01 8.149396628141403198e-02
6.800000000000000000e+01 8.293780684471130371e-02
6.900000000000000000e+01 8.347491174936294556e-02
7.000000000000000000e+01 8.305183798074722290e-02
7.100000000000000000e+01 8.137998729944229126e-02
7.200000000000000000e+01 7.885071635246276855e-02
7.300000000000000000e+01 7.559963315725326538e-02
7.400000000000000000e+01 7.188058644533157349e-02
7.500000000000000000e+01 6.803292036056518555e-02
7.600000000000000000e+01 6.447136402130126953e-02
7.700000000000000000e+01 6.057795137166976929e-02
7.800000000000000000e+01 5.723204463720321655e-02
7.900000000000000000e+01 5.398492887616157532e-02
8.000000000000000000e+01 5.041299015283584595e-02
8.100000000000000000e+01 4.718938469886779785e-02
8.200000000000000000e+01 4.444980248808860779e-02
8.300000000000000000e+01 4.197518527507781982e-02
8.400000000000000000e+01 3.932376950979232788e-02
8.500000000000000000e+01 3.748601675033569336e-02
8.600000000000000000e+01 3.571869432926177979e-02
8.700000000000000000e+01 3.351752460002899170e-02
8.800000000000000000e+01 3.168959915637969971e-02
8.900000000000000000e+01 2.966133505105972290e-02
9.000000000000000000e+01 2.718232199549674988e-02
9.100000000000000000e+01 2.553561329841613770e-02
9.200000000000000000e+01 2.412925474345684052e-02
9.300000000000000000e+01 2.205366268754005432e-02
9.400000000000000000e+01 1.999432221055030823e-02
9.500000000000000000e+01 1.745538599789142609e-02
9.600000000000000000e+01 1.583007164299488068e-02
9.700000000000000000e+01 1.412454806268215179e-02
9.800000000000000000e+01 1.278198417276144028e-02
9.900000000000000000e+01 9.465750306844711304e-03
