r   g0(r)    P2(r)    P2_par(r)     P2_per(r)   
0   32278   1   -nan   -nan
2.01887   65354   0.955528   0.955303   0.942636
2.85511   58476   0.910155   0.886729   0.904248
3.49678   18086   0.856711   0.825648   0.815079
4.03774   52570   0.80698   0.793352   0.806284
4.51433   101272   0.747647   0.760276   0.689046
4.9452   49046   0.687428   0.653357   0.695267
5.71022   47820   0.594348   0.655971   0.605297
6.05661   94212   0.543965   0.590758   0.549885
6.38422   93844   0.502085   0.547134   0.576688
6.69583   46234   0.457662   0.406216   0.434054
6.99357   15276   0.421592   0.491427   0.392274
7.27914   93000   0.395922   0.394318   0.426932
7.55392   91986   0.357042   0.365744   0.384648
8.07548   46286   0.304435   0.397195   0.357774
8.32401   138562   0.278648   0.294517   0.281858
8.56534   92980   0.26159   0.310253   0.238079
8.80005   46384   0.23912   0.284165   0.262607
9.02866   93472   0.227654   0.2084   0.196532
9.25162   92952   0.202297   0.16234   0.191725
9.46934   46120   0.182871   0.157053   0.145606
9.8904   9886   0.224946   0.112882   0.253404
10.0943   36532   0.144302   0.150687   0.151711
10.2943   141742   0.157968   0.172501   0.208038
10.4904   188132   0.140384   0.158093   0.157902
10.6829   62414   0.123622   0.0248571   0.250133
11.0578   188122   0.114582   0.100524   0.121188
11.2406   94320   0.104135   0.138173   0.107531
11.5975   47736   0.11207   0.0654959   0.0517638
11.7719   94608   0.0905553   0.0476443   0.234901
11.9438   142262   0.0889575   0.0581617   0.0596321
12.1132   94688   0.0819853   0.0406235   0.0851663
12.2803   95228   0.0686158   0.122557   0.105327
12.4451   95556   0.0627405   0.130308   0.0785589
12.6078   142320   0.063304   0.0305001   0.0734264
12.9271   95360   0.0597417   0.0917562   0.0127598
13.0838   238208   0.0608547   0.0668148   0.0243528
13.2386   95216   0.0600958   0.0619151   0.0463966
13.3917   47208   0.0469147   -0.0545897   0.0245298
13.543   47750   0.0467267   -0.0429913   -0.0170646
13.6926   190404   0.0511921   0.0386931   0.0881057
13.8407   95048   0.0481978   -0.00288871   -0.0357453
14.1321   4936   0.078072   -0.136578   -0.0656247
14.2756   10836   0.0155447   -0.020046   0.0094315
14.4176   143120   0.0353561   0.037982   0.0883225
14.5583   237912   0.0351614   0.0412004   0.0309917
14.6976   95382   0.0363397   0.0549665   0.102921
14.8356   95894   0.0458625   0.0799774   -0.0115655
14.9723   190894   0.0360616   0.0303197   0.00401587
15.1078   190010   0.0318389   0.0172504   0.0287652
15.3752   94820   0.0289789   0.0252706   -0.00440284
15.5072   94966   0.024355   0.0176941   0.0459487
15.6381   95412   0.0340741   0.031351   -0.032354
15.7679   142194   0.0264341   0.0271782   0.0099985
16.0243   189812   0.0229542   -0.0377817   -0.019562
16.151   190824   0.0249877   0.0603398   -0.0219693
16.4014   48016   0.015417   0.0756172   0.164369
16.5252   285448   0.0214287   0.0123331   0.000203494
16.648   189878   0.0181005   -0.0282326   -0.00335436
16.77   47662   0.015796   -0.00797395   0.134732
16.8911   142302   0.0174089   -0.0723449   0.002473
17.0113   190312   0.0220382   -0.0268754   -0.0209886
17.1307   94042   0.00123349   0.0559709   -0.0716981
17.367   33516   0.0269495   -0.162004   -0.0384702
17.4839   62048   0.0153341   0.0718049   0.0211237
17.6001   142560   0.0194207   0.0143288   0.00984236
17.7155   284888   0.01462   -0.0137714   -0.00979609
17.8302   110750   0.00818149   -0.0341533   -0.0940366
17.9441   47348   -0.00035892   0.0510487   0.0269142
18.0573   189064   0.00218282   0.0307108   -0.0335712
18.1698   94898   0.00412581   -0.0916583   -0.0496008
18.3928   95124   0.0174066   -0.01754   0.0431146
18.5032   236922   0.00460127   -0.0347411   -0.0316173
18.6131   143160   0.0172317   0.0498923   -0.0655611
18.7222   141902   0.0028299   0.0175851   0.0228655
18.8308   95498   0.00891597   -0.0111188   0.0165485
18.9387   189792   0.0109988   -0.0748856   -0.0313727
19.046   236154   0.00235466   -0.0281854   -0.0156401
19.2588   46358   -0.0251201   -0.00158393   -0.0839081
19.3643   332736   0.000859019   -0.06302   -0.030752
19.4693   283806   -0.000193201   -0.0281112   -0.0480998
19.5737   94880   0.0187088   -0.0301094   -0.0190525
19.7808   95266   -0.00381034   -0.109927   -0.101709
19.8836   189184   -0.00506352   -0.0262674   -0.0448487
20.0875   10272   -0.0183113   -0.00310942   -0.152432
20.1887   37424   -0.00848525   -0.0628649   0.0342736
20.2894   141214   -0.00530324   -0.00701679   -0.0261844
20.3896   237888   -0.00473892   -0.030921   -0.0700615
20.4893   141832   -0.0149975   -0.0358313   -0.00782765
20.5885   142936   -0.00268846   -0.0105171   0.0153681
20.6873   379032   -0.00634949   -0.00819033   -0.0563994
20.7855   94776   -0.000336103   -0.12079   -0.0346992
20.9807   189800   0.000435403   -0.0313106   -0.0523168
21.0776   189298   -0.000125008   -0.0329597   -0.0190118
21.1741   191056   -0.0039092   0.00290396   -0.0475215
21.2701   142336   -0.0145598   -0.0419225   -0.00647878
21.3657   63294   0.00588944   -0.0784447   -0.0699991
21.4609   189432   -0.00636804   -0.134344   -0.0963875
21.5556   283698   -0.0109599   -0.0188388   -0.067152
21.8374   238740   -0.00838302   0.00844843   0.0122947
21.9305   188422   -0.0330268   -0.0367062   -0.0605842
22.0233   95734   -0.0170867   -0.0364417   -0.0524707
22.1156   189242   -0.014487   -0.0659622   -0.035855
22.2076   285202   -0.0157139   -0.0342604   -0.0271876
22.2991   142826   -0.0127688   -0.0103894   -0.0478054
22.4812   40942   -0.00233005   -0.1411   0.00838473
22.5716   55098   0.00146973   0.0454072   -0.0707477
22.6617   189154   -0.0182907   -0.0534175   -0.00828244
22.7515   284134   -0.0137163   -0.013902   -0.0319226
22.8409   93730   -0.00747214   -0.0854743   -0.0868115
23.0186   379680   -0.00724331   -0.0425933   0.022312
23.107   286076   -0.00460783   -0.0522416   -0.0245923
23.2827   47488   -0.0384847   -0.0708591   -0.0617727
23.3701   284798   -0.0207399   -0.0346258   -0.0828982
23.4571   190842   -0.00860068   -0.133074   -0.112804
23.5439   237920   -0.0129142   -0.0621322   -0.0839619
23.6303   95042   -0.0291903   -0.0820792   -0.00656305
23.7163   95020   -0.0317869   -0.0689976   -0.11816
23.8021   333332   -0.017993   -0.023821   -0.0397229
23.9727   142358   -0.0267448   0.00282775   0.0243852
24.0576   237972   -0.0146572   -0.0607216   -0.100822
24.1422   189302   -0.0153276   -0.0443126   0.000526891
24.2264   142592   -0.0245324   0.00956547   -0.0872047
24.3104   95378   -0.02586   -0.169625   -0.0982735
24.3941   191934   -0.0121533   -0.00093992   -0.0241293
24.4775   94726   -0.032237   0.0292019   -0.0550356
24.6434   5124   -0.000962678   0.00920926   0.414054
24.726   89272   -0.00909977   0.00960468   0.0272741
24.8083   284792   -0.0169757   -0.0460147   -0.0452717
24.8903   427578   -0.01842   -0.0409773   -0.0506428
24.972   110908   -0.0102606   -0.0607484   -0.103384
25.0535   95560   0.0241876   -0.0182489   -0.00320848
25.1347   378942   -0.0217391   -0.0509524   -0.0825516
25.2157   237762   -0.024889   -0.0648106   -0.0568382
25.3768   143352   -0.0131147   -0.0456743   -0.0385707
25.457   333048   -0.0161306   -0.069702   -0.0693731
25.5369   190308   -0.0111145   -0.0890097   -0.00166253
25.6166   189952   -0.0252633   -0.0434667   -0.010519
25.7752   191354   -0.00293226   0.00569668   0.0477797
25.8541   189820   -0.0287726   -0.0305946   0.00134274
26.0113   96338   0.0098496   -0.0445913   -0.0337627
26.0895   380892   -0.019883   -0.0804174   -0.0603759
26.1675   237546   -0.023393   -0.0450417   -0.0552565
26.2453   46782   -0.0504423   -0.0275458   -0.126297
26.3228   237662   -0.0213321   -0.0596959   -0.0515954
26.4001   189176   -0.0386886   -0.0633541   -0.0866731
26.4772   237132   -0.0307304   -0.0681061   -0.0516614
26.6307   63380   -0.0514155   -0.107673   -0.0222939
26.7071   31266   -0.0228057   -0.113706   -0.204191
26.7833   239114   0.00252457   -0.0479755   -0.0190367
26.8593   380268   -0.00839794   -0.00595175   -0.0234564
26.9351   238062   -0.0215831   -0.0329014   -0.0827259
27.0106   47662   -0.0240482   0.00691454   -0.135136
27.086   381410   -0.0121775   -0.0219813   -0.0183828
27.1611   286006   -0.0102242   -0.0702162   -0.0468168
27.3108   47630   -0.0155226   0.0104375   -0.132905
27.3853   95588   0.00457898   -0.0753813   0.0271839
27.4596   238412   -0.00328699   -0.030462   -0.0997501
27.5337   238418   -0.00756276   -0.0760828   -0.0663102
27.6076   190744   -0.0229944   -0.0475187   0.0129942
27.6813   284698   -0.0280614   -0.0295238   -0.0517408
27.7549   284914   -0.0186849   -0.0498386   -0.0307554
27.9013   95210   -0.0197952   -0.0137202   -0.109991
27.9743   476122   -0.0210561   -0.0317387   -0.0388179
28.047   285632   -0.0182618   -0.0551862   -0.00377532
28.1196   95072   -0.00720139   0.00121199   -0.0567534
28.2642   381046   -0.0184497   -0.0168308   -0.0679488
28.3362   95374   -0.0394355   -0.139684   -0.138758
28.5511   15950   -0.00764944   -0.0119951   -0.00631925
28.6224   143382   -0.0238647   -0.0620558   -0.0211212
28.6935   524532   -0.014628   -0.0507318   -0.0665187
28.7645   190540   -0.0105559   -0.0338154   -0.00976083
28.8352   143100   -0.00462462   -0.0698047   0.0212381
28.9058   286904   -0.00796751   -0.0468523   0.0152487
28.9762   237524   -0.000153513   0.0299425   -0.017679
29.1165   238462   -0.0012622   0.00906599   -0.0419026
29.1865   286016   -0.00972054   -0.0488967   -0.0424649
29.2562   191398   -0.0352225   -0.0965704   -0.0437362
29.3258   190206   -0.0259907   -0.0537584   -0.033853
29.3952   95182   -0.00789408   -0.0559306   -0.00732532
29.4644   286026   -0.000712928   -0.0385156   0.00760803
29.5335   475634   -0.010923   -0.0224445   -0.0256117
29.6712   96160   -0.0330128   -0.0286534   -0.108003
29.7398   477234   -0.0137508   -0.0231924   -0.0806971
29.8082   190486   -0.018835   -0.0222292   -0.0857142
29.8765   143906   -0.0253124   -0.0328601   -0.0840455
29.9447   191624   -0.00414438   -0.110328   -0.0740621
30.0126   189874   0.00707645   0.0068444   0.0298327
30.0805   142552   -0.00919429   -0.0546088   -0.0491692
30.2157   5326   -0.0230409   -0.271937   -0.132748
30.283   184450   -0.00553204   -0.0228648   0.0149886
30.3503   191708   -0.0184221   -0.00636149   -0.0618829
30.4173   286710   -0.0203088   -0.0627486   0.00186843
30.4843   190150   -0.0152994   -0.00974257   -0.00995141
30.6177   476826   -0.0126052   -0.0581929   -0.0662566
30.6842   285244   -0.0178907   -0.0621211   -0.0545701
30.8167   96154   -0.0233859   0.0688879   0.0708898
30.8828   382240   -0.0157914   -0.0395084   -0.0185386
30.9487   240740   0.000268784   -0.0268665   -0.0108693
31.0145   237884   -0.00801695   -0.0747712   -0.0892382
31.0801   95464   -0.00412306   -0.163752   -0.124415
31.1456   287248   -0.00300758   -0.0071842   -0.0454217
31.211   475976   -0.00730339   -0.0155457   -0.010573
31.3413   95274   0.00280484   -0.0996581   -0.0617206
31.4062   333426   -0.00838969   -0.0539498   -0.0467044
31.4711   478788   -0.00806415   -0.041926   -0.00486301
31.5357   94614   0.0266807   0.0854999   -0.133175
31.6003   142022   -0.00470342   0.00448662   -0.0129974
31.6647   285550   -0.0207354   -0.0449445   -0.0495385
31.729   189888   0.00743737   -0.0257816   -0.0907496
31.9849   332492   -0.00499157   -0.0182005   -0.0611156
32.0486   285790   -0.0101388   -0.101069   -0.0537275
32.1121   206318   -0.0165664   -0.0352629   -0.000853401
32.1755   192124   -0.0241939   -0.0316151   -0.0798017
32.2388   382442   -0.00850385   -0.0887348   -0.0183138
32.3019   285182   -0.016458   -0.0659419   0.00783366
32.4278   190454   -0.0273303   -0.0711537   -0.00461391
32.4906   286264   -0.00901631   0.00508739   -0.0242714
32.5533   381362   -0.00572898   0.0126907   -0.00742248
32.6158   335150   -0.00809395   -0.059293   -0.0262
32.7406   96824   -0.0316751   -0.0714377   -0.0681077
32.8027   378922   -0.012173   -0.014107   -0.0942627
32.9268   24296   0.037307   -0.136152   0.296179
32.9886   380184   -0.00105049   -0.021381   -0.0179736
33.0503   167070   -0.00760543   -0.0582823   -0.0250799
33.1119   190888   -0.0147463   -0.0245469   -0.0274348
33.1734   240356   -0.00675862   0.0320395   -0.0485411
33.2348   427492   -0.000964834   0.0126997   -0.024299
33.296   143430   0.00448213   -0.00604169   -0.0801776
33.4792   166844   -0.00269645   -0.0901419   0.000913818
33.54   239080   -0.0131824   -0.047711   -0.0198383
33.6007   431794   -0.0127443   -0.0439709   -0.0508291
33.6613   94696   -0.00439057   0.0754641   -0.105571
33.7218   46862   -0.0158948   -0.0591201   -0.126437
33.7821   525890   -0.0171963   -0.0256779   -0.0197385
33.8424   380658   -0.0126984   0.013728   -0.000659286
33.9626   95520   0.0156486   -0.0492722   -0.0595397
34.0226   143850   -0.0138634   -0.0539305   -0.00764701
34.0824   311672   -0.00691403   -0.0272791   -0.0131115
34.1422   237164   -0.00793896   -0.0363906   -0.0493847
34.2018   141552   -0.00522424   -0.037088   -0.0859722
34.2613   190344   -0.0186254   0.028662   -0.0280545
34.3208   333908   -0.0141713   -0.0481416   0.0128454
34.4393   95378   0.00800288   -0.042109   -0.028357
34.4985   429006   -0.00661631   0.0442872   -0.0448502
34.5575   142130   0.00676247   0.00178362   -0.0812973
34.6164   142940   -0.00558054   0.0195449   0.0695032
34.7339   335644   -0.00363921   -0.00659499   0.00340223
34.7926   284802   -0.0113283   -0.0764535   0.0291669
34.9095   17386   -0.0041252   -0.232082   -0.0758907
34.9678   54946   -0.0446224   0.0100511   0.107285
35.0261   241030   -0.0088806   -0.00282727   -0.0716829
35.0842   427512   -0.0156966   -0.012138   0.044686
35.1422   144842   -0.0242481   -0.0568807   0.000157166
35.2002   96102   -0.0163049   0.00564747   -0.0494513
35.258   333078   -0.00321411   0.00465016   -0.0391512
35.3158   239668   -0.0172524   -0.0500385   -0.0110394
35.431   238116   -0.0126087   -0.106614   -0.0381405
35.4885   286402   -0.0189473   -0.0355497   -0.0196326
35.5459   93916   -0.0152273   0.047864   -0.0654856
35.6031   286346   -0.0115398   0.00683084   -0.0346068
35.6603   112402   -0.0218389   0.0140804   -0.0488095
35.7174   142740   0.00370706   -0.0266051   0.0728975
35.7745   193522   0.00268688   -0.0482664   0.0204837
35.8882   47954   -0.0152259   0.217989   0.0492677
35.9449   332776   -0.00765991   0.0341759   -0.038715
36.0016   359900   -0.00662266   -0.020792   -0.0359408
36.0582   94214   -0.0149328   0.0341353   0.0223186
36.1146   144390   0.00300601   -0.06112   -0.0132819
36.171   141392   0.000279379   -0.00470219   0.0174261
36.2273   188310   -0.0134827   -0.0452989   0.0471397
36.3957   96046   -0.0142207   -0.0165263   -0.0040371
36.4516   239600   -0.0157941   -0.0314213   0.0671479
36.5075   430624   -0.00797532   -0.0159935   0.00218688
36.5633   190196   -0.00851904   -0.0539708   0.0125072
36.6746   240488   -0.0336275   -0.0601343   0.0135466
36.7301   191566   -0.0104796   0.0488897   -0.0589972
36.8409   47742   -0.00506421   -0.15293   -0.0331583
36.8962   334820   -0.0109632   -0.00884572   -0.00395058
36.9514   191390   -0.0214544   0.038087   -0.033748
37.0065   96016   0.00606565   0.0564133   0.0262536
37.0615   142038   0.00433374   -0.0799987   0.0765222
37.1165   288284   -0.00275817   -0.0253261   0.0154575
37.1713   381274   -0.00656489   -0.0609413   -0.00807313
37.2808   23560   -0.0169577   -0.0386034   -0.0779903
37.3354   334288   -0.00801224   0.0140847   -0.00419027
37.39   47076   -0.0131931   0.017084   -0.0838661
37.4444   143642   0.00162511   -0.0312215   -0.0336894
37.4988   95346   0.00868105   0.117705   -0.0914928
37.5531   192604   0.0017753   -0.0271813   -0.0136171
37.6074   95088   -0.0218062   0.0324378   -0.0777373
37.7156   17844   -0.0305663   0.150976   0.0817896
37.7696   29196   0.00111099   -0.0474015   -0.0299423
37.8235   95466   0.00412311   0.061541   -0.0414586
37.8773   285052   -0.00610816   0.0063443   0.0288649
37.9311   143504   -0.00298175   -0.00375912   0.0263046
37.9848   96026   -0.037911   0.0148017   -0.0236624
38.0384   381088   -0.0123712   0.0219635   -0.0247011
38.0919   287590   -0.00103005   0.0388078   0.041384
38.1988   144470   -0.014187   -0.0633582   -0.0611228
38.2521   142246   0.00728289   0.0044859   0.0650567
38.3053   240998   -0.00646096   -0.0276931   0.00687136
38.3585   143186   -0.0287503   -0.0489394   -0.0606419
38.4646   191170   -0.00437486   0.0199779   0.0231423
38.5176   287920   -0.00413605   -0.0372353   -0.0429526
38.6232   48506   0.0221408   0.000424944   -0.097465
38.676   190450   0.00584093   0.00293014   -0.0741509
38.7286   167954   0.00988365   0.141073   0.0213638
38.7812   190872   -0.00475591   0.0794789   -0.0793419
38.8337   190666   -0.00924065   -0.0850768   -0.0413453
38.8862   47304   -0.0219446   -0.0566444   -0.0263365
38.9385   48280   0.0185877   0.0412757   0.128157
39.0431   31574   -0.00831185   -0.0950152   -0.0665694
39.0952   111446   0.00951052   -0.0682082   0.0713277
39.1473   95434   0.00883904   -0.0103476   -0.130822
39.1993   238596   0.00372145   0.0031602   -0.00821439
39.2513   63682   0.0117163   0.174416   0.163109
39.355   335676   -0.00344337   0.0961617   0.00230085
39.4068   190394   -0.00702865   0.0213036   0.0320347
39.5616   336136   -0.00705301   0.0061953   0.062974
39.6131   190506   -0.00666754   -0.0246754   -0.00215534
39.6645   192804   0.0148397   0.0463731   0.0590571
39.7158   47632   -0.0138682   0.0347608   -0.0500575
39.7671   142622   -0.0141143   0.00404906   0.0599463
39.8183   238276   0.00506317   -0.0638846   -0.0329703
39.9206   94996   0.015822   -0.0277247   0.0697499
39.9716   240718   0.0153624   0.0149931   0.00776974
40.0225   143178   -0.0197888   -0.132429   -0.0453935
40.175   286624   0.00336521   0.0194175   0.043228
40.2257   95248   0.0142001   0.0252077   -0.0233201
40.3774   23970   0.0115482   0.235189   -0.0549447
40.4278   95716   -0.00459479   -0.0895802   -0.00421841
40.4782   144714   0.00969098   -0.0394897   -0.0649952
40.5285   95578   0.0261484   0.0892422   0.122758
40.5788   48908   0.036939   -0.0793761   0.0193684
40.629   190528   0.0240736   0.00214325   0.00684524
40.6791   192360   0.0224401   0.0140967   0.124848
40.7792   95136   -0.00674774   -0.0422249   0.0128658
40.8291   95230   -0.0161725   0.0860207   0.086548
40.879   287374   0.00704482   -0.0198023   -0.0231373
40.9288   189888   3.97343e-05   0.0858881   -0.0232577
40.9786   95732   0.00873697   0.00549123   0.156688
41.0779   191416   0.00974018   -0.0561846   -0.0349247
41.177   47736   -0.0250351   -0.099367   0.016924
41.2265   238272   0.00667492   -0.0149378   0.0556641
41.2759   95886   0.0181369   0.00949051   0.0889673
41.3252   95664   -0.00428258   -0.0365872   -0.0419842
41.3745   143538   0.0154736   0.0380107   -0.00718995
41.4237   142564   0.0184349   -0.0672406   -0.0142517
41.4729   95680   0.0276014   -0.0999551   0.0918232
41.6201   47534   0.00876401   0.127114   0.0599027
41.669   97096   0.0171233   0.0998351   -0.106298
41.7179   191144   0.0183493   -0.0489488   0.00854036
41.7667   48962   0.0450387   0.0812795   0.0435819
41.8642   144978   0.0359513   -0.0170773   0.00268534
41.9128   94528   0.0349189   0.138217   0.0592606
42.0099   47926   -0.000981132   0.0384552   -0.133493
42.0584   143314   0.0328185   0.0884273   0.030724
42.1069   119088   0.0284657   -0.0551788   0.0203811
42.1552   143230   0.0261483   0.00529106   -0.00637518
42.2035   47750   0.0224562   -0.0049027   0.0373001
42.2518   191024   0.0167535   0.0741445   0.123252
42.3   94848   -0.00933121   0.13235   0.139485
42.4443   238430   0.00585152   0.0554055   -0.00127924
42.4923   95112   0.0034456   -0.0736084   -0.0773308
42.5402   95580   0.0361108   0.0880051   0.00818543
42.5881   47108   0.0282064   -0.0264917   0.0489574
42.6359   142978   0.0244127   -0.00950176   0.0505982
42.6837   190670   0.0177259   0.0367831   0.0719955
42.8267   16380   0.0571926   0.137551   0.217765
42.8742   95358   0.0381816   -0.067666   0.00698322
42.9217   145622   0.0360019   0.0305732   0.0448694
43.0166   47916   0.0203309   0.00822648   -0.0168313
43.064   142590   0.021511   0.0556651   0.115185
43.1112   96990   0.0521341   0.00496871   -0.00429803
43.2057   96562   0.0515782   0.0555987   0.0917548
43.2528   142942   0.0263243   -0.0171568   0.0530578
43.347   94844   0.0364587   0.0884901   0.094382
43.4878   285616   0.0408506   0.112243   0.0499476
43.6281   47676   0.0300355   0.0239505   -0.0221926
43.6748   190602   0.0292981   0.0693751   0.0210442
43.7215   47376   0.004324   0.0746803   -0.0156038
43.768   47698   -0.00614423   0.103677   -0.0145599
43.8146   47578   -0.00468573   0.181099   0.300751
43.8611   47584   0.0159508   -0.0448286   0.0677762
43.9539   15744   0.0362909   -0.11001   0.266228
44.0002   102918   0.0278183   0.00317532   -0.102263
44.0465   143240   0.0437037   0.117437   0.0645728
44.0928   142574   0.0422295   0.0916186   0.0833392
44.139   96330   0.0433513   -0.0108231   -0.0488024
44.2312   192322   0.0408128   0.00194914   0.0617453
44.3692   47584   0.0379968   0.0954672   0.0165736
44.4151   96314   0.0602803   -0.0904867   -0.0442935
44.461   47232   0.0300772   0.255203   -0.153751
44.5068   48246   0.0536778   0.233191   0.177608
44.5526   47564   0.0217905   0.108487   -0.0475107
44.5983   96060   0.0553405   0.0235563   0.16278
44.6439   94434   0.0414885   0.205904   0.0109187
44.7807   47412   0.058021   0.17428   0.0438681
44.8262   47380   0.0374843   0.0757699   -0.038232
44.8716   142126   0.0484416   0.0449456   0.183096
44.9624   95120   0.0376077   -0.0868319   0.0290769
45.1884   95134   0.0264192   0.13825   0.0979011
45.2335   96024   0.0393603   0.0236941   0.117398
45.3235   48684   0.0654136   -0.0989399   0.089424
45.3684   142276   0.0413152   0.0381734   -0.0379142
45.4133   144010   0.0580605   0.0164688   -0.00839558
45.503   47338   0.0353112   0.151759   -0.00790719
45.5478   47458   0.0454912   0.02891   -0.0168857
45.5925   144448   0.0520799   0.047542   0.0482974
45.6818   47904   0.0673379   0.172676   -0.0306167
45.7709   96434   0.0647392   0.0443212   0.114378
45.9043   47172   0.0326319   0.101343   0.112864
45.9487   24102   0.0541812   0.488395   -0.118034
45.993   46992   0.0455797   -0.118699   0.229771
46.0373   47968   0.0571531   0.0376452   -0.0781298
46.0815   47326   0.0417954   0.171544   0.0381581
46.1257   94834   0.0633939   0.00303605   0.0301011
46.3461   94672   0.0458037   -0.0277433   0.141516
46.3901   16122   0.0720931   -0.018925   -0.0756982
46.4779   97100   0.0711358   -0.0214639   -0.0816769
46.6092   11926   0.0112628   -0.241602   -0.0451945
46.6529   108748   0.0648491   -0.0213964   0.003827
46.6966   47066   0.0551091   -0.018722   -0.036912
46.7402   96888   0.0704838   0.0154785   -0.0753914
46.7838   59338   0.0452003   -0.014483   0.161738
46.8273   47164   0.0416891   0.108176   0.106907
47.0011   155996   0.0665474   -0.00349611   -0.0599521
47.1742   48226   0.066246   0.00212981   -0.0550586
47.3467   11824   0.0384922   0.166698   -0.164101
47.4327   47212   0.0462439   0.104947   0.0800429
47.4756   47418   0.068437   0.174248   0.154075
47.5614   47362   0.0632619   0.157734   0.120751
47.6042   48114   0.0727694   0.0671243   -0.0294021
47.6898   48436   0.0736258   0.00413013   -0.0345458
47.7325   11756   0.0384145   -0.0284265   -0.153594
47.7752   97378   0.0732961   0.0416886   0.0142024
47.9455   96528   0.0756204   -0.00218211   0.0204985
48.0304   24388   0.0685515   0.113708   0.035325
48.0728   47096   0.0556064   0.0493186   0.00248482
48.1152   48596   0.0701347   -0.0804192   0.0508348
48.1998   11740   0.0421645   -0.263569   0.276891
48.2843   47882   0.0764526   0.0191667   0.00483403
48.4108   47978   0.0733965   -0.0159046   0.102926
48.7882   59908   0.0680821   -0.0386719   0.033471
48.8299   47514   0.0697983   0.0117101   -0.142617
48.8716   48448   0.0745287   -0.0366001   -0.0744131
48.955   97038   0.0744176   -0.00029389   -0.00564787
49.1212   48940   0.0730873   0.0371573   -0.0702391
49.2041   48122   0.0797978   -0.0665983   0.000582834
49.2869   48516   0.0759087   0.00354553   0.173801
49.452   11702   0.0563683   -0.0441734   0.42667
49.6576   47832   0.0779992   -0.150803   0.0723581
49.9441   15816   0.0700769   0.196312   -0.265424
50.0256   96058   0.0716943   -0.13154   -0.116016
50.1477   11858   0.0678484   -0.182706   0.184072
50.1883   72496   0.0756335   -0.025718   0.0177977
50.2694   48572   0.0745339   -0.0864853   -0.0554964
50.5524   48096   0.0792297   -0.0715312   -0.00144395
50.954   11904   0.0763388   -0.107056   -0.100894
51.1535   47656   0.0688528   -0.142711   -0.0271995
51.2332   47772   0.0722523   -0.0926868   0.146804
51.3126   47956   0.0709642   -0.0730531   -0.00556622
51.5108   47936   0.0766654   -0.160552   -0.101642
51.8264   11946   0.0779427   0.0325299   -0.226052
52.3351   46970   0.0676157   -0.187489   -0.119705
52.4518   23714   0.0695863   -0.157976   -0.197457
52.5294   47672   0.0683586   -0.186488   0.00195414
52.7617   11852   0.0745387   -0.385524   -0.117566
53.5286   15292   0.064962   -nan   -0.320129
53.6047   46986   0.0643972   -0.262437   -0.117853
53.7565   11870   0.0622067   0.0477539   -0.240507
54.7333   22850   0.0646736   -0.428301   0.0353919
54.8077   11724   0.0605189   0.0115871   -0.255259
55.9121   11308   0.0633122   0.16382   0.0891727
