3 247
57823 57826 57911 57914 92478 92481 92568 92571 109397 109400 116197 116200 119941 119944 121785 121788 122805 122808 124597 124600 130597 130600 131407 131410 135617 135620 135622 135625 136289 136292 142957 142960 143397 143400 145236 145239 146239 146242 146270 146273 147055 147058 147197 147200 147842 147845 147992 147995 148397 148400 153394 153397 169293 169296 169403 169406 170779 170782 174807 174810 189697 189700 189939 189942 191397 191400 191674 191677 194397 194400 195475 195478 213406 213409 220379 220382 224661 224664 234797 234800 247197 247200 255632 255635 256767 256770 261315 261318 262197 262200 274904 274907 285828 285831 292797 292800 295456 295459 302240 302243 303161 303164 305637 305640 308779 308782 309279 309282 309313 309316 310197 310200 311691 311694 311753 311756 313103 313106 316197 316200 316384 316387 319397 319400 319997 320000 320338 320341 320380 320383 320622 320625 323574 323577 326355 326358 330517 330520 330522 330525 331413 331416 331789 331792 333897 333900 336350 336353 336356 336359 339662 339665 341322 341325 341397 341400 342891 342894 344293 344296 344796 344799 351630 351633 351640 351643 354181 354184 355656 355659 355714 355717 355721 355724 357274 357277 360442 360445 360725 360728 361626 361629 362109 362112 362997 363000 363228 363231 364597 364600 366311 366314 368404 368407 368434 368437 372997 373000 374945 374948 376323 376326 380197 380200 382645 382648 384239 384242 385397 385400 385997 386000 388823 388826 389825 389828 392197 392200 394692 394695 395106 395109 395433 395436 395542 395545 398597 398600 411797 411800 414197 414200 421197 421200 447197 447200 457305 457308 472844 472847 482997 483000 487179 487182 497489 497492 501397 501400 504883 504886 511179 511182 514362 514365 519597 519600 521834 521837 525079 525082 526357 526360 526383 526386 527683 527686 529669 529672 531436 531439 533349 533352 534019 534022 536368 536371 536563 536566 538467 538470 543597 543600 546274 546277 549536 549539 561375 561378 562177 562180 563397 563400 571340 571343 572179 572182 572876 572879 573389 573392 573468 573471 573997 574000 574333 574336 574965 574968 578132 578135 581605 581608 582868 582871 585841 585844 586397 586400 589940 589943 590053 590056 590572 590575 591686 591689 592366 592369 595566 595569 609797 609800 613481 613484 614177 614180 614447 614450 632997 633000 634722 634725 636271 636274 641797 641800 642452 642455 647197 647200 661280 661283 662791 662794 664514 664517 671397 671400 682886 682889 700580 700583 701815 701818 703252 703255 703997 704000 704934 704937 705597 705600 707750 707753 709363 709366 710778 710781 714181 714184 714557 714560 716345 716348 717140 717143 717397 717400 719530 719533 719551 719554 721197 721200 722197 722200 723393 723396 725042 725045 725050 725053 725555 725558 726215 726218 726891 726894 726977 726980 728372 728375 730080 730083 730559 730562 730584 730587 730597 730600 732362 732365 732764 732767 732817 732820 736397 736400 738531 738534 738564 738567 741765 741768 743324 743327 745734 745737 746897 746900 748428 748431 751827 751830 756197 756200 756507 756510 758197 758200 758877 758880 758997 759000 760553 760556 760997 761000 764639 764642 764782 764785 766858 766861 768603 768606 771140 771143 773439 773442 776378 776381 776948 776951 787336 787339 790356 790359 790397 790400 790779 790782 792441 792444 792855 792858 793820 793823 794821 794824 794830 794833 798997 799000 
4 280
23406 23410 36396 36400 45819 45823 55602 55606 57396 57400 57814 57818 62188 62192 74965 74969 91996 92000 95515 95519 95530 95534 114396 114400 120983 120987 125996 126000 130872 130876 132417 132421 132563 132567 134117 134121 134159 134163 134634 134638 134789 134793 140890 140894 147003 147007 154015 154019 157247 157251 169396 169400 181660 181664 181733 181737 189981 189985 189996 190000 192762 192766 196096 196100 203361 203365 213196 213200 226996 227000 227587 227591 245594 245598 278806 278810 285313 285317 289753 289757 295566 295570 295573 295577 301796 301800 302321 302325 302962 302966 304196 304200 305768 305772 305796 305800 309290 309294 309396 309400 309684 309688 313152 313156 313182 313186 313596 313600 314044 314048 314090 314094 314596 314600 316796 316800 320849 320853 320859 320863 324456 324460 326333 326337 326864 326868 327667 327671 328712 328716 331650 331654 333820 333824 336365 336369 339796 339800 340639 340643 344313 344317 344330 344334 347086 347090 347473 347477 352780 352784 354396 354400 354530 354534 355428 355432 355664 355668 356354 356358 356604 356608 357396 357400 358886 358890 359957 359961 360436 360440 361196 361200 361428 361432 365026 365030 372133 372137 376244 376248 376396 376400 381181 381185 381667 381671 381796 381800 385255 385259 387196 387200 387944 387948 394772 394776 396808 396812 396969 396973 398396 398400 400428 400432 404361 404365 425371 425375 430009 430013 432796 432800 442596 442600 457220 457224 457283 457287 471363 471367 471379 471383 500342 500346 504390 504394 504888 504892 504920 504924 504996 505000 508474 508478 509539 509543 510135 510139 516796 516800 517205 517209 519996 520000 525828 525832 530596 530600 533403 533407 542996 543000 545987 545991 547030 547034 549422 549426 549469 549473 555695 555699 557245 557249 557843 557847 560596 560600 561228 561232 561382 561386 562022 562026 562124 562128 562194 562198 562996 563000 563313 563317 566996 567000 570171 570175 571602 571606 571688 571692 573559 573563 574832 574836 576860 576864 578006 578010 578153 578157 581796 581800 582972 582976 585827 585831 587872 587876 587884 587888 589532 589536 590477 590481 590603 590607 592217 592221 592551 592555 592796 592800 594196 594200 594615 594619 595452 595456 595539 595543 595573 595577 596967 596971 597562 597566 599508 599512 604194 604198 605789 605793 610796 610800 613586 613590 614082 614086 621075 621079 624755 624759 624796 624800 625396 625400 627139 627143 632987 632991 634658 634662 634729 634733 636388 636392 642875 642879 645542 645546 647796 647800 651071 651075 655696 655700 657203 657207 657783 657787 660539 660543 662613 662617 662796 662800 670160 670164 673536 673540 673596 673600 674933 674937 681694 681698 681770 681774 685323 685327 686496 686500 698514 698518 702896 702900 702930 702934 707211 707215 709135 709139 709279 709283 710047 710051 711641 711645 711723 711727 712065 712069 715193 715197 716205 716209 716796 716800 720153 720157 725396 725400 725807 725811 726796 726800 726994 726998 727905 727909 727996 728000 728254 728258 728396 728400 729035 729039 730103 730107 731427 731431 731533 731537 731622 731626 732996 733000 733368 733372 733572 733576 737466 737470 737887 737891 738596 738600 740341 740345 741649 741653 741822 741826 741936 741940 742887 742891 747196 747200 747475 747479 749514 749518 751821 751825 756514 756518 757245 757249 759884 759888 764596 764600 765066 765070 770181 770185 770196 770200 770793 770797 772196 772200 772859 772863 773203 773207 773420 773424 776226 776230 778970 778974 779538 779542 781013 781017 781096 781100 784378 784382 785440 785444 785744 785748 785962 785966 786106 786110 786174 786178 786321 786325 787342 787346 789148 789152 790265 790269 790273 790277 790324 790328 790733 790737 790795 790799 792040 792044 793796 793800 795057 795061 796373 796377 796491 796495 799544 799548 
5 305
30940 30945 34733 34738 57206 57211 57334 57339 69559 69564 81772 81777 81795 81800 82975 82980 96571 96576 102803 102808 103263 103268 108431 108436 109241 109246 109353 109358 109717 109722 113615 113620 113727 113732 115255 115260 116086 116091 119387 119392 120735 120740 126384 126389 134782 134787 135609 135614 138514 138519 138595 138600 145805 145810 147583 147588 147980 147985 148336 148341 161637 161642 161884 161889 162113 162118 163220 163225 166132 166137 169532 169537 181684 181689 185940 185945 189461 189466 195450 195455 199276 199281 199995 200000 203314 203319 209274 209279 213179 213184 214120 214125 214195 214200 230995 231000 233436 233441 233485 233490 234735 234740 245506 245511 251605 251610 255758 255763 281737 281742 282795 282800 298514 298519 304173 304178 304447 304452 309624 309629 309631 309636 310068 310073 310995 311000 313461 313466 313766 313771 314157 314162 314186 314191 314570 314575 315090 315095 315384 315389 317780 317785 320330 320335 321258 321263 324295 324300 324342 324347 324734 324739 324792 324797 325065 325070 325544 325549 326622 326627 326954 326959 327506 327511 328151 328156 328734 328739 330472 330477 332471 332476 332538 332543 333281 333286 335730 335735 339110 339115 340275 340280 340677 340682 342045 342050 342975 342980 344985 344990 347012 347017 347795 347800 354133 354138 354605 354610 356629 356634 357281 357286 357326 357331 357848 357853 358912 358917 366932 366937 373395 373400 373942 373947 380316 380321 381153 381158 384202 384207 385459 385464 387090 387095 387140 387145 389690 389695 391915 391920 393193 393198 397842 397847 398337 398342 398380 398385 398486 398491 404332 404337 410167 410172 410182 410187 413557 413562 413566 413571 414149 414154 458968 458973 471355 471360 471389 471394 473441 473446 486595 486600 500206 500211 508464 508469 509278 509283 510012 510017 510022 510027 510031 510036 510141 510146 511574 511579 517150 517155 518463 518468 521002 521007 522153 522158 522952 522957 525195 525200 525273 525278 525995 526000 527614 527619 527622 527627 532476 532481 534765 534770 536446 536451 541548 541553 541681 541686 542474 542479 550189 550194 555604 555609 555833 555838 557274 557279 557367 557372 557810 557815 558977 558982 561595 561600 563795 563800 570120 570125 571222 571227 571333 571338 572992 572997 573228 573233 573239 573244 573587 573592 574970 574975 575323 575328 576047 576052 577154 577159 577187 577192 578409 578414 578442 578447 579595 579600 581612 581617 581783 581788 583769 583774 585113 585118 585528 585533 587863 587868 589510 589515 589988 589993 590547 590552 591672 591677 591980 591985 594379 594384 595460 595465 611725 611730 613027 613032 615167 615172 621195 621200 624632 624637 637995 638000 641702 641707 641775 641780 642882 642887 645452 645457 651024 651029 651146 651151 651195 651200 651295 651300 657326 657331 657333 657338 672852 672857 678080 678085 686503 686508 695515 695520 700374 700379 701713 701718 702829 702834 703362 703367 705570 705575 707249 707254 709220 709225 709383 709388 710546 710551 711741 711746 712058 712063 713023 713028 713166 713171 714359 714364 715974 715979 717146 717151 718154 718159 721021 721026 721155 721160 721187 721192 721395 721400 722071 722076 723170 723175 723318 723323 725859 725864 726869 726874 726982 726987 727638 727643 728795 728800 731615 731620 733474 733479 734852 734857 738406 738411 738540 738545 738828 738833 741755 741760 742490 742495 742894 742899 747051 747056 747063 747068 747445 747450 747495 747500 750127 750132 751654 751659 751904 751909 753336 753341 755895 755900 755978 755983 756468 756473 757365 757370 760880 760885 760954 760959 760968 760973 761308 761313 761332 761337 761377 761382 761595 761600 761995 762000 762346 762351 762513 762518 763709 763714 765038 765043 765159 765164 766813 766818 766886 766891 768795 768800 770723 770728 773395 773400 774812 774817 778179 778184 778832 778837 779427 779432 779575 779580 780429 780434 780909 780914 781020 781025 781776 781781 787065 787070 788913 788918 790341 790346 790754 790759 791840 791845 791944 791949 792088 792093 792502 792507 794169 794174 794748 794753 795267 795272 795459 795464 795958 795963 796240 796245 797882 797887 797952 797957 
6 237
15380 15386 31578 31584 34778 34784 47194 47200 90662 90668 95522 95528 101651 101657 103209 103215 104509 104515 110156 110162 110994 111000 111620 111626 112394 112400 113648 113654 114183 114189 116334 116340 116712 116718 118902 118908 121774 121780 121856 121862 123053 123059 123429 123435 123446 123452 125594 125600 130849 130855 130864 130870 131591 131597 132447 132453 134724 134730 140270 140276 145663 145669 157239 157245 164873 164879 169269 169275 169545 169551 181723 181729 184964 184970 189688 189694 189973 189979 192022 192028 196518 196524 203394 203400 204194 204200 213550 213556 217794 217800 220341 220347 247914 247920 251755 251761 259706 259712 281762 281768 295514 295520 295557 295563 303309 303315 304031 304037 305594 305600 305725 305731 312058 312064 312994 313000 313108 313114 313468 313474 314134 314140 314332 314338 314524 314530 314994 315000 320217 320223 320762 320768 320773 320779 320972 320978 323092 323098 323580 323586 324693 324699 326221 326227 326273 326279 326848 326854 326942 326948 332463 332469 332515 332521 335711 335717 336323 336329 337348 337354 342917 342923 347019 347025 347142 347148 347603 347609 358822 358828 360958 360964 360994 361000 363411 363417 363510 363516 364538 364544 370749 370755 373386 373392 373847 373853 374977 374983 375292 375298 375367 375373 382981 382987 387979 387985 393036 393042 397949 397955 398968 398974 409636 409642 430194 430200 455621 455627 474838 474844 474994 475000 476994 477000 492416 492422 492706 492712 492794 492800 500348 500354 500374 500380 501230 501236 503091 503097 512017 512023 512252 512258 513418 513424 513592 513598 514349 514355 515229 515235 516138 516144 516405 516411 517253 517259 525120 525126 526276 526282 526515 526521 527990 527996 530173 530179 536320 536326 536358 536364 541166 541172 542444 542450 546007 546013 548349 548355 548357 548363 548394 548400 555628 555634 557215 557221 561209 561215 566245 566251 567070 567076 568994 569000 570069 570075 572171 572177 573571 573577 573926 573932 578017 578023 582194 582200 585258 585264 586454 586460 591782 591788 591790 591796 591819 591825 592788 592794 595531 595537 595594 595600 600341 600347 613104 613110 613443 613449 632961 632967 641715 641721 643120 643126 645436 645442 645779 645785 651305 651311 655667 655673 655794 655800 657373 657379 657392 657398 658860 658866 662766 662772 678094 678100 686594 686600 695452 695458 695557 695563 701968 701974 704206 704212 704273 704279 704304 704310 705610 705616 705656 705662 709831 709837 710141 710147 710184 710190 711557 711563 715155 715161 718058 718064 719744 719750 720434 720440 721983 721989 723162 723168 723514 723520 726320 726326 726958 726964 729910 729916 732367 732373 733446 733452 733707 733713 734962 734968 736226 736232 736382 736388 736410 736416 737956 737962 738428 738434 744794 744800 744994 745000 745679 745685 755640 755646 755671 755677 756228 756234 756237 756243 757858 757864 758882 758888 758892 758898 758903 758909 760943 760949 762449 762455 764646 764652 764772 764778 765172 765178 768781 768787 769010 769016 773446 773452 773850 773856 775352 775358 779589 779595 779918 779924 781594 781600 785994 786000 786091 786097 786360 786366 787033 787039 789118 789124 792080 792086 792710 792716 794335 794341 796483 796489 
7 218
10193 10200 34793 34800 55793 55800 61237 61244 61631 61638 102991 102998 103065 103072 110193 110200 111793 111800 113624 113631 113656 113663 114105 114112 114121 114128 120993 121000 123512 123519 130838 130845 145728 145735 157321 157328 157960 157967 173993 174000 189756 189763 205645 205652 205793 205800 242843 242850 251793 251800 257223 257230 268613 268620 272907 272914 281746 281753 282641 282648 295429 295436 295545 295552 302309 302316 303170 303177 303225 303232 304015 304022 316389 316396 319919 319926 324487 324494 325813 325820 326309 326316 328790 328797 329744 329751 332434 332441 333686 333693 333876 333883 347587 347594 353321 353328 353477 353484 354164 354171 355419 355426 360871 360878 360982 360989 363217 363224 366844 366851 368424 368431 368643 368650 372122 372129 372145 372152 372593 372600 378510 378517 381428 381435 382776 382783 385261 385268 385353 385360 385914 385921 390480 390487 391829 391836 392749 392756 396413 396420 401222 401229 404368 404375 404959 404966 409240 409247 413465 413472 420207 420214 447110 447117 455663 455670 457387 457394 470193 470200 474827 474834 476923 476930 495517 495524 500390 500397 501263 501270 503052 503059 503136 503143 504246 504253 509291 509298 516437 516444 516631 516638 521822 521829 522983 522990 523119 523126 525023 525030 525459 525466 526328 526335 526393 526400 529645 529652 532455 532462 533518 533525 534039 534046 534772 534779 536310 536317 536330 536337 541192 541199 541730 541737 545608 545615 546290 546297 553603 553610 555433 555440 555558 555565 558835 558842 561473 561480 561823 561830 561947 561954 570026 570033 570131 570138 573832 573839 582119 582126 587831 587838 590125 590132 590140 590147 590579 590586 596343 596350 597493 597500 600371 600378 604318 604325 613432 613439 616574 616581 633790 633797 634646 634653 636251 636258 636339 636346 636516 636523 647052 647059 647079 647086 662619 662626 685256 685263 690362 690369 695572 695579 696484 696491 700393 700400 700569 700576 704604 704611 704793 704800 704893 704900 704918 704925 705647 705654 705738 705745 707240 707247 708005 708012 709318 709325 709716 709723 712920 712927 713030 713037 714366 714373 714519 714526 717364 717371 719810 719817 720523 720530 720593 720600 721135 721142 721936 721943 721974 721981 725129 725136 725442 725449 726342 726349 726803 726810 726845 726852 727193 727200 728227 728234 728776 728783 731502 731509 732235 732242 736420 736427 736465 736472 738507 738514 745468 745475 745571 745578 747028 747035 747070 747077 750505 750512 750914 750921 755411 755418 755684 755691 755715 755722 755752 755759 755952 755959 756671 756678 757593 757600 760846 760853 760933 760940 762337 762344 763716 763723 764529 764536 768639 768646 769284 769291 769293 769300 770103 770110 773884 773891 778859 778866 781029 781036 781719 781726 782145 782152 785129 785136 786823 786830 786870 786877 787079 787086 787938 787945 789129 789136 789450 789457 789945 789952 790434 790441 792475 792482 792491 792498 793593 793600 795043 795050 
8 195
30981 30989 61223 61231 74929 74937 102813 102821 113571 113579 123010 123018 129653 129661 134024 134032 136275 136283 136579 136587 147481 147489 147592 147600 148249 148257 154392 154400 157973 157981 169571 169579 170152 170160 175392 175400 176392 176400 181192 181200 185975 185983 189443 189451 189647 189655 192033 192041 192606 192614 192634 192642 202338 202346 211721 211729 214478 214486 217707 217715 245436 245444 247158 247166 255780 255788 295416 295424 302360 302368 302482 302490 311651 311659 312114 312122 313158 313166 314444 314452 314454 314462 315014 315022 315211 315219 319931 319939 325833 325841 326370 326378 327475 327483 327569 327577 327821 327829 331592 331600 332235 332243 333574 333582 334770 334778 338491 338499 350041 350049 354192 354200 354302 354310 361716 361724 361754 361762 364452 364460 366392 366400 373880 373888 374921 374929 375378 375386 381592 381600 385582 385590 387173 387181 390489 390497 390507 390515 392086 392094 392887 392895 394019 394027 394364 394372 401281 401289 401334 401342 434734 434742 436370 436378 441732 441740 455792 455800 492761 492769 503513 503521 504229 504237 507645 507653 508635 508643 509787 509795 512992 513000 513403 513411 517192 517200 520014 520022 521122 521130 521947 521955 524333 524341 525166 525174 525592 525600 526371 526379 527859 527867 529622 529630 532464 532472 533337 533345 536348 536356 536453 536461 536484 536492 540819 540827 541156 541164 541720 541728 541873 541881 545126 545134 545764 545772 566489 566497 566950 566958 573489 573497 573517 573525 585864 585872 585926 585934 585954 585962 590562 590570 592374 592382 595582 595590 596324 596332 600392 600400 605729 605737 609710 609718 613453 613461 614435 614443 621777 621785 636426 636434 651626 651634 651679 651687 651792 651800 655677 655685 662233 662241 672817 672825 685333 685341 702810 702818 707072 707080 708618 708626 708780 708788 709621 709629 709821 709829 710792 710800 711628 711636 711668 711676 711682 711690 712362 712370 716592 716600 717053 717061 718075 718083 719848 719856 721962 721970 724480 724488 725106 725114 731415 731423 736367 736375 736528 736536 737964 737972 739665 739673 740331 740339 740356 740364 741056 741064 741690 741698 741711 741719 742976 742984 743814 743822 745533 745541 747453 747461 748978 748986 749561 749569 752434 752442 755661 755669 757439 757447 758139 758147 760919 760927 762139 762147 766472 766480 766688 766696 766907 766915 772144 772152 772992 773000 776870 776878 777812 777820 779058 779066 780436 780444 786526 786534 787117 787125 787259 787267 789484 789492 789934 789942 790580 790588 791815 791823 791876 791884 792446 792454 792882 792890 794177 794185 795444 795452 795844 795852 
9 140
11778 11787 47038 47047 47849 47858 81756 81765 92579 92588 103220 103229 104458 104467 109739 109748 113543 113552 114016 114025 115215 115224 128006 128015 131482 131491 135744 135753 138489 138498 152774 152783 163369 163378 172111 172120 173391 173400 190722 190731 196971 196980 226925 226934 268727 268736 303211 303220 303364 303373 304430 304439 304457 304466 305642 305651 309318 309327 310057 310066 311461 311470 313425 313434 315026 315035 316371 316380 320750 320759 321452 321461 321767 321776 326380 326389 326908 326917 328179 328188 328254 328263 335632 335641 341275 341284 350991 351000 354433 354442 360929 360938 373284 373293 378947 378956 381039 381048 381437 381446 394780 394789 398359 398368 411919 411928 423238 423247 434707 434716 496391 496400 504762 504771 509259 509268 509711 509720 511747 511756 521019 521028 525085 525094 525718 525727 527191 527200 533356 533365 534791 534800 536281 536290 539850 539859 545751 545760 545925 545934 562034 562043 562928 562937 576391 576400 577138 577147 582978 582987 586410 586419 588812 588821 589559 589568 599514 599523 604174 604183 605629 605638 613013 613022 651012 651021 655755 655764 663778 663787 685346 685355 687103 687112 695462 695471 696340 696349 701627 701636 701927 701936 704391 704400 704969 704978 710631 710640 710649 710658 716116 716125 723524 723533 724410 724419 725479 725488 726252 726261 732326 732335 733670 733679 733788 733797 734971 734980 736211 736220 736446 736455 738944 738953 741027 741036 741524 741533 741537 741546 741770 741779 742876 742885 743103 743112 748932 748941 748991 749000 749573 749582 751774 751783 757349 757358 757942 757951 758927 758936 760452 760461 761268 761277 763972 763981 764543 764552 769791 769800 770128 770137 773370 773379 775166 775175 775360 775369 778840 778849 779122 779131 779928 779937 781449 781458 783690 783699 785970 785979 786880 786889 789736 789745 791933 791942 796219 796228 797573 797582 
10 168
9376 9386 23579 23589 54063 54073 112206 112216 113736 113746 114161 114171 115227 115237 116274 116284 120674 120684 120947 120957 132458 132468 134710 134720 143255 143265 143354 143364 153642 153652 169487 169497 176712 176722 178310 178320 186351 186361 186365 186375 192778 192788 195460 195470 205678 205688 213537 213547 214422 214432 215190 215200 220350 220360 227550 227560 233507 233517 258858 258868 268622 268632 295487 295497 309267 309277 313211 313221 313411 313421 314981 314991 320362 320372 321778 321788 322816 322826 323131 323141 323522 323532 326927 326937 327654 327664 328748 328758 330823 330833 333310 333320 335681 335691 345573 345583 345807 345817 355518 355528 358832 358842 359968 359978 360967 360977 361372 361382 361390 361400 362818 362828 362876 362886 363518 363528 364585 364595 365013 365023 370773 370783 381081 381091 381640 381650 387390 387400 390631 390641 396821 396831 397472 397482 398324 398334 400416 400426 401231 401241 409341 409351 414129 414139 447162 447172 500271 500281 500359 500369 503353 503363 504368 504378 504746 504756 512977 512987 514177 514187 519909 519919 521862 521872 525067 525077 525107 525117 525839 525849 527841 527851 532411 532421 533246 533256 536570 536580 536590 536600 538590 538600 546369 546379 561990 562000 570057 570067 570776 570786 571368 571378 573475 573485 573686 573696 575352 575362 581151 581161 581190 581200 587969 587979 589077 589087 589154 589164 589519 589529 590090 590100 591946 591956 596371 596381 598835 598845 599356 599366 603364 603374 609672 609682 609756 609766 625319 625329 643131 643141 655766 655776 657867 657877 671340 671350 673417 673427 673572 673582 674975 674985 676982 676992 701640 701650 702839 702849 703261 703271 706003 706013 708755 708765 709005 709015 711649 711659 713127 713137 713139 713149 713448 713458 717352 717362 719221 719231 720511 720521 721229 721239 721663 721673 725029 725039 732918 732928 733560 733570 734686 734696 741317 741327 742824 742834 745617 745627 745925 745935 751704 751714 755772 755782 757218 757228 757487 757497 757883 757893 758912 758922 759745 759755 760528 760538 763630 763640 764443 764453 764558 764568 768007 768017 769336 769346 773559 773569 776933 776943 777420 777430 778057 778067 779521 779531 786548 786558 791911 791921 794034 794044 795078 795088 795818 795828 
11 138
26855 26866 47965 47976 92463 92474 108487 108498 120967 120978 121904 121915 124544 124555 125927 125938 126852 126863 134759 134770 136511 136522 140312 140323 148261 148272 155732 155743 161612 161623 181739 181750 182942 182953 185152 185163 189428 189439 190436 190447 190653 190664 190743 190754 203279 203290 214127 214138 224710 224721 258814 258825 261261 261272 261287 261298 302226 302237 302909 302920 302929 302940 308756 308767 310016 310027 310859 310870 311440 311451 311707 311718 313032 313043 317137 317148 321905 321916 322828 322839 324764 324775 328720 328731 330584 330595 338527 338538 339120 339131 354516 354527 355189 355200 355947 355958 357305 357316 361542 361553 368444 368455 373323 373334 374961 374972 394270 394281 395442 395453 425189 425200 501758 501769 504805 504816 508145 508156 514026 514037 516009 516020 530189 530200 531407 531418 541624 541635 541966 541977 547972 547983 555923 555934 558878 558889 562877 562888 578222 578233 585029 585040 585979 585990 586018 586029 586435 586446 588854 588865 590020 590031 591917 591928 593523 593534 605776 605787 634620 634631 637871 637882 655650 655661 672937 672948 695542 695553 699553 699564 700283 700294 703080 703091 703280 703291 704903 704914 707419 707430 708815 708826 710676 710687 710730 710741 710754 710765 714110 714121 714420 714431 716745 716756 719766 719777 721030 721041 725271 725282 725284 725295 734989 735000 736507 736518 738468 738479 738518 738529 742929 742940 745520 745531 745548 745559 751836 751847 752818 752829 755444 755455 755963 755974 756260 756271 759377 759388 759906 759917 761280 761291 761318 761329 762024 762035 762068 762079 762903 762914 762950 762961 763772 763783 763949 763960 763983 763994 764515 764526 764736 764747 765072 765083 771189 771200 773859 773870 781461 781472 785116 785127 791857 791868 791968 791979 792171 792182 792674 792685 793182 793193 794722 794733 797959 797970 
12 138
9388 9400 9764 9776 72837 72849 89955 89967 116732 116744 118813 118825 131532 131544 132503 132515 132517 132529 134743 134755 136527 136539 139087 139099 139843 139855 147924 147936 152759 152771 154136 154148 155537 155549 166868 166880 169431 169443 173804 173816 189944 189956 192748 192760 211636 211648 214462 214474 281656 281668 285370 285382 302258 302270 303070 303082 305536 305548 305679 305691 309382 309394 314172 314184 318824 318836 320868 320880 324276 324288 324665 324677 324679 324691 333428 333440 341333 341345 355726 355738 362836 362848 362858 362870 375337 375349 376333 376345 385172 385184 385765 385777 388961 388973 409276 409288 413434 413446 421088 421100 425263 425275 434751 434763 455683 455695 457373 457385 496588 496600 501811 501823 508931 508943 519932 519944 520423 520435 521188 521200 521805 521817 525280 525292 525443 525455 527872 527884 529069 529081 531620 531632 532614 532626 536266 536278 541451 541463 561877 561889 564812 564824 566511 566523 572861 572873 572932 572944 573725 573737 573814 573826 574857 574869 576078 576090 584112 584124 585454 585466 585847 585859 595484 595496 600444 600456 605739 605751 609632 609644 611734 611746 625132 625144 634761 634773 636574 636586 645569 645581 660847 660859 661244 661256 664478 664490 685379 685391 696542 696554 699427 699439 705546 705558 708833 708845 708988 709000 711433 711445 714539 714551 724631 724643 725171 725183 726830 726842 728239 728251 728653 728665 732769 732781 732844 732856 733340 733352 733430 733442 733628 733640 736338 736350 738569 738581 742265 742277 747170 747182 751717 751729 753280 753292 757251 757263 757868 757880 759353 759365 760562 760574 760763 760775 761144 761156 765052 765064 766865 766877 770114 770126 770765 770777 775388 775400 777404 777416 780932 780944 785149 785161 786142 786154 786769 786781 789860 789872 790717 790729 792613 792625 793712 793724 797519 797531 
13 123
42831 42844 47813 47826 85886 85899 96512 96525 103151 103164 108923 108936 121886 121899 125113 125126 126257 126270 147850 147863 163230 163243 173623 173636 213264 213277 234781 234794 245576 245589 251725 251738 260685 260698 261721 261734 281702 281715 304181 304194 310513 310526 315075 315088 319272 319285 319663 319676 320823 320836 321655 321668 321684 321697 321749 321762 323461 323474 351664 351677 355875 355888 356363 356376 357987 358000 358985 358998 365155 365168 374830 374843 375251 375264 385336 385349 387073 387086 388909 388922 390678 390691 391337 391350 393629 393642 395152 395165 397931 397944 409250 409263 409314 409327 458884 458897 485925 485938 503154 503167 507787 507800 510172 510185 517211 517224 522967 522980 527825 527838 534187 534200 538520 538533 538555 538568 539708 539721 540231 540244 541045 541058 541533 541546 545042 545055 546844 546857 555871 555884 556024 556037 563323 563336 566406 566419 566528 566541 581135 581148 585937 585950 586170 586183 587846 587859 589426 589439 589918 589931 590460 590473 590773 590786 591726 591739 592463 592476 637811 637824 657347 657360 660876 660889 664586 664599 680413 680426 689456 689469 700211 700224 703313 703326 703380 703393 704228 704241 709238 709251 712905 712918 715127 715140 716327 716340 717230 717243 720319 720332 721920 721933 725011 725024 725451 725464 731513 731526 733735 733748 741329 741342 741587 741600 741674 741687 741738 741751 743045 743058 745772 745785 745963 745976 748230 748243 761570 761583 764466 764479 767127 767140 771276 771289 772113 772126 773314 773327 774332 774345 777840 777853 780569 780582 786113 786126 791715 791728 792720 792733 794050 794063 797905 797918 797920 797933 
14 126
9360 9374 9647 9661 74909 74923 82864 82878 104580 104594 114048 114062 115325 115339 115367 115381 123020 123034 131564 131578 140874 140888 146377 146391 154167 154181 156209 156223 169555 169569 171673 171687 173306 173320 173331 173345 188912 188926 194103 194117 196107 196121 282736 282750 285386 285400 289723 289737 302343 302357 307181 307195 313316 313330 314053 314067 314224 314238 317179 317193 320716 320730 325870 325884 331449 331463 331610 331624 335739 335753 340318 340332 348266 348280 350923 350937 366821 366835 367186 367200 372816 372830 373913 373927 378569 378583 379082 379096 380106 380120 381752 381766 382653 382667 389754 389768 395169 395183 395547 395561 398173 398187 410065 410079 414048 414062 425115 425129 441748 441762 471332 471346 474867 474881 501708 501722 510046 510060 511041 511055 517380 517394 518447 518461 518874 518888 536221 536235 539120 539134 541821 541835 545677 545691 545715 545729 557818 557832 561568 561582 565130 565144 565169 565183 571615 571629 576218 576232 576771 576785 576866 576880 584178 584192 589043 589057 593586 593600 609260 609274 637916 637930 642418 642432 655725 655739 689474 689488 690311 690325 696468 696482 700485 700499 703225 703239 709727 709741 710165 710179 713480 713494 718031 718045 718425 718439 720125 720139 720171 720185 725305 725319 728211 728225 728342 728356 732427 732441 732683 732697 737526 737540 739057 739071 749424 749438 756433 756447 757284 757298 758948 758962 760981 760995 762038 762052 762520 762534 762918 762932 763753 763767 764615 764629 764718 764732 769711 769725 772840 772854 776645 776659 778072 778086 785364 785378 787135 787149 788848 788862 789012 789026 789078 789092 789461 789475 789658 789672 794850 794864 796261 796275 
15 88
61204 61219 62078 62093 112969 112984 113504 113519 121816 121831 121836 121851 124476 124491 152682 152697 161418 161433 173870 173885 175223 175238 175350 175365 195522 195537 202358 202373 210135 210150 213041 213056 247963 247978 251705 251720 257382 257397 289670 289685 309230 309245 309911 309926 312273 312288 318985 319000 325849 325864 327452 327467 334185 334200 336373 336388 351726 351741 352925 352940 357250 357265 361559 361574 364414 364429 373369 373384 376206 376221 381467 381482 387763 387778 393172 393187 394803 394818 396734 396749 398812 398827 410045 410060 416535 416550 436353 436368 503385 503400 513518 513533 519677 519692 527972 527987 532356 532371 532731 532746 536375 536390 550023 550038 557576 557591 562708 562723 574948 574963 590730 590745 594302 594317 600269 600284 620572 620587 636368 636383 662212 662227 695478 695493 702874 702889 711609 711624 717174 717189 718585 718600 722085 722100 725240 725255 732747 732762 737506 737521 742907 742922 745329 745344 746852 746867 750841 750856 751025 751040 752779 752794 766439 766454 769147 769162 770824 770839 774914 774929 778117 778132 781413 781428 789973 789988 793520 793535 794756 794771 795883 795898 797843 797858 798966 798981 
16 98
9279 9295 9706 9722 14109 14125 30861 30877 34620 34636 42884 42900 82950 82966 101770 101786 104519 104535 107614 107630 107666 107682 111754 111770 112281 112297 116667 116683 118881 118897 120838 120854 123454 123470 125072 125088 129730 129746 133240 133256 133361 133377 147143 147159 147412 147428 161439 161455 189669 189685 191276 191292 191759 191775 192715 192731 205774 205790 214342 214358 251763 251779 255612 255628 302971 302987 310584 310600 320732 320748 323102 323118 328276 328292 330921 330937 331741 331757 342984 343000 353404 353420 354144 354160 357335 357351 360410 360426 362913 362929 366906 366922 378270 378286 381545 381561 385224 385240 385362 385378 385563 385579 385966 385982 390703 390719 396449 396465 396560 396576 470039 470055 520447 520463 523012 523028 527158 527174 534649 534665 539830 539846 541984 542000 546815 546831 555184 555200 566859 566875 571757 571773 576966 576982 586928 586944 591959 591975 594221 594237 613567 613583 614114 614130 660967 660983 664522 664538 671314 671330 686478 686494 704315 704331 714159 714175 716561 716577 718943 718959 721708 721724 730564 730580 741548 741564 743859 743875 744277 744293 745311 745327 756680 756696 757818 757834 759602 759618 771060 771076 772818 772834 783559 783575 786716 786732 790619 790635 791349 791365 792777 792793 793663 793679 796911 796927 
17 84
85818 85835 110974 110991 112868 112885 114316 114333 114351 114368 115264 115281 119151 119168 132534 132551 132583 132600 150082 150099 154116 154133 162044 162061 163319 163336 173851 173868 175325 175342 192662 192679 199367 199384 205658 205675 247069 247086 290379 290396 302943 302960 311519 311536 324644 324661 329882 329899 330062 330079 333903 333920 334937 334954 348362 348379 351703 351720 368460 368477 375218 375235 385437 385454 389965 389982 396126 396143 489529 489546 509482 509499 510153 510170 513473 513490 532425 532442 538929 538946 541510 541527 542411 542428 542579 542596 555766 555783 561265 561282 570038 570055 581073 581090 581736 581753 594277 594294 651769 651786 671158 671175 673517 673534 674940 674957 685358 685375 692435 692452 707140 707157 710028 710045 711414 711431 714308 714325 716764 716781 718452 718469 732949 732966 733481 733498 737768 737785 744218 744235 744816 744833 745883 745900 751737 751754 756277 756294 761358 761375 762983 763000 767142 767159 770160 770177 770745 770762 775331 775348 778152 778169 781740 781757 785266 785283 785766 785783 785876 785893 790445 790462 793769 793786 794067 794084 799416 799433 
18 80
9221 9239 36277 36295 89426 89444 110030 110048 120817 120835 120915 120933 137763 137781 139760 139778 147080 147098 158833 158851 161862 161880 196182 196200 198167 198185 226940 226958 260933 260951 260955 260973 305657 305675 305735 305753 311475 311493 312032 312050 313611 313629 314467 314485 329960 329978 333945 333963 334732 334750 347165 347183 352741 352759 353332 353350 356448 356466 357223 357241 358846 358864 361310 361328 361862 361880 369214 369232 377515 377533 378549 378567 382705 382723 392728 392746 394029 394047 457313 457331 473418 473436 516760 516778 519748 519766 523045 523063 538447 538465 542976 542994 546974 546992 556930 556948 573843 573861 588879 588897 589945 589963 599914 599932 609382 609400 609648 609666 613037 613055 614472 614490 645466 645484 647911 647929 662637 662655 668614 668632 700229 700247 710515 710533 715278 715296 718981 718999 720444 720462 733607 733625 736245 736263 742942 742960 744868 744886 747119 747137 751164 751182 751353 751371 752521 752539 755724 755742 764574 764592 777433 777451 783416 783434 789156 789174 792861 792879 795562 795580 
19 71
81681 81700 109325 109344 115303 115322 125128 125147 128137 128156 152652 152671 155942 155961 171614 171633 173704 173723 185062 185081 192541 192560 194781 194800 198843 198862 236273 236292 298415 298434 314247 314266 316318 316337 321226 321245 332411 332430 355747 355766 356729 356748 356765 356784 374802 374821 376774 376793 379138 379157 379641 379660 380338 380357 389915 389934 394910 394929 447132 447151 489156 489175 489442 489461 503860 503879 504640 504659 525033 525052 539224 539243 539763 539782 541655 541674 553260 553279 573741 573760 573935 573954 584126 584145 594326 594345 600566 600585 604913 604932 624726 624745 636528 636547 657880 657899 676950 676969 685838 685857 700306 700325 700338 700357 704842 704861 704941 704960 718472 718491 723052 723071 726935 726954 730538 730557 737859 737878 738835 738854 746819 746838 757416 757435 757450 757469 761417 761436 765016 765035 773915 773934 776741 776760 777181 777200 777941 777960 779705 779724 780181 780200 
20 59
9249 9269 47162 47182 85842 85862 103233 103253 116613 116633 130458 130478 139255 139275 157920 157940 171643 171663 194311 194331 255665 255685 317155 317175 320250 320270 327429 327449 338503 338523 353780 353800 361260 361280 365113 365133 370668 370688 381059 381079 396523 396543 401247 401267 416575 416595 442424 442444 471307 471327 472966 472986 495466 495486 500214 500234 507552 507572 509329 509349 521160 521180 524346 524366 546860 546880 547948 547968 564647 564667 566105 566125 582820 582840 585904 585924 586141 586161 637958 637978 645504 645524 647649 647669 655621 655641 686529 686549 696306 696326 704555 704575 709063 709083 709676 709696 726660 726680 738446 738466 745439 745459 763876 763896 774819 774839 776234 776254 785239 785259 787043 787063 787855 787875 790680 790700 798867 798887 
21 68
20818 20839 47910 47931 82813 82834 101660 101681 102841 102862 116642 116663 119952 119973 128027 128048 143372 143393 147167 147188 155609 155630 161645 161666 167041 167062 172864 172885 181012 181033 191244 191265 234649 234670 257359 257380 260560 260581 261322 261343 285262 285283 312246 312267 314545 314566 316758 316779 320227 320248 321712 321733 334822 334843 342856 342877 345943 345964 352817 352838 363466 363487 364514 364535 372953 372974 378247 378268 394156 394177 398218 398239 489550 489571 507417 507438 519622 519643 522129 522150 539662 539683 545947 545968 555650 555671 566828 566849 568038 568059 572136 572157 574310 574331 578240 578261 586464 586485 594349 594370 668648 668669 687179 687200 690609 690630 707435 707456 711179 711200 712129 712150 714811 714832 721345 721366 721754 721775 751227 751248 753343 753364 756173 756194 756729 756750 769217 769238 769240 769261 771229 771250 771252 771273 781555 781576 
22 28
30916 30938 154036 154058 171756 171778 187857 187879 292722 292744 312968 312990 328356 328378 330425 330447 351910 351932 366870 366892 394666 394688 434765 434787 500239 500261 516562 516584 533219 533241 545642 545664 552758 552780 555443 555465 556369 556391 566923 566945 578270 578292 592061 592083 634737 634759 709253 709275 711938 711960 776619 776641 795225 795247 799570 799592 
23 53
13425 13448 54110 54133 114133 114156 119351 119374 130424 130447 138451 138474 151860 151883 166277 166300 168409 168432 173755 173778 174860 174883 174907 174930 204027 204050 224756 224779 231667 231690 264577 264600 274969 274992 282662 282685 317649 317672 331672 331695 333442 333465 337231 337254 363307 363330 372843 372866 375836 375859 392764 392787 401308 401331 417219 417242 425152 425175 447930 447953 486458 486481 502908 502931 521874 521897 523219 523242 525246 525269 545060 545083 548119 548142 556312 556335 556337 556360 579858 579881 581623 581646 593543 593566 626903 626926 647107 647130 714468 714491 732529 732552 742839 742862 745629 745652 748836 748859 758019 758042 758826 758849 778870 778893 785507 785530 
24 36
36356 36380 123129 123153 126906 126930 162856 162880 185016 185040 185165 185189 214071 214095 236353 236377 296466 296490 306002 306026 312830 312854 315039 315063 330959 330983 333708 333732 342814 342838 345064 345088 355530 355554 359826 359850 362010 362034 385837 385861 391363 391387 441666 441690 492430 492454 511931 511955 524244 524268 541425 541449 559240 559264 571260 571284 589109 589133 600229 600253 732452 732476 748537 748561 772040 772064 776820 776844 793104 793128 793740 793764 
25 36
119620 119645 119812 119837 125841 125866 127648 127673 133270 133295 181630 181655 187913 187938 199959 199984 204148 204173 245465 245490 314417 314442 319328 319353 355018 355043 356264 356289 362175 362200 385925 385950 401347 401372 457823 457848 506427 506452 516731 516756 540309 540334 540372 540397 549509 549534 555157 555182 556809 556834 600530 600555 641660 641685 671040 671065 678114 678139 728303 728328 743832 743857 744749 744774 784222 784247 789422 789447 792233 792258 798143 798168 
26 29
57229 57255 74820 74846 121918 121944 128174 128200 173727 173753 226962 226988 331419 331445 339174 339200 389657 389683 526223 526249 527944 527970 541841 541867 553670 553696 555719 555745 670119 670145 686566 686592 687071 687097 724422 724448 730011 730037 731435 731461 741345 741371 745742 745768 756142 756168 761542 761568 768428 768454 778913 778939 789562 789588 793026 793052 798525 798551 
27 26
126222 126249 153351 153378 189615 189642 245546 245573 310153 310180 315355 315382 363341 363368 392438 392465 396622 396649 409357 409384 457338 457365 511634 511661 525215 525242 547110 547137 586946 586973 590161 590188 596915 596942 599824 599851 713418 713445 714434 714461 723750 723777 732250 732277 738866 738893 760811 760838 772960 772987 799946 799973 
28 26
11639 11667 121972 122000 145839 145867 234744 234772 314302 314330 318938 318966 362049 362077 390723 390751 391221 391249 396906 396934 409750 409778 485842 485870 496521 496549 509545 509573 519208 519236 533954 533982 534619 534647 584071 584099 690329 690357 708655 708683 712215 712243 726736 726764 727054 727082 759222 759250 780144 780172 793448 793476 
29 31
138521 138550 187810 187839 198132 198161 202231 202260 217633 217662 272924 272953 301621 301650 312214 312243 317618 317647 324351 324380 333644 333673 430162 430191 512033 512062 523358 523387 532662 532691 548249 548278 563458 563487 585536 585565 586365 586394 586859 586888 592750 592779 618469 618498 720342 720371 742449 742478 744717 744746 751662 751691 757957 757986 766820 766849 771359 771388 782010 782039 788941 788970 
30 26
95554 95584 124426 124456 145170 145200 151970 152000 154224 154254 285837 285867 298545 298575 344628 344658 347047 347077 354541 354571 363234 363264 378856 378886 426866 426896 457244 457274 503319 503349 508424 508454 509447 509477 564769 564799 591745 591775 634664 634694 705706 705736 764667 764697 778238 778268 779138 779168 790511 790541 794113 794143 
31 23
14049 14080 69569 69600 139637 139668 325554 325585 364552 364583 366416 366447 374845 374876 516022 516053 524516 524547 543532 543563 573316 573347 597409 597440 610636 610667 643051 643082 711460 711491 719908 719939 723104 723135 725356 725387 731468 731499 731631 731662 750957 750988 772555 772586 781669 781700 
32 22
10031 10063 96535 96567 119705 119737 189903 189935 274915 274947 308911 308943 323539 323571 345209 345241 345513 345545 516305 516337 557503 557535 561013 561045 566441 566473 577103 577135 582921 582953 585157 585189 651731 651763 707037 707069 716527 716559 734625 734657 785549 785581 786919 786951 
33 20
153604 153637 155867 155900 188812 188845 196935 196968 204113 204146 224666 224699 303124 303157 309935 309968 329847 329880 335646 335679 338222 338255 360629 360662 362931 362964 388862 388895 512854 512887 547431 547464 734817 734850 749523 749556 751057 751090 796338 796371 
34 6
345854 345888 392835 392869 500306 500340 500559 500593 527646 527680 698432 698466 
35 16
127821 127856 162807 162842 166912 166947 196560 196595 309813 309848 339618 339653 392014 392049 543815 543850 705755 705790 752653 752688 757902 757937 763651 763686 776008 776043 782106 782141 785326 785361 792806 792841 
36 14
26812 26848 116747 116783 308628 308664 329706 329742 359909 359945 371437 371473 476933 476969 525531 525567 546226 546262 574364 574400 597506 597542 609115 609151 780457 780493 786411 786447 
37 9
150512 150549 190459 190496 323145 323182 511663 511700 550147 550184 572822 572859 678012 678049 721607 721644 723646 723683 
38 8
61250 61288 173643 173681 255716 255754 316252 316290 365047 365085 547141 547179 689144 689182 742538 742576 
39 11
103110 103149 185504 185543 382216 382255 397658 397697 526814 526853 547061 547100 621144 621183 773808 773847 781104 781143 782156 782195 793407 793446 
40 10
57918 57958 124320 124360 135629 135669 140948 140988 478050 478090 508543 508583 532905 532945 734909 734949 737545 737585 798820 798860 
41 12
108506 108547 129609 129650 131433 131474 324525 324566 354022 354063 541742 541783 643153 643194 678852 678893 716058 716099 718523 718564 720256 720297 782053 782094 
42 8
69404 69446 272958 273000 313226 313268 343347 343389 357857 357899 711507 711549 762735 762777 775053 775095 
43 4
502944 502987 660557 660600 681720 681763 696417 696460 
44 6
172138 172182 191902 191946 285321 285365 330854 330898 367125 367169 478119 478163 
45 11
10136 10181 191819 191864 257235 257280 347529 347574 353355 353400 390419 390464 436403 436448 504520 504565 545345 545390 752841 752886 769048 769093 
46 5
193419 193465 374739 374785 411653 411699 434649 434695 511125 511171 
47 5
134650 134697 185826 185873 345444 345491 455709 455756 774224 774271 
48 3
119842 119890 779847 779895 791738 791786 
49 1
571637 571686 
50 6
257849 257899 360736 360786 399950 400000 615020 615070 647743 647793 792314 792364 
51 2
344930 344981 784017 784068 
52 2
108640 108692 394944 394996 
53 1
773244 773297 
54 3
161216 161270 304108 304162 780818 780872 
55 2
309726 309781 347702 347757 
56 2
425042 425098 473544 473600 
58 1
753607 753665 
59 2
741417 741476 757531 757590 
60 3
191309 191369 301732 301792 774710 774770 
62 1
394706 394768 
63 1
727913 727976 
64 1
708922 708986 
68 1
543922 543990 
74 1
730112 730186 
75 1
681615 681690 
78 1
198911 198989 
