m  count[m]  count[m]*1.0/Nbond  nematic_count[m]  fraction_ nematic_cell[m] 
0 18858  0.0238106  0  0
1 1600  0.0020202  0  0
2 1639  0.00206944  1192  0.727273
3 1747  0.00220581  1007  0.576417
4 2177  0.00274874  1400  0.643087
5 1996  0.0025202  1038  0.52004
6 1398  0.00176515  593  0.424177
7 1226  0.00154798  545  0.444535
8 1267  0.00159975  650  0.513023
9 1065  0.0013447  509  0.477934
10 956  0.00120707  416  0.435146
11 769  0.00097096  342  0.444733
12 690  0.000871212  321  0.465217
13 585  0.000738636  241  0.411966
14 492  0.000621212  230  0.46748
15 424  0.000535354  193  0.455189
16 339  0.00042803  142  0.418879
17 286  0.000361111  127  0.444056
18 206  0.000260101  101  0.490291
19 176  0.000222222  77  0.4375
20 155  0.000195707  69  0.445161
21 106  0.000133838  56  0.528302
22 70  8.83838e-05  34  0.485714
23 68  8.58586e-05  27  0.397059
24 74  9.34343e-05  33  0.445946
25 46  5.80808e-05  14  0.304348
26 64  8.08081e-05  33  0.515625
27 58  7.32323e-05  25  0.431034
28 48  6.06061e-05  14  0.291667
29 37  4.67172e-05  11  0.297297
30 35  4.41919e-05  13  0.371429
31 39  4.92424e-05  14  0.358974
32 38  4.79798e-05  10  0.263158
33 34  4.29293e-05  17  0.5
34 33  4.16667e-05  17  0.515152
35 50  6.31313e-05  20  0.4
36 28  3.53535e-05  8  0.285714
37 32  4.0404e-05  13  0.40625
38 31  3.91414e-05  12  0.387097
39 21  2.65152e-05  11  0.52381
40 21  2.65152e-05  7  0.333333
41 29  3.66162e-05  15  0.517241
42 36  4.54545e-05  15  0.416667
43 27  3.40909e-05  12  0.444444
44 21  2.65152e-05  10  0.47619
45 24  3.0303e-05  6  0.25
46 18  2.27273e-05  7  0.388889
47 18  2.27273e-05  9  0.5
48 7  8.83838e-06  4  0.571429
49 9  1.13636e-05  4  0.444444
50 15  1.89394e-05  8  0.533333
51 13  1.64141e-05  4  0.307692
52 16  2.0202e-05  4  0.25
53 12  1.51515e-05  6  0.5
54 3  3.78788e-06  3  1
55 3  3.78788e-06  2  0.666667
56 7  8.83838e-06  3  0.428571
57 5  6.31313e-06  2  0.4
58 4  5.05051e-06  1  0.25
59 3  3.78788e-06  1  0.333333
60 3  3.78788e-06  1  0.333333
61 1  1.26263e-06  0  0
63 3  3.78788e-06  0  0
64 2  2.52525e-06  1  0.5
67 2  2.52525e-06  1  0.5
69 1  1.26263e-06  1  1
72 1  1.26263e-06  0  0
73 1  1.26263e-06  0  0
75 1  1.26263e-06  0  0
76 1  1.26263e-06  0  0
78 1  1.26263e-06  0  0
79 1  1.26263e-06  0  0
80 1  1.26263e-06  0  0
83 1  1.26263e-06  0  0
89 1  1.26263e-06  0  0
91 3  3.78788e-06  0  0
92 1  1.26263e-06  0  0
96 1  1.26263e-06  0  0
98 1  1.26263e-06  0  0
99 2  2.52525e-06  1  0.5
100 1  1.26263e-06  0  0
102 1  1.26263e-06  0  0
103 1  1.26263e-06  0  0
104 2  2.52525e-06  1  0.5
105 1  1.26263e-06  1  1
109 1  1.26263e-06  0  0
111 1  1.26263e-06  0  0
112 1  1.26263e-06  0  0
113 1  1.26263e-06  0  0
115 1  1.26263e-06  0  0
117 2  2.52525e-06  0  0
120 1  1.26263e-06  0  0
122 1  1.26263e-06  0  0
123 1  1.26263e-06  0  0
126 1  1.26263e-06  1  1
134 1  1.26263e-06  0  0
135 1  1.26263e-06  1  1
149 1  1.26263e-06  0  0
226 1  1.26263e-06  0  0
 total number of grid elements is:39304
 total number of bonds from sumcount is:176870
 total number of nematic grid elements is:9707
 total number of bonds in the nematic grid elements is:80545
 degree of crystallinity is:0.246972
