 time crystallinity "clusters w/ >= 2 members" "independent clusters" "mean size cryst domains" "crystalline grid elements"
0 0.0 0.0004452235857194535 1.0 16.0 1.0 16.0
1 1200000.0 0.029941286139633247 158.0 567.0 1.8977072310405643 1076.0
2 2400000.0 0.10173358933689512 328.0 849.0 4.306242638398116 3656.0
3 3600000.0 0.17987032863065922 324.0 747.0 8.653279785809906 6464.0
4 4800000.0 0.23930767732420624 276.0 590.0 14.576271186440678 8600.0
5 6000000.0 0.2812421738041573 248.0 525.0 19.251428571428573 10107.0
6 7200000.0 0.30984778918663214 213.0 409.0 27.224938875305625 11135.0
7 8400000.0 0.33052285944847926 187.0 353.0 33.64872521246459 11878.0
8 9600000.0 0.346634387956702 157.0 342.0 36.42397660818713 12457.0
9 10800000.0 0.3601580543729304 139.0 289.0 44.78546712802768 12943.0
10 12000000.0 0.37206778529092577 137.0 294.0 45.47959183673469 13371.0
11 13200000.0 0.3774939477418816 124.0 282.0 48.1063829787234 13566.0
12 14400000.0 0.38714973425717225 115.0 281.0 49.512455516014235 13913.0
13 15600000.0 0.3920750201741937 107.0 236.0 59.70338983050848 14090.0
14 16800000.0 0.3982246709519437 110.0 244.0 58.65163934426229 14311.0
15 18000000.0 0.4025377744386009 105.0 253.0 57.17786561264822 14466.0
16 19200000.0 0.40999526949940174 97.0 222.0 66.36936936936937 14734.0
17 20400000.0 0.4131953140217603 92.0 218.0 68.11467889908256 14849.0
18 21600000.0 0.41569969669143225 84.0 206.0 72.51941747572816 14939.0
19 22800000.0 0.4212371650388179 85.0 198.0 76.45454545454545 15138.0
20 24000000.0 0.4216267356763225 70.0 211.0 71.81042654028435 15152.0
21 25200000.0 0.4257728803183349 70.0 196.0 78.06632653061224 15301.0
22 26400000.0 0.4278598658763948 66.0 195.0 78.85128205128206 15376.0
23 27600000.0 0.4303920750201742 69.0 191.0 80.97905759162303 15467.0
24 28800000.0 0.43306341653449093 75.0 189.0 82.34391534391534 15563.0
25 30000000.0 0.4359295433675599 66.0 171.0 91.6140350877193 15666.0
26 31200000.0 0.43743217296936304 65.0 183.0 85.90163934426229 15720.0
27 32400000.0 0.4390182819934886 70.0 185.0 85.28108108108108 15777.0
28 33600000.0 0.4426078971533517 68.0 187.0 85.05882352941177 15906.0
29 34800000.0 0.44299746779085625 60.0 145.0 109.79310344827586 15920.0
30 36000000.0 0.44630881820964463 64.0 160.0 100.24375 16039.0
31 37200000.0 0.44795058018198514 61.0 163.0 98.76073619631902 16098.0
32 38400000.0 0.4484514567159195 63.0 175.0 92.09142857142857 16116.0
33 39600000.0 0.45112279823023627 54.0 142.0 114.16901408450704 16212.0
34 40800000.0 0.45162367476417065 59.0 161.0 100.80745341614907 16230.0
35 42000000.0 0.45398892506330524 56.0 157.0 103.9171974522293 16315.0
36 43200000.0 0.4563820018365473 59.0 153.0 107.19607843137256 16401.0
37 44400000.0 0.45602025767315024 53.0 157.0 104.38216560509554 16388.0
38 45600000.0 0.45610373709547264 56.0 161.0 101.80745341614907 16391.0
39 46800000.0 0.4581628961794251 55.0 130.0 126.65384615384616 16465.0
40 48000000.0 0.4582463756017475 49.0 150.0 109.78666666666666 16468.0
41 49200000.0 0.4616133789687509 59.0 152.0 109.13815789473684 16589.0
42 50400000.0 0.46030553468569996 57.0 146.0 113.3013698630137 16542.0
43 51600000.0 0.46230904082143753 51.0 142.0 117.0 16614.0
44 52800000.0 0.4638116704232407 56.0 158.0 105.49367088607595 16668.0
45 54000000.0 0.46397862926788547 50.0 142.0 117.4225352112676 16674.0
46 55200000.0 0.463950802793778 50.0 146.0 114.1986301369863 16673.0
47 56400000.0 0.4653699529732588 57.0 140.0 119.45714285714286 16724.0
48 57600000.0 0.46461863817235716 50.0 131.0 127.45801526717557 16697.0
49 58800000.0 0.46603778835183796 46.0 137.0 122.24817518248175 16748.0
50 60000000.0 0.4667891031527395 55.0 145.0 115.6896551724138 16775.0
51 61200000.0 0.4673178061607814 49.0 135.0 124.4 16794.0
52 62400000.0 0.46790216211703817 43.0 128.0 131.3671875 16815.0
53 63600000.0 0.4699891476750981 43.0 142.0 118.94366197183099 16890.0
54 64800000.0 0.4716309096474386 43.0 123.0 137.79674796747966 16949.0
55 66000000.0 0.4719370008626207 46.0 119.0 142.52100840336135 16960.0
56 67200000.0 0.470879594846537 49.0 148.0 114.33783783783784 16922.0
57 68400000.0 0.4718256949661908 47.0 128.0 132.46875 16956.0
58 69600000.0 0.4719648273367282 43.0 138.0 122.90579710144928 16961.0
59 70800000.0 0.4712691654840415 44.0 125.0 135.488 16936.0
60 72000000.0 0.4721874391295879 43.0 124.0 136.84677419354838 16969.0
61 73200000.0 0.47474747474747475 48.0 129.0 132.25581395348837 17061.0
62 74400000.0 0.4754987895483763 51.0 120.0 142.4 17088.0
63 75600000.0 0.47655619556446005 39.0 123.0 139.2357723577236 17126.0
64 76800000.0 0.47497008654033446 36.0 116.0 147.14655172413794 17069.0
65 78000000.0 0.47675098088321227 40.0 126.0 135.97619047619048 17133.0
66 79200000.0 0.4782814369591229 37.0 124.0 138.61290322580646 17188.0
67 80400000.0 0.4756935748671286 39.0 119.0 143.65546218487395 17095.0
68 81600000.0 0.4780588251662632 43.0 128.0 134.21875 17180.0
69 82800000.0 0.47680663383142724 47.0 122.0 140.45081967213116 17135.0
70 84000000.0 0.4779475192698333 40.0 128.0 134.1875 17176.0
71 85200000.0 0.48150930795558894 40.0 125.0 138.432 17304.0
72 86400000.0 0.48123104321451426 36.0 117.0 147.81196581196582 17294.0
73 87600000.0 0.481453655007374 45.0 131.0 132.0763358778626 17302.0
74 88800000.0 0.4823162757047055 40.0 116.0 149.42241379310346 17333.0
75 90000000.0 0.48362411998775634 45.0 136.0 127.79411764705883 17380.0
76 91200000.0 0.48086929905111725 42.0 106.0 163.02830188679246 17281.0
77 92400000.0 0.48084147257700977 43.0 133.0 129.9248120300752 17280.0
78 93600000.0 0.48248323454935027 42.0 118.0 146.9406779661017 17339.0
79 94800000.0 0.4845702201074102 44.0 134.0 129.955223880597 17414.0
80 96000000.0 0.4848206583743774 45.0 116.0 150.19827586206895 17423.0
81 97200000.0 0.48568327907170883 40.0 116.0 150.4655172413793 17454.0
82 98400000.0 0.48540501433063415 42.0 118.0 147.83050847457628 17444.0
83 99600000.0 0.4854606672788491 44.0 119.0 146.60504201680672 17446.0
84 100800000.0 0.4871024292511896 42.0 131.0 133.6259541984733 17505.0
85 102000000.0 0.48746417341458664 44.0 114.0 153.66666666666666 17518.0
86 103200000.0 0.4878259175779837 33.0 109.0 160.8348623853211 17531.0
87 104400000.0 0.4863789409243955 39.0 119.0 146.88235294117646 17479.0
88 105600000.0 0.4905807385146228 37.0 113.0 156.01769911504425 17630.0
89 106800000.0 0.4869076439324373 42.0 133.0 131.5639097744361 17498.0
90 108000000.0 0.48980159723961375 47.0 111.0 158.57657657657657 17602.0
91 109200000.0 0.4884937529565629 41.0 110.0 159.5909090909091 17555.0
92 110400000.0 0.4905529120405153 35.0 117.0 150.67521367521368 17629.0
93 111600000.0 0.4898572501878287 40.0 110.0 160.03636363636363 17604.0
94 112800000.0 0.49119292094498707 41.0 106.0 166.52830188679246 17652.0
95 114000000.0 0.4886607118012077 39.0 112.0 156.79464285714286 17561.0
96 115200000.0 0.4909424826780199 36.0 125.0 141.144 17643.0
97 116400000.0 0.48963463839496896 40.0 110.0 159.96363636363637 17596.0
98 117600000.0 0.49308512118429476 39.0 120.0 147.66666666666666 17720.0
99 118800000.0 0.49347469182179926 30.0 125.0 141.872 17734.0
100 120000000.0 0.492445112279823 40.0 102.0 173.5 17697.0
101 121200000.0 0.4933633859253694 39.0 102.0 173.8235294117647 17730.0
102 122400000.0 0.49405904777805604 36.0 105.0 169.0952380952381 17755.0
103 123600000.0 0.4930572947101873 32.0 109.0 162.55963302752295 17719.0
104 124800000.0 0.49542254500932187 42.0 120.0 148.36666666666667 17804.0
105 126000000.0 0.494532097837883 37.0 108.0 164.55555555555554 17772.0
106 127200000.0 0.49642429807719063 44.0 95.0 187.78947368421052 17840.0
107 128400000.0 0.49558950385396666 37.0 106.0 168.0188679245283 17810.0
108 129600000.0 0.49380860951108885 40.0 116.0 152.98275862068965 17746.0
109 130800000.0 0.4965912569218354 34.0 120.0 148.71666666666667 17846.0
110 132000000.0 0.496925174611125 35.0 106.0 168.47169811320754 17858.0
111 133200000.0 0.4967582157664802 31.0 113.0 157.98230088495575 17852.0
112 134400000.0 0.4966747363441578 32.0 108.0 165.2685185185185 17849.0
113 135600000.0 0.4968695216629101 37.0 112.0 159.42857142857142 17856.0
114 136800000.0 0.49748170409327436 28.0 97.0 184.30927835051546 17878.0
115 138000000.0 0.4970643069816624 33.0 86.0 207.7093023255814 17863.0
116 139200000.0 0.4970921334557698 33.0 99.0 180.44444444444446 17864.0
117 140400000.0 0.49798258062720874 31.0 118.0 151.66101694915255 17896.0
118 141600000.0 0.49814953947185353 33.0 124.0 144.3709677419355 17902.0
119 142800000.0 0.4984278042129282 36.0 116.0 154.41379310344828 17912.0
120 144000000.0 0.49787127473077886 29.0 106.0 168.79245283018867 17892.0
121 145200000.0 0.49773214236024155 35.0 95.0 188.2842105263158 17887.0
122 146400000.0 0.49753735704148927 35.0 101.0 177.02970297029702 17880.0
123 147600000.0 0.4983443247906058 35.0 111.0 161.34234234234233 17909.0
124 148800000.0 0.4985112836352506 38.0 98.0 182.80612244897958 17915.0
125 150000000.0 0.4988730277986476 39.0 113.0 158.65486725663717 17928.0
126 151200000.0 0.49993043381473135 34.0 96.0 187.14583333333334 17966.0
127 152400000.0 0.49976347497008655 34.0 99.0 181.41414141414143 17960.0
128 153600000.0 0.5007095750897403 32.0 90.0 199.93333333333334 17994.0
129 154800000.0 0.5003478309263433 33.0 96.0 187.30208333333334 17981.0
130 156000000.0 0.49976347497008655 35.0 97.0 185.15463917525773 17960.0
131 157200000.0 0.502657428277263 33.0 105.0 172.03809523809525 18064.0
132 158400000.0 0.5015721957870718 34.0 94.0 191.75531914893617 18025.0
133 159600000.0 0.5002365250299134 45.0 108.0 166.4537037037037 17977.0
134 160800000.0 0.5007652280379553 37.0 110.0 163.6 17996.0
135 162000000.0 0.5009600133567076 38.0 112.0 160.74107142857142 18003.0
