 time crystallinity "clusters w/ >= 2 members" "   independent clusters" "mean size cryst domains" "crystalline grid elements"
0 0.0 0.0006339834966171036 1.0 64.0 1.0 64.0
1 1200000.0 0.011005557261587534 78.0 1007.0 1.1032770605759683 1111.0
2 2400000.0 0.03976265242845397 533.0 2626.0 1.5285605483625286 4014.0
3 3600000.0 0.08759868844664137 1222.0 3965.0 2.230264817150063 8843.0
4 4800000.0 0.13545453644909805 1765.0 4771.0 2.8660658142946973 13674.0
5 6000000.0 0.17196277010127517 1999.0 4727.0 3.548973979268035 16776.0
6 7200000.0 0.20234531961130017 2233.0 4905.0 4.0244648318042815 19740.0
7 8400000.0 0.22229283693468366 2315.0 5050.0 4.2942574257425745 21686.0
8 9600000.0 0.2386219197179056 2417.0 5055.0 4.605143422354105 23279.0
9 10800000.0 0.2503587682971832 2420.0 4996.0 4.88871096877502 24424.0
10 12000000.0 0.259450982000082 2473.0 4981.0 5.081509737000602 25311.0
11 13200000.0 0.2676719012669646 2457.0 4955.0 5.270030272452068 26113.0
12 14400000.0 0.27313542990692524 2509.0 4916.0 5.420260374288039 26646.0
13 15600000.0 0.2792037393907089 2500.0 4848.0 5.618399339933993 27238.0
14 16800000.0 0.28463651646233956 2523.0 4895.0 5.672727272727273 27768.0
15 18000000.0 0.2890954938701874 2515.0 4841.0 5.825862425118777 28203.0
16 19200000.0 0.29327770716306534 2545.0 4852.0 5.89674361088211 28611.0
17 20400000.0 0.29724465947763334 2565.0 4828.0 6.006213753106876 28998.0
18 21600000.0 0.30047357415228176 2556.0 4775.0 6.138848167539267 29313.0
19 22800000.0 0.3028721964820206 2573.0 4875.0 6.060923076923077 29547.0
20 24000000.0 0.306101111156669 2525.0 4831.0 6.181328917408404 29862.0
21 25200000.0 0.30835622616753455 2529.0 4735.0 6.35311510031679 30082.0
22 26400000.0 0.3110623641805732 2535.0 4736.0 6.407516891891892 30346.0
23 27600000.0 0.3125384394604125 2523.0 4638.0 6.573954290642519 30490.0
24 28800000.0 0.3145885440157448 2506.0 4614.0 6.6514954486345905 30690.0
25 30000000.0 0.31544958792898437 2500.0 4622.0 6.658156642146257 30774.0
26 31200000.0 0.31759194718930667 2550.0 4649.0 6.664443966444397 30983.0
27 32400000.0 0.3196625527901923 2535.0 4732.0 6.590236686390533 31185.0
28 33600000.0 0.3203288367706753 2515.0 4624.0 6.758217993079585 31250.0
29 34800000.0 0.32237894132600764 2507.0 4614.0 6.816211530125704 31450.0
30 36000000.0 0.3235577514453237 2501.0 4595.0 6.8694232861806315 31565.0
31 37200000.0 0.3259051211611792 2484.0 4621.0 6.880328933131357 31794.0
32 38400000.0 0.3255873549551027 2494.0 4560.0 6.965570175438597 31763.0
33 39600000.0 0.3253515929312395 2484.0 4540.0 6.991189427312776 31740.0
34 40800000.0 0.3274221985321251 2494.0 4572.0 6.986439195100613 31942.0
35 42000000.0 0.32894952642584774 2508.0 4571.0 7.020564427915117 32091.0
36 43200000.0 0.32868301283365453 2499.0 4526.0 7.084622182942996 32065.0
37 44400000.0 0.3302103407273771 2532.0 4542.0 7.092470277410833 32214.0
38 45600000.0 0.3312251424822666 2480.0 4550.0 7.101758241758242 32313.0
39 46800000.0 0.3318094222805363 2462.0 4487.0 7.214174281256964 32370.0
40 48000000.0 0.3330087334454057 2510.0 4470.0 7.267785234899329 32487.0
41 49200000.0 0.3340850383369552 2467.0 4551.0 7.161502966381015 32592.0
42 50400000.0 0.3356021157079011 2485.0 4499.0 7.277172705045565 32740.0
43 51600000.0 0.33538685472959123 2483.0 4398.0 7.4395179627103225 32719.0
44 52800000.0 0.33787773176431996 2488.0 4548.0 7.247581354441513 32962.0
45 54000000.0 0.3377444749682234 2457.0 4496.0 7.328514234875445 32949.0
46 55200000.0 0.33930255443027596 2465.0 4482.0 7.3853190539937525 33101.0
47 56400000.0 0.3397125753413424 2495.0 4451.0 7.445742529768592 33141.0
48 57600000.0 0.3394768133174792 2462.0 4465.0 7.417245240761478 33118.0
49 58800000.0 0.3406761244823486 2453.0 4414.0 7.529451744449479 33235.0
50 60000000.0 0.3422034523760712 2474.0 4451.0 7.500337002920692 33384.0
51 61200000.0 0.3421009471483046 2463.0 4441.0 7.514974104931322 33374.0
52 62400000.0 0.3421111976710812 2480.0 4433.0 7.528761561019626 33375.0
53 63600000.0 0.34346426667760055 2478.0 4458.0 7.516150740242261 33507.0
54 64800000.0 0.34395629177088033 2475.0 4412.0 7.605394378966455 33555.0
55 66000000.0 0.3442330558858502 2465.0 4414.0 7.60806524694155 33582.0
56 67200000.0 0.34454057156915 2455.0 4379.0 7.675725051381594 33612.0
57 68400000.0 0.34507359875353644 2473.0 4477.0 7.519320973866429 33664.0
58 69600000.0 0.34583213743900937 2446.0 4441.0 7.596937626660662 33738.0
59 70800000.0 0.3463139120095125 2468.0 4411.0 7.659260938562684 33785.0
60 72000000.0 0.34619090573619254 2480.0 4415.0 7.64960362400906 33773.0
61 73200000.0 0.34915330681864776 2454.0 4372.0 7.790942360475754 34062.0
62 74400000.0 0.34750297265160524 2475.0 4358.0 7.779027076640661 33901.0
