 time crystallinity "clusters w/ >= 2 members" "   independent clusters" "mean size cryst domains" "crystalline grid elements"
0 0.0 0.008464739688021968 3.0 297.0 1.0067340067340067 299.0
1 1200000.0 0.011762377357423586 4.0 413.0 1.0072639225181599 416.0
2 2400000.0 0.022488416770256526 57.0 718.0 1.1086350974930361 796.0
3 3600000.0 0.05157374735356387 263.0 1310.0 1.3946564885496182 1827.0
4 4800000.0 0.08580057012220936 475.0 1614.0 1.8835192069392812 3040.0
5 6000000.0 0.11662951152749951 618.0 1783.0 2.3180033651149747 4133.0
6 7200000.0 0.14058310519037 677.0 1880.0 2.649468085106383 4981.0
7 8400000.0 0.15884028541613784 729.0 1905.0 2.9564304461942257 5632.0
8 9600000.0 0.17308451260077803 741.0 1910.0 3.2146596858638743 6140.0
9 10800000.0 0.18177203767413005 733.0 1850.0 3.4843243243243243 6446.0
10 12000000.0 0.19273711514604713 728.0 1821.0 3.7539813289401427 6836.0
11 13200000.0 0.1978099511754579 721.0 1746.0 4.014318442153494 7009.0
12 14400000.0 0.20502186486105234 716.0 1786.0 4.068868980963046 7267.0
13 15600000.0 0.21035406968542814 720.0 1737.0 4.292458261370179 7456.0
14 16800000.0 0.21371377015901658 697.0 1716.0 4.417249417249417 7580.0
15 18000000.0 0.21954450645470433 722.0 1691.0 4.6061502069781195 7789.0
16 19200000.0 0.2250126839167935 707.0 1721.0 4.638582219639744 7983.0
17 20400000.0 0.22824066249788744 719.0 1682.0 4.817479191438763 8103.0
18 21600000.0 0.23000647905574806 731.0 1703.0 4.794480328831474 8165.0
19 22800000.0 0.2328728502960248 702.0 1646.0 5.018226002430134 8260.0
20 24000000.0 0.23674722550842206 705.0 1633.0 5.146968769136558 8405.0
21 25200000.0 0.23807376933697766 712.0 1638.0 5.1581196581196584 8449.0
22 26400000.0 0.24053094352384174 672.0 1613.0 5.291382517048977 8535.0
23 27600000.0 0.24402278109845493 680.0 1590.0 5.443396226415095 8655.0
24 28800000.0 0.2451325688202643 706.0 1583.0 5.495893872394189 8700.0
25 30000000.0 0.24688469128841276 696.0 1599.0 5.476547842401501 8757.0
26 31200000.0 0.24744912340041716 693.0 1549.0 5.667527437056165 8779.0
27 32400000.0 0.24914089347079038 677.0 1581.0 5.594560404807084 8845.0
28 33600000.0 0.2509935454776065 687.0 1581.0 5.632511068943707 8905.0
29 34800000.0 0.252951951528815 687.0 1538.0 5.836150845253576 8976.0
30 36000000.0 0.2539955464103504 670.0 1514.0 5.951783355350066 9011.0
31 37200000.0 0.2559869273680059 661.0 1500.0 6.057333333333333 9086.0
