1.000000000000000000e+00 1.000000000000000000e+00
2.000000000000000000e+00 8.653032183647155762e-01
3.000000000000000000e+00 7.635979652404785156e-01
4.000000000000000000e+00 6.779584884643554688e-01
5.000000000000000000e+00 6.020823717117309570e-01
6.000000000000000000e+00 5.328134894371032715e-01
7.000000000000000000e+00 4.688978195190429688e-01
8.000000000000000000e+00 4.093701541423797607e-01
9.000000000000000000e+00 3.538182377815246582e-01
1.000000000000000000e+01 3.014852106571197510e-01
1.100000000000000000e+01 2.520195245742797852e-01
1.200000000000000000e+01 2.051339298486709595e-01
1.300000000000000000e+01 1.605207622051239014e-01
1.400000000000000000e+01 1.181004345417022705e-01
1.500000000000000000e+01 7.782490551471710205e-02
1.600000000000000000e+01 3.993976116180419922e-02
1.700000000000000000e+01 4.443152807652950287e-03
1.800000000000000000e+01 -2.877847477793693542e-02
1.900000000000000000e+01 -5.949391797184944153e-02
2.000000000000000000e+01 -8.736085146665573120e-02
2.100000000000000000e+01 -1.123520955443382263e-01
2.200000000000000000e+01 -1.345666199922561646e-01
2.300000000000000000e+01 -1.539647281169891357e-01
2.400000000000000000e+01 -1.706097871065139771e-01
2.500000000000000000e+01 -1.842361241579055786e-01
2.600000000000000000e+01 -1.949011832475662231e-01
2.700000000000000000e+01 -2.029747217893600464e-01
2.800000000000000000e+01 -2.082348316907882690e-01
2.900000000000000000e+01 -2.111307829618453979e-01
3.000000000000000000e+01 -2.113925516605377197e-01
3.100000000000000000e+01 -2.093890607357025146e-01
3.200000000000000000e+01 -2.055690288543701172e-01
3.300000000000000000e+01 -2.001239955425262451e-01
3.400000000000000000e+01 -1.931331306695938110e-01
3.500000000000000000e+01 -1.850092709064483643e-01
3.600000000000000000e+01 -1.758881658315658569e-01
3.700000000000000000e+01 -1.659300774335861206e-01
3.800000000000000000e+01 -1.551005989313125610e-01
3.900000000000000000e+01 -1.439816057682037354e-01
4.000000000000000000e+01 -1.323096156120300293e-01
4.100000000000000000e+01 -1.207269579172134399e-01
4.200000000000000000e+01 -1.091677621006965637e-01
4.300000000000000000e+01 -9.736565500497817993e-02
4.400000000000000000e+01 -8.565980195999145508e-02
4.500000000000000000e+01 -7.417719066143035889e-02
4.600000000000000000e+01 -6.293124705553054810e-02
4.700000000000000000e+01 -5.209213122725486755e-02
4.800000000000000000e+01 -4.173476621508598328e-02
4.900000000000000000e+01 -3.200314566493034363e-02
5.000000000000000000e+01 -2.248907834291458130e-02
5.100000000000000000e+01 -1.328429952263832092e-02
5.200000000000000000e+01 -4.843208007514476776e-03
5.300000000000000000e+01 3.245225409045815468e-03
5.400000000000000000e+01 1.087457034736871719e-02
5.500000000000000000e+01 1.791642606258392334e-02
5.600000000000000000e+01 2.406912297010421753e-02
5.700000000000000000e+01 2.955569140613079071e-02
5.800000000000000000e+01 3.447211533784866333e-02
5.900000000000000000e+01 3.861775249242782593e-02
6.000000000000000000e+01 4.207102954387664795e-02
6.100000000000000000e+01 4.495828971266746521e-02
6.200000000000000000e+01 4.740154370665550232e-02
6.300000000000000000e+01 4.909592121839523315e-02
6.400000000000000000e+01 5.035565420985221863e-02
6.500000000000000000e+01 5.104978755116462708e-02
6.600000000000000000e+01 5.140694975852966309e-02
6.700000000000000000e+01 5.106665566563606262e-02
6.800000000000000000e+01 5.035851895809173584e-02
6.900000000000000000e+01 4.938295483589172363e-02
7.000000000000000000e+01 4.804002121090888977e-02
7.100000000000000000e+01 4.641255363821983337e-02
7.200000000000000000e+01 4.455249384045600891e-02
7.300000000000000000e+01 4.270931333303451538e-02
7.400000000000000000e+01 4.070800542831420898e-02
7.500000000000000000e+01 3.844420984387397766e-02
7.600000000000000000e+01 3.599796071648597717e-02
7.700000000000000000e+01 3.318673744797706604e-02
7.800000000000000000e+01 3.028822317719459534e-02
7.900000000000000000e+01 2.698997594416141510e-02
8.000000000000000000e+01 2.370745874941349030e-02
8.100000000000000000e+01 2.123875357210636139e-02
8.200000000000000000e+01 1.864648796617984772e-02
8.300000000000000000e+01 1.600014418363571167e-02
8.400000000000000000e+01 1.338525675237178802e-02
8.500000000000000000e+01 1.057875435799360275e-02
8.600000000000000000e+01 8.139732293784618378e-03
8.700000000000000000e+01 6.061256397515535355e-03
8.800000000000000000e+01 3.892386797815561295e-03
8.900000000000000000e+01 1.495003467425704002e-03
9.000000000000000000e+01 -4.700714489445090294e-04
9.100000000000000000e+01 -2.887184033170342445e-03
9.200000000000000000e+01 -5.814040545374155045e-03
9.300000000000000000e+01 -8.288443088531494141e-03
9.400000000000000000e+01 -1.085088774561882019e-02
9.500000000000000000e+01 -1.366822794079780579e-02
9.600000000000000000e+01 -1.579612120985984802e-02
9.700000000000000000e+01 -1.754717528820037842e-02
9.800000000000000000e+01 -1.898633502423763275e-02
9.900000000000000000e+01 -2.226369082927703857e-02
