1.000000000000000000e+00 1.000000000000000000e+00
2.000000000000000000e+00 8.719193935394287109e-01
3.000000000000000000e+00 7.748849391937255859e-01
4.000000000000000000e+00 6.924869418144226074e-01
5.000000000000000000e+00 6.191179752349853516e-01
6.000000000000000000e+00 5.517758131027221680e-01
7.000000000000000000e+00 4.894070923328399658e-01
8.000000000000000000e+00 4.310823678970336914e-01
9.000000000000000000e+00 3.764216899871826172e-01
1.000000000000000000e+01 3.247481286525726318e-01
1.100000000000000000e+01 2.754423916339874268e-01
1.200000000000000000e+01 2.283643633127212524e-01
1.300000000000000000e+01 1.832140982151031494e-01
1.400000000000000000e+01 1.400010138750076294e-01
1.500000000000000000e+01 9.884774684906005859e-02
1.600000000000000000e+01 5.970506742596626282e-02
1.700000000000000000e+01 2.256085537374019623e-02
1.800000000000000000e+01 -1.262346375733613968e-02
1.900000000000000000e+01 -4.555132612586021423e-02
2.000000000000000000e+01 -7.623351365327835083e-02
2.100000000000000000e+01 -1.041657552123069763e-01
2.200000000000000000e+01 -1.294153183698654175e-01
2.300000000000000000e+01 -1.518481373786926270e-01
2.400000000000000000e+01 -1.712929755449295044e-01
2.500000000000000000e+01 -1.877906918525695801e-01
2.600000000000000000e+01 -2.014211714267730713e-01
2.700000000000000000e+01 -2.119921892881393433e-01
2.800000000000000000e+01 -2.199519574642181396e-01
2.900000000000000000e+01 -2.252817153930664062e-01
3.000000000000000000e+01 -2.278363555669784546e-01
3.100000000000000000e+01 -2.279686629772186279e-01
3.200000000000000000e+01 -2.260428071022033691e-01
3.300000000000000000e+01 -2.220480889081954956e-01
3.400000000000000000e+01 -2.164961248636245728e-01
3.500000000000000000e+01 -2.092986553907394409e-01
3.600000000000000000e+01 -2.008698135614395142e-01
3.700000000000000000e+01 -1.910020262002944946e-01
3.800000000000000000e+01 -1.801930218935012817e-01
3.900000000000000000e+01 -1.688770055770874023e-01
4.000000000000000000e+01 -1.571299284696578979e-01
4.100000000000000000e+01 -1.447208374738693237e-01
4.200000000000000000e+01 -1.320769190788269043e-01
4.300000000000000000e+01 -1.193813160061836243e-01
4.400000000000000000e+01 -1.066427007317543030e-01
4.500000000000000000e+01 -9.421436488628387451e-02
4.600000000000000000e+01 -8.190666884183883667e-02
4.700000000000000000e+01 -6.985273957252502441e-02
4.800000000000000000e+01 -5.817758291959762573e-02
4.900000000000000000e+01 -4.685958102345466614e-02
5.000000000000000000e+01 -3.583744168281555176e-02
5.100000000000000000e+01 -2.536969073116779327e-02
5.200000000000000000e+01 -1.566417329013347626e-02
5.300000000000000000e+01 -6.503449287265539169e-03
5.400000000000000000e+01 2.039043698459863663e-03
5.500000000000000000e+01 9.625536389648914337e-03
5.600000000000000000e+01 1.715423166751861572e-02
5.700000000000000000e+01 2.396812289953231812e-02
5.800000000000000000e+01 2.999033406376838684e-02
5.900000000000000000e+01 3.554934635758399963e-02
6.000000000000000000e+01 4.055297747254371643e-02
6.100000000000000000e+01 4.512539878487586975e-02
6.200000000000000000e+01 4.886617511510848999e-02
6.300000000000000000e+01 5.205952376127243042e-02
6.400000000000000000e+01 5.434907600283622742e-02
6.500000000000000000e+01 5.576625093817710876e-02
6.600000000000000000e+01 5.673613399267196655e-02
6.700000000000000000e+01 5.713412538170814514e-02
6.800000000000000000e+01 5.698486417531967163e-02
6.900000000000000000e+01 5.640106648206710815e-02
7.000000000000000000e+01 5.539304763078689575e-02
7.100000000000000000e+01 5.402301251888275146e-02
7.200000000000000000e+01 5.269776657223701477e-02
7.300000000000000000e+01 5.111592262983322144e-02
7.400000000000000000e+01 4.909332841634750366e-02
7.500000000000000000e+01 4.694223403930664062e-02
7.600000000000000000e+01 4.451980441808700562e-02
7.700000000000000000e+01 4.183905944228172302e-02
7.800000000000000000e+01 3.928290307521820068e-02
7.900000000000000000e+01 3.669963404536247253e-02
8.000000000000000000e+01 3.435336798429489136e-02
8.100000000000000000e+01 3.167050331830978394e-02
8.200000000000000000e+01 2.943267673254013062e-02
8.300000000000000000e+01 2.727512083947658539e-02
8.400000000000000000e+01 2.454426698386669159e-02
8.500000000000000000e+01 2.146208100020885468e-02
8.600000000000000000e+01 1.866029016673564911e-02
8.700000000000000000e+01 1.618087664246559143e-02
8.800000000000000000e+01 1.373626478016376495e-02
8.900000000000000000e+01 1.158584654331207275e-02
9.000000000000000000e+01 9.317115880548954010e-03
9.100000000000000000e+01 6.809867452830076218e-03
9.200000000000000000e+01 4.866083152592182159e-03
9.300000000000000000e+01 2.660277998074889183e-03
9.400000000000000000e+01 4.820126923732459545e-04
9.500000000000000000e+01 -1.454983721487224102e-03
9.600000000000000000e+01 -2.666878746822476387e-03
9.700000000000000000e+01 -4.737451206892728806e-03
9.800000000000000000e+01 -6.516094785183668137e-03
9.900000000000000000e+01 -8.084643632173538208e-03
