1.000000000000000000e+00 1.000000000000000000e+00
2.000000000000000000e+00 8.680805563926696777e-01
3.000000000000000000e+00 7.683526873588562012e-01
4.000000000000000000e+00 6.839393973350524902e-01
5.000000000000000000e+00 6.087849736213684082e-01
6.000000000000000000e+00 5.400081276893615723e-01
7.000000000000000000e+00 4.765205681324005127e-01
8.000000000000000000e+00 4.174558222293853760e-01
9.000000000000000000e+00 3.622245788574218750e-01
1.000000000000000000e+01 3.101353347301483154e-01
1.100000000000000000e+01 2.608866989612579346e-01
1.200000000000000000e+01 2.138710767030715942e-01
1.300000000000000000e+01 1.690292507410049438e-01
1.400000000000000000e+01 1.263703554868698120e-01
1.500000000000000000e+01 8.587344735860824585e-02
1.600000000000000000e+01 4.742926731705665588e-02
1.700000000000000000e+01 1.127680018544197083e-02
1.800000000000000000e+01 -2.273308485746383667e-02
1.900000000000000000e+01 -5.421733111143112183e-02
2.000000000000000000e+01 -8.294898271560668945e-02
2.100000000000000000e+01 -1.088899597525596619e-01
2.200000000000000000e+01 -1.322515308856964111e-01
2.300000000000000000e+01 -1.530968993902206421e-01
2.400000000000000000e+01 -1.708382219076156616e-01
2.500000000000000000e+01 -1.856341511011123657e-01
2.600000000000000000e+01 -1.975496560335159302e-01
2.700000000000000000e+01 -2.066282331943511963e-01
2.800000000000000000e+01 -2.130977213382720947e-01
2.900000000000000000e+01 -2.168322652578353882e-01
3.000000000000000000e+01 -2.180529683828353882e-01
3.100000000000000000e+01 -2.171638607978820801e-01
3.200000000000000000e+01 -2.141343951225280762e-01
3.300000000000000000e+01 -2.092155516147613525e-01
3.400000000000000000e+01 -2.028378099203109741e-01
3.500000000000000000e+01 -1.952137798070907593e-01
3.600000000000000000e+01 -1.864549815654754639e-01
3.700000000000000000e+01 -1.767195463180541992e-01
3.800000000000000000e+01 -1.658793389797210693e-01
3.900000000000000000e+01 -1.545626968145370483e-01
4.000000000000000000e+01 -1.426306217908859253e-01
4.100000000000000000e+01 -1.306796073913574219e-01
4.200000000000000000e+01 -1.184396669268608093e-01
4.300000000000000000e+01 -1.061340644955635071e-01
4.400000000000000000e+01 -9.418825060129165649e-02
4.500000000000000000e+01 -8.220667392015457153e-02
4.600000000000000000e+01 -7.052403688430786133e-02
4.700000000000000000e+01 -5.925500765442848206e-02
4.800000000000000000e+01 -4.830931499600410461e-02
4.900000000000000000e+01 -3.775116056203842163e-02
5.000000000000000000e+01 -2.785717695951461792e-02
5.100000000000000000e+01 -1.841710507869720459e-02
5.200000000000000000e+01 -9.690170176327228546e-03
5.300000000000000000e+01 -1.107461052015423775e-03
5.400000000000000000e+01 6.834518164396286011e-03
5.500000000000000000e+01 1.400228962302207947e-02
5.600000000000000000e+01 2.051704749464988708e-02
5.700000000000000000e+01 2.666223794221878052e-02
5.800000000000000000e+01 3.227513656020164490e-02
5.900000000000000000e+01 3.711698576807975769e-02
6.000000000000000000e+01 4.132055491209030151e-02
6.100000000000000000e+01 4.467553645372390747e-02
6.200000000000000000e+01 4.756968095898628235e-02
6.300000000000000000e+01 4.993548989295959473e-02
6.400000000000000000e+01 5.203337222337722778e-02
6.500000000000000000e+01 5.330237746238708496e-02
6.600000000000000000e+01 5.389996618032455444e-02
6.700000000000000000e+01 5.415956303477287292e-02
6.800000000000000000e+01 5.373948439955711365e-02
6.900000000000000000e+01 5.333818122744560242e-02
7.000000000000000000e+01 5.225663632154464722e-02
7.100000000000000000e+01 5.081634595990180969e-02
7.200000000000000000e+01 4.892718791961669922e-02
7.300000000000000000e+01 4.718746617436408997e-02
7.400000000000000000e+01 4.510811716318130493e-02
7.500000000000000000e+01 4.252509027719497681e-02
7.600000000000000000e+01 3.975319489836692810e-02
7.700000000000000000e+01 3.687794506549835205e-02
7.800000000000000000e+01 3.385666012763977051e-02
7.900000000000000000e+01 3.077205456793308258e-02
8.000000000000000000e+01 2.752576954662799835e-02
8.100000000000000000e+01 2.448899485170841217e-02
8.200000000000000000e+01 2.142463438212871552e-02
8.300000000000000000e+01 1.841467805206775665e-02
8.400000000000000000e+01 1.567609980702400208e-02
8.500000000000000000e+01 1.280420087277889252e-02
8.600000000000000000e+01 9.725543670356273651e-03
8.700000000000000000e+01 7.083334028720855713e-03
8.800000000000000000e+01 4.187428858131170273e-03
8.900000000000000000e+01 2.128410385921597481e-03
9.000000000000000000e+01 -1.489267015131190419e-04
9.100000000000000000e+01 -1.792928436771035194e-03
9.200000000000000000e+01 -3.528376342728734016e-03
9.300000000000000000e+01 -5.035334732383489609e-03
9.400000000000000000e+01 -7.019391283392906189e-03
9.500000000000000000e+01 -8.293122053146362305e-03
9.600000000000000000e+01 -9.290426969528198242e-03
9.700000000000000000e+01 -9.691821411252021790e-03
9.800000000000000000e+01 -1.016015280038118362e-02
9.900000000000000000e+01 -1.109238248318433762e-02
