1.000000000000000000e+00 1.000000000000000000e+00
2.000000000000000000e+00 8.635694384574890137e-01
3.000000000000000000e+00 7.607316970825195312e-01
4.000000000000000000e+00 6.741040945053100586e-01
5.000000000000000000e+00 5.973076224327087402e-01
6.000000000000000000e+00 5.275507569313049316e-01
7.000000000000000000e+00 4.633758664131164551e-01
8.000000000000000000e+00 4.037894904613494873e-01
9.000000000000000000e+00 3.481653928756713867e-01
1.000000000000000000e+01 2.958514988422393799e-01
1.100000000000000000e+01 2.463624328374862671e-01
1.200000000000000000e+01 1.994917988777160645e-01
1.300000000000000000e+01 1.550539582967758179e-01
1.400000000000000000e+01 1.128479540348052979e-01
1.500000000000000000e+01 7.309285551309585571e-02
1.600000000000000000e+01 3.556888550519943237e-02
1.700000000000000000e+01 2.772283041849732399e-04
1.800000000000000000e+01 -3.262822329998016357e-02
1.900000000000000000e+01 -6.284320354461669922e-02
2.000000000000000000e+01 -9.029179811477661133e-02
2.100000000000000000e+01 -1.149877607822418213e-01
2.200000000000000000e+01 -1.364535093307495117e-01
2.300000000000000000e+01 -1.549824476242065430e-01
2.400000000000000000e+01 -1.706013530492782593e-01
2.500000000000000000e+01 -1.832046508789062500e-01
2.600000000000000000e+01 -1.929554492235183716e-01
2.700000000000000000e+01 -2.000120431184768677e-01
2.800000000000000000e+01 -2.044507861137390137e-01
2.900000000000000000e+01 -2.065301686525344849e-01
3.000000000000000000e+01 -2.061660289764404297e-01
3.100000000000000000e+01 -2.038897573947906494e-01
3.200000000000000000e+01 -1.997356116771697998e-01
3.300000000000000000e+01 -1.937438398599624634e-01
3.400000000000000000e+01 -1.863639503717422485e-01
3.500000000000000000e+01 -1.778936386108398438e-01
3.600000000000000000e+01 -1.683701723814010620e-01
3.700000000000000000e+01 -1.582561135292053223e-01
3.800000000000000000e+01 -1.476229131221771240e-01
3.900000000000000000e+01 -1.367746293544769287e-01
4.000000000000000000e+01 -1.257641613483428955e-01
4.100000000000000000e+01 -1.143643558025360107e-01
4.200000000000000000e+01 -1.028359755873680115e-01
4.300000000000000000e+01 -9.139043837785720825e-02
4.400000000000000000e+01 -7.999122887849807739e-02
4.500000000000000000e+01 -6.852096319198608398e-02
4.600000000000000000e+01 -5.775123462080955505e-02
4.700000000000000000e+01 -4.718649759888648987e-02
4.800000000000000000e+01 -3.722485899925231934e-02
4.900000000000000000e+01 -2.786193974316120148e-02
5.000000000000000000e+01 -1.884727366268634796e-02
5.100000000000000000e+01 -1.058171503245830536e-02
5.200000000000000000e+01 -2.607489936053752899e-03
5.300000000000000000e+01 4.863555077463388443e-03
5.400000000000000000e+01 1.160362176597118378e-02
5.500000000000000000e+01 1.768011786043643951e-02
5.600000000000000000e+01 2.335180528461933136e-02
5.700000000000000000e+01 2.840099297463893890e-02
5.800000000000000000e+01 3.259206190705299377e-02
5.900000000000000000e+01 3.649592399597167969e-02
6.000000000000000000e+01 3.989795967936515808e-02
6.100000000000000000e+01 4.279217869043350220e-02
6.200000000000000000e+01 4.523323848843574524e-02
6.300000000000000000e+01 4.700098559260368347e-02
6.400000000000000000e+01 4.790097475051879883e-02
6.500000000000000000e+01 4.875646904110908508e-02
6.600000000000000000e+01 4.886915162205696106e-02
6.700000000000000000e+01 4.860837012529373169e-02
6.800000000000000000e+01 4.806264489889144897e-02
6.900000000000000000e+01 4.726458713412284851e-02
7.000000000000000000e+01 4.589715227484703064e-02
7.100000000000000000e+01 4.385063797235488892e-02
7.200000000000000000e+01 4.153878241777420044e-02
7.300000000000000000e+01 3.913880884647369385e-02
7.400000000000000000e+01 3.640002757310867310e-02
7.500000000000000000e+01 3.362616896629333496e-02
7.600000000000000000e+01 3.063599765300750732e-02
7.700000000000000000e+01 2.742167375981807709e-02
7.800000000000000000e+01 2.381864562630653381e-02
7.900000000000000000e+01 2.070852369070053101e-02
8.000000000000000000e+01 1.763748563826084137e-02
8.100000000000000000e+01 1.498755626380443573e-02
8.200000000000000000e+01 1.257547363638877869e-02
8.300000000000000000e+01 1.036581117659807205e-02
8.400000000000000000e+01 8.266795426607131958e-03
8.500000000000000000e+01 5.990522447973489761e-03
8.600000000000000000e+01 4.431821405887603760e-03
8.700000000000000000e+01 2.656575292348861694e-03
8.800000000000000000e+01 6.655190954916179180e-04
8.900000000000000000e+01 -1.776246237568557262e-03
9.000000000000000000e+01 -4.418871365487575531e-03
9.100000000000000000e+01 -6.013498175889253616e-03
9.200000000000000000e+01 -7.292379159480333328e-03
9.300000000000000000e+01 -8.733612485229969025e-03
9.400000000000000000e+01 -1.006094273179769516e-02
9.500000000000000000e+01 -1.065364852547645569e-02
9.600000000000000000e+01 -1.073594763875007629e-02
9.700000000000000000e+01 -1.107827760279178619e-02
9.800000000000000000e+01 -1.078509818762540817e-02
9.900000000000000000e+01 -9.069596417248249054e-03
