1.000000000000000000e+00 1.000000000000000000e+00
2.000000000000000000e+00 8.703720569610595703e-01
3.000000000000000000e+00 7.722264528274536133e-01
4.000000000000000000e+00 6.892625093460083008e-01
5.000000000000000000e+00 6.154103279113769531e-01
6.000000000000000000e+00 5.477920174598693848e-01
7.000000000000000000e+00 4.849548041820526123e-01
8.000000000000000000e+00 4.264018535614013672e-01
9.000000000000000000e+00 3.713874518871307373e-01
1.000000000000000000e+01 3.193486928939819336e-01
1.100000000000000000e+01 2.698669433593750000e-01
1.200000000000000000e+01 2.228235900402069092e-01
1.300000000000000000e+01 1.780243664979934692e-01
1.400000000000000000e+01 1.351718157529830933e-01
1.500000000000000000e+01 9.429564327001571655e-02
1.600000000000000000e+01 5.554848536849021912e-02
1.700000000000000000e+01 1.883710362017154694e-02
1.800000000000000000e+01 -1.561017613857984543e-02
1.900000000000000000e+01 -4.792698845267295837e-02
2.000000000000000000e+01 -7.772499322891235352e-02
2.100000000000000000e+01 -1.050465777516365051e-01
2.200000000000000000e+01 -1.300212293863296509e-01
2.300000000000000000e+01 -1.520973891019821167e-01
2.400000000000000000e+01 -1.710606515407562256e-01
2.500000000000000000e+01 -1.870099604129791260e-01
2.600000000000000000e+01 -2.001673579216003418e-01
2.700000000000000000e+01 -2.104202210903167725e-01
2.800000000000000000e+01 -2.175643593072891235e-01
2.900000000000000000e+01 -2.221561670303344727e-01
3.000000000000000000e+01 -2.243634164333343506e-01
3.100000000000000000e+01 -2.242052257061004639e-01
3.200000000000000000e+01 -2.217461913824081421e-01
3.300000000000000000e+01 -2.172651588916778564e-01
3.400000000000000000e+01 -2.111643999814987183e-01
3.500000000000000000e+01 -2.038561552762985229e-01
3.600000000000000000e+01 -1.953178346157073975e-01
3.700000000000000000e+01 -1.857020556926727295e-01
3.800000000000000000e+01 -1.752277016639709473e-01
3.900000000000000000e+01 -1.637468189001083374e-01
4.000000000000000000e+01 -1.518559902906417847e-01
4.100000000000000000e+01 -1.397245377302169800e-01
4.200000000000000000e+01 -1.274496614933013916e-01
4.300000000000000000e+01 -1.149929538369178772e-01
4.400000000000000000e+01 -1.025516241788864136e-01
4.500000000000000000e+01 -9.024702757596969604e-02
4.600000000000000000e+01 -7.828966528177261353e-02
4.700000000000000000e+01 -6.638029217720031738e-02
4.800000000000000000e+01 -5.479848384857177734e-02
4.900000000000000000e+01 -4.359705746173858643e-02
5.000000000000000000e+01 -3.288634493947029114e-02
5.100000000000000000e+01 -2.283187583088874817e-02
5.200000000000000000e+01 -1.337247435003519058e-02
5.300000000000000000e+01 -4.710419103503227234e-03
5.400000000000000000e+01 3.466250374913215637e-03
5.500000000000000000e+01 1.102820597589015961e-02
5.600000000000000000e+01 1.809760741889476776e-02
5.700000000000000000e+01 2.460517548024654388e-02
5.800000000000000000e+01 3.045227564871311188e-02
5.900000000000000000e+01 3.547550737857818604e-02
6.000000000000000000e+01 3.988371416926383972e-02
6.100000000000000000e+01 4.402444511651992798e-02
6.200000000000000000e+01 4.775968939065933228e-02
6.300000000000000000e+01 5.088358744978904724e-02
6.400000000000000000e+01 5.303758010268211365e-02
6.500000000000000000e+01 5.460222810506820679e-02
6.600000000000000000e+01 5.590590462088584900e-02
6.700000000000000000e+01 5.648898705840110779e-02
6.800000000000000000e+01 5.656021088361740112e-02
6.900000000000000000e+01 5.613652989268302917e-02
7.000000000000000000e+01 5.508599057793617249e-02
7.100000000000000000e+01 5.358406528830528259e-02
7.200000000000000000e+01 5.174964666366577148e-02
7.300000000000000000e+01 4.945538192987442017e-02
7.400000000000000000e+01 4.690694808959960938e-02
7.500000000000000000e+01 4.398978874087333679e-02
7.600000000000000000e+01 4.080499708652496338e-02
7.700000000000000000e+01 3.786890581250190735e-02
7.800000000000000000e+01 3.502487391233444214e-02
7.900000000000000000e+01 3.242753446102142334e-02
8.000000000000000000e+01 2.984855510294437408e-02
8.100000000000000000e+01 2.736462093889713287e-02
8.200000000000000000e+01 2.520712651312351227e-02
8.300000000000000000e+01 2.255098894238471985e-02
8.400000000000000000e+01 2.001604624092578888e-02
8.500000000000000000e+01 1.775991357862949371e-02
8.600000000000000000e+01 1.559170614928007126e-02
8.700000000000000000e+01 1.354055292904376984e-02
8.800000000000000000e+01 1.171778701245784760e-02
8.900000000000000000e+01 9.678763337433338165e-03
9.000000000000000000e+01 7.501109503209590912e-03
9.100000000000000000e+01 5.178496241569519043e-03
9.200000000000000000e+01 2.348934067413210869e-03
9.300000000000000000e+01 -1.154723850049776956e-05
9.400000000000000000e+01 -1.884995726868510246e-03
9.500000000000000000e+01 -3.324504010379314423e-03
9.600000000000000000e+01 -5.134779959917068481e-03
9.700000000000000000e+01 -6.367188878357410431e-03
9.800000000000000000e+01 -5.957094021141529083e-03
9.900000000000000000e+01 -3.088031429797410965e-03
