1.000000000000000000e+00 1.000000000000000000e+00
2.000000000000000000e+00 8.690370321273803711e-01
3.000000000000000000e+00 7.698637843132019043e-01
4.000000000000000000e+00 6.858301162719726562e-01
5.000000000000000000e+00 6.110331416130065918e-01
6.000000000000000000e+00 5.426615476608276367e-01
7.000000000000000000e+00 4.794313609600067139e-01
8.000000000000000000e+00 4.205802381038665771e-01
9.000000000000000000e+00 3.652987778186798096e-01
1.000000000000000000e+01 3.131152689456939697e-01
1.100000000000000000e+01 2.638680636882781982e-01
1.200000000000000000e+01 2.169547230005264282e-01
1.300000000000000000e+01 1.722690910100936890e-01
1.400000000000000000e+01 1.297831386327743530e-01
1.500000000000000000e+01 8.937777578830718994e-02
1.600000000000000000e+01 5.096680298447608948e-02
1.700000000000000000e+01 1.451379340142011642e-02
1.800000000000000000e+01 -1.977177150547504425e-02
1.900000000000000000e+01 -5.163969844579696655e-02
2.000000000000000000e+01 -8.106823265552520752e-02
2.100000000000000000e+01 -1.078503578901290894e-01
2.200000000000000000e+01 -1.318690031766891479e-01
2.300000000000000000e+01 -1.531146764755249023e-01
2.400000000000000000e+01 -1.714481413364410400e-01
2.500000000000000000e+01 -1.866774857044219971e-01
2.600000000000000000e+01 -1.989887058734893799e-01
2.700000000000000000e+01 -2.085620909929275513e-01
2.800000000000000000e+01 -2.154489159584045410e-01
2.900000000000000000e+01 -2.198275476694107056e-01
3.000000000000000000e+01 -2.214949727058410645e-01
3.100000000000000000e+01 -2.208112925291061401e-01
3.200000000000000000e+01 -2.179404348134994507e-01
3.300000000000000000e+01 -2.131673544645309448e-01
3.400000000000000000e+01 -2.069336175918579102e-01
3.500000000000000000e+01 -1.991462558507919312e-01
3.600000000000000000e+01 -1.903172433376312256e-01
3.700000000000000000e+01 -1.805607676506042480e-01
3.800000000000000000e+01 -1.700314730405807495e-01
3.900000000000000000e+01 -1.587409973144531250e-01
4.000000000000000000e+01 -1.470094025135040283e-01
4.100000000000000000e+01 -1.347256153821945190e-01
4.200000000000000000e+01 -1.221766844391822815e-01
4.300000000000000000e+01 -1.096413135528564453e-01
4.400000000000000000e+01 -9.734687954187393188e-02
4.500000000000000000e+01 -8.499871194362640381e-02
4.600000000000000000e+01 -7.297936826944351196e-02
4.700000000000000000e+01 -6.095585227012634277e-02
4.800000000000000000e+01 -4.951288551092147827e-02
4.900000000000000000e+01 -3.859073668718338013e-02
5.000000000000000000e+01 -2.828647010028362274e-02
5.100000000000000000e+01 -1.861080713570117950e-02
5.200000000000000000e+01 -9.503911249339580536e-03
5.300000000000000000e+01 -9.877451229840517044e-04
5.400000000000000000e+01 7.039765827357769012e-03
5.500000000000000000e+01 1.406960468739271164e-02
5.600000000000000000e+01 2.070916257798671722e-02
5.700000000000000000e+01 2.682442404329776764e-02
5.800000000000000000e+01 3.262132406234741211e-02
5.900000000000000000e+01 3.798175230622291565e-02
6.000000000000000000e+01 4.261345788836479187e-02
6.100000000000000000e+01 4.633627459406852722e-02
6.200000000000000000e+01 4.932078719139099121e-02
6.300000000000000000e+01 5.193294584751129150e-02
6.400000000000000000e+01 5.383156985044479370e-02
6.500000000000000000e+01 5.530750378966331482e-02
6.600000000000000000e+01 5.615269392728805542e-02
6.700000000000000000e+01 5.637791007757186890e-02
6.800000000000000000e+01 5.582911893725395203e-02
6.900000000000000000e+01 5.470581352710723877e-02
7.000000000000000000e+01 5.317800492048263550e-02
7.100000000000000000e+01 5.145732313394546509e-02
7.200000000000000000e+01 4.946608468890190125e-02
7.300000000000000000e+01 4.750064387917518616e-02
7.400000000000000000e+01 4.529349878430366516e-02
7.500000000000000000e+01 4.298079013824462891e-02
7.600000000000000000e+01 4.063126444816589355e-02
7.700000000000000000e+01 3.791955113410949707e-02
7.800000000000000000e+01 3.577498346567153931e-02
7.900000000000000000e+01 3.339328244328498840e-02
8.000000000000000000e+01 3.096238523721694946e-02
8.100000000000000000e+01 2.841805294156074524e-02
8.200000000000000000e+01 2.586837299168109894e-02
8.300000000000000000e+01 2.358714304864406586e-02
8.400000000000000000e+01 2.104858309030532837e-02
8.500000000000000000e+01 1.821117661893367767e-02
8.600000000000000000e+01 1.532259862869977951e-02
8.700000000000000000e+01 1.239215116947889328e-02
8.800000000000000000e+01 9.602197445929050446e-03
8.900000000000000000e+01 6.909206509590148926e-03
9.000000000000000000e+01 4.250383470207452774e-03
9.100000000000000000e+01 1.444694469682872295e-03
9.200000000000000000e+01 -1.276819384656846523e-03
9.300000000000000000e+01 -2.837399253621697426e-03
9.400000000000000000e+01 -4.741811193525791168e-03
9.500000000000000000e+01 -7.080910261720418930e-03
9.600000000000000000e+01 -8.924270980060100555e-03
9.700000000000000000e+01 -1.024005468934774399e-02
9.800000000000000000e+01 -1.106011774390935898e-02
9.900000000000000000e+01 -1.086079701781272888e-02
