1.000000000000000000e+00 1.000000000000000000e+00
2.000000000000000000e+00 8.576087355613708496e-01
3.000000000000000000e+00 7.506837248802185059e-01
4.000000000000000000e+00 6.608034968376159668e-01
5.000000000000000000e+00 5.818133950233459473e-01
6.000000000000000000e+00 5.104485750198364258e-01
7.000000000000000000e+00 4.450204670429229736e-01
8.000000000000000000e+00 3.847588002681732178e-01
9.000000000000000000e+00 3.288433253765106201e-01
1.000000000000000000e+01 2.764753103256225586e-01
1.100000000000000000e+01 2.271719127893447876e-01
1.200000000000000000e+01 1.810686737298965454e-01
1.300000000000000000e+01 1.376814395189285278e-01
1.400000000000000000e+01 9.693233668804168701e-02
1.500000000000000000e+01 5.853938311338424683e-02
1.600000000000000000e+01 2.248920872807502747e-02
1.700000000000000000e+01 -1.106641720980405807e-02
1.800000000000000000e+01 -4.206283763051033020e-02
1.900000000000000000e+01 -7.017547637224197388e-02
2.000000000000000000e+01 -9.527654200792312622e-02
2.100000000000000000e+01 -1.173826232552528381e-01
2.200000000000000000e+01 -1.366958469152450562e-01
2.300000000000000000e+01 -1.532289236783981323e-01
2.400000000000000000e+01 -1.668942272663116455e-01
2.500000000000000000e+01 -1.776275783777236938e-01
2.600000000000000000e+01 -1.854910850524902344e-01
2.700000000000000000e+01 -1.904896795749664307e-01
2.800000000000000000e+01 -1.929523646831512451e-01
2.900000000000000000e+01 -1.932824850082397461e-01
3.000000000000000000e+01 -1.915310025215148926e-01
3.100000000000000000e+01 -1.880861818790435791e-01
3.200000000000000000e+01 -1.829135715961456299e-01
3.300000000000000000e+01 -1.761129796504974365e-01
3.400000000000000000e+01 -1.682158410549163818e-01
3.500000000000000000e+01 -1.595056653022766113e-01
3.600000000000000000e+01 -1.500213444232940674e-01
3.700000000000000000e+01 -1.398976445198059082e-01
3.800000000000000000e+01 -1.293540000915527344e-01
3.900000000000000000e+01 -1.184561252593994141e-01
4.000000000000000000e+01 -1.072107851505279541e-01
4.100000000000000000e+01 -9.611934423446655273e-02
4.200000000000000000e+01 -8.518874645233154297e-02
4.300000000000000000e+01 -7.437005639076232910e-02
4.400000000000000000e+01 -6.387788057327270508e-02
4.500000000000000000e+01 -5.333508923649787903e-02
4.600000000000000000e+01 -4.329892247915267944e-02
4.700000000000000000e+01 -3.361601382493972778e-02
4.800000000000000000e+01 -2.489279769361019135e-02
4.900000000000000000e+01 -1.637118868529796600e-02
5.000000000000000000e+01 -8.606097660958766937e-03
5.100000000000000000e+01 -1.245266641490161419e-03
5.200000000000000000e+01 5.580407101660966873e-03
5.300000000000000000e+01 1.137205585837364197e-02
5.400000000000000000e+01 1.671696081757545471e-02
5.500000000000000000e+01 2.160628512501716614e-02
5.600000000000000000e+01 2.601015195250511169e-02
5.700000000000000000e+01 2.989356219768524170e-02
5.800000000000000000e+01 3.347646817564964294e-02
5.900000000000000000e+01 3.635428100824356079e-02
6.000000000000000000e+01 3.882450610399246216e-02
6.100000000000000000e+01 4.074644297361373901e-02
6.200000000000000000e+01 4.225271567702293396e-02
6.300000000000000000e+01 4.313783347606658936e-02
6.400000000000000000e+01 4.358986392617225647e-02
6.500000000000000000e+01 4.348794743418693542e-02
6.600000000000000000e+01 4.298542067408561707e-02
6.700000000000000000e+01 4.173925146460533142e-02
6.800000000000000000e+01 4.023892059922218323e-02
6.900000000000000000e+01 3.875280544161796570e-02
7.000000000000000000e+01 3.687591478228569031e-02
7.100000000000000000e+01 3.457311168313026428e-02
7.200000000000000000e+01 3.234400227665901184e-02
7.300000000000000000e+01 2.988229319453239441e-02
7.400000000000000000e+01 2.698400802910327911e-02
7.500000000000000000e+01 2.415714040398597717e-02
7.600000000000000000e+01 2.115467935800552368e-02
7.700000000000000000e+01 1.823722757399082184e-02
7.800000000000000000e+01 1.530577056109905243e-02
7.900000000000000000e+01 1.256637740880250931e-02
8.000000000000000000e+01 9.408054873347282410e-03
8.100000000000000000e+01 7.113823667168617249e-03
8.200000000000000000e+01 5.115674342960119247e-03
8.300000000000000000e+01 3.083970630541443825e-03
8.400000000000000000e+01 1.477061538025736809e-03
8.500000000000000000e+01 2.927441382780671120e-04
8.600000000000000000e+01 -1.091512152925133705e-03
8.700000000000000000e+01 -2.637011697515845299e-03
8.800000000000000000e+01 -3.333987900987267494e-03
8.900000000000000000e+01 -4.840014502406120300e-03
9.000000000000000000e+01 -5.157887004315853119e-03
9.100000000000000000e+01 -5.819320213049650192e-03
9.200000000000000000e+01 -6.475354544818401337e-03
9.300000000000000000e+01 -6.385267712175846100e-03
9.400000000000000000e+01 -6.315011996775865555e-03
9.500000000000000000e+01 -8.026603609323501587e-03
9.600000000000000000e+01 -1.000433042645454407e-02
9.700000000000000000e+01 -1.073873229324817657e-02
9.800000000000000000e+01 -1.062327250838279724e-02
9.900000000000000000e+01 -1.234592497348785400e-02
