1.000000000000000000e+00 1.000000000000000000e+00
2.000000000000000000e+00 7.303651571273803711e-01
3.000000000000000000e+00 5.291780233383178711e-01
4.000000000000000000e+00 3.767371475696563721e-01
5.000000000000000000e+00 2.637352943420410156e-01
6.000000000000000000e+00 1.814561039209365845e-01
7.000000000000000000e+00 1.221908852458000183e-01
8.000000000000000000e+00 8.010935783386230469e-02
9.000000000000000000e+00 5.115756019949913025e-02
1.000000000000000000e+01 3.135396540164947510e-02
1.100000000000000000e+01 1.817792095243930817e-02
1.200000000000000000e+01 9.811987169086933136e-03
1.300000000000000000e+01 4.448857158422470093e-03
1.400000000000000000e+01 1.421952270902693272e-03
1.500000000000000000e+01 -5.925116129219532013e-04
1.600000000000000000e+01 -1.837253919802606106e-03
1.700000000000000000e+01 -2.563619753345847130e-03
1.800000000000000000e+01 -3.255489515140652657e-03
1.900000000000000000e+01 -3.070788457989692688e-03
2.000000000000000000e+01 -2.794236643239855766e-03
2.100000000000000000e+01 -2.384431660175323486e-03
2.200000000000000000e+01 -2.212124876677989960e-03
2.300000000000000000e+01 -2.050766488537192345e-03
2.400000000000000000e+01 -2.070760354399681091e-03
2.500000000000000000e+01 -2.431595930829644203e-03
2.600000000000000000e+01 -2.405811799690127373e-03
2.700000000000000000e+01 -2.595223952084779739e-03
2.800000000000000000e+01 -2.348413690924644470e-03
2.900000000000000000e+01 -1.995274098590016365e-03
3.000000000000000000e+01 -1.450142590329051018e-03
3.100000000000000000e+01 -3.629518905654549599e-04
3.200000000000000000e+01 4.735691763926297426e-04
3.300000000000000000e+01 5.751767894253134727e-04
3.400000000000000000e+01 6.518905865959823132e-04
3.500000000000000000e+01 2.921344130299985409e-04
3.600000000000000000e+01 1.200827909997315146e-06
3.700000000000000000e+01 -4.169689491391181946e-04
3.800000000000000000e+01 -1.130900578573346138e-03
3.900000000000000000e+01 -1.563873258419334888e-03
4.000000000000000000e+01 -1.414197846315801144e-03
4.100000000000000000e+01 -1.328016282059252262e-03
4.200000000000000000e+01 -1.132300589233636856e-03
4.300000000000000000e+01 -1.399904373101890087e-03
4.400000000000000000e+01 -1.243881997652351856e-03
4.500000000000000000e+01 -1.350227161310613155e-03
4.600000000000000000e+01 -1.814473303966224194e-03
4.700000000000000000e+01 -1.941363676451146603e-03
4.800000000000000000e+01 -1.695007900707423687e-03
4.900000000000000000e+01 -1.724782516248524189e-03
5.000000000000000000e+01 -1.622497919015586376e-03
5.100000000000000000e+01 -1.106429263018071651e-03
5.200000000000000000e+01 -5.561971920542418957e-04
5.300000000000000000e+01 -6.066378555260598660e-04
5.400000000000000000e+01 -8.240358147304505110e-05
5.500000000000000000e+01 5.192087264731526375e-04
5.600000000000000000e+01 7.005448569543659687e-04
5.700000000000000000e+01 3.498698642943054438e-04
5.800000000000000000e+01 -2.036006771959364414e-04
5.900000000000000000e+01 -4.768970829900354147e-04
6.000000000000000000e+01 -3.885947517119348049e-04
6.100000000000000000e+01 -5.003624828532338142e-04
6.200000000000000000e+01 -7.196389487944543362e-04
6.300000000000000000e+01 -9.800966363400220871e-04
6.400000000000000000e+01 -1.450898940674960613e-03
6.500000000000000000e+01 -1.180069288238883018e-03
6.600000000000000000e+01 -1.331779872998595238e-03
6.700000000000000000e+01 -1.606834470294415951e-03
6.800000000000000000e+01 -1.330736558884382248e-03
6.900000000000000000e+01 -1.236904063262045383e-03
7.000000000000000000e+01 -1.176059013232588768e-03
7.100000000000000000e+01 -1.015812740661203861e-03
7.200000000000000000e+01 -7.765336195006966591e-04
7.300000000000000000e+01 -8.866823627613484859e-04
7.400000000000000000e+01 -7.359533337876200676e-04
7.500000000000000000e+01 -9.270058944821357727e-04
7.600000000000000000e+01 -3.729799063876271248e-04
7.700000000000000000e+01 -3.064001793973147869e-04
7.800000000000000000e+01 -1.310657127760350704e-03
7.900000000000000000e+01 -2.218116773292422295e-03
8.000000000000000000e+01 -2.628595801070332527e-03
8.100000000000000000e+01 -2.693667309358716011e-03
8.200000000000000000e+01 -3.143751993775367737e-03
8.300000000000000000e+01 -2.296569524332880974e-03
8.400000000000000000e+01 -1.749683986417949200e-03
8.500000000000000000e+01 -9.779861429706215858e-04
8.600000000000000000e+01 -5.625016638077795506e-04
8.700000000000000000e+01 -3.246668493375182152e-04
8.800000000000000000e+01 -3.497267898637801409e-04
8.900000000000000000e+01 3.508114605210721493e-04
9.000000000000000000e+01 6.280767265707254410e-04
9.100000000000000000e+01 4.254726809449493885e-04
9.200000000000000000e+01 8.681088220328092575e-04
9.300000000000000000e+01 1.442251610569655895e-03
9.400000000000000000e+01 1.156933722086250782e-03
9.500000000000000000e+01 2.631396928336471319e-04
9.600000000000000000e+01 1.183453714475035667e-03
9.700000000000000000e+01 -6.755687063559889793e-04
9.800000000000000000e+01 1.133908750489354134e-03
9.900000000000000000e+01 2.418370917439460754e-03
