1.000000000000000000e+00 1.000000000000000000e+00
2.000000000000000000e+00 8.723657727241516113e-01
3.000000000000000000e+00 7.758968472480773926e-01
4.000000000000000000e+00 6.939695477485656738e-01
5.000000000000000000e+00 6.207630634307861328e-01
6.000000000000000000e+00 5.536826848983764648e-01
7.000000000000000000e+00 4.913731217384338379e-01
8.000000000000000000e+00 4.330354928970336914e-01
9.000000000000000000e+00 3.782716095447540283e-01
1.000000000000000000e+01 3.264596164226531982e-01
1.100000000000000000e+01 2.771762013435363770e-01
1.200000000000000000e+01 2.299642413854598999e-01
1.300000000000000000e+01 1.847533285617828369e-01
1.400000000000000000e+01 1.416591405868530273e-01
1.500000000000000000e+01 1.004513204097747803e-01
1.600000000000000000e+01 6.118822470307350159e-02
1.700000000000000000e+01 2.373723499476909637e-02
1.800000000000000000e+01 -1.152819301933050156e-02
1.900000000000000000e+01 -4.458194598555564880e-02
2.000000000000000000e+01 -7.506083697080612183e-02
2.100000000000000000e+01 -1.029264032840728760e-01
2.200000000000000000e+01 -1.283610761165618896e-01
2.300000000000000000e+01 -1.510894745588302612e-01
2.400000000000000000e+01 -1.710233390331268311e-01
2.500000000000000000e+01 -1.877433955669403076e-01
2.600000000000000000e+01 -2.016559392213821411e-01
2.700000000000000000e+01 -2.127133160829544067e-01
2.800000000000000000e+01 -2.209014594554901123e-01
2.900000000000000000e+01 -2.263581156730651855e-01
3.000000000000000000e+01 -2.295179665088653564e-01
3.100000000000000000e+01 -2.301796227693557739e-01
3.200000000000000000e+01 -2.286517024040222168e-01
3.300000000000000000e+01 -2.248223423957824707e-01
3.400000000000000000e+01 -2.190461456775665283e-01
3.500000000000000000e+01 -2.118443548679351807e-01
3.600000000000000000e+01 -2.031714767217636108e-01
3.700000000000000000e+01 -1.933549195528030396e-01
3.800000000000000000e+01 -1.825929582118988037e-01
3.900000000000000000e+01 -1.710997223854064941e-01
4.000000000000000000e+01 -1.590840816497802734e-01
4.100000000000000000e+01 -1.468915194272994995e-01
4.200000000000000000e+01 -1.342438459396362305e-01
4.300000000000000000e+01 -1.213569864630699158e-01
4.400000000000000000e+01 -1.085898801684379578e-01
4.500000000000000000e+01 -9.590073674917221069e-02
4.600000000000000000e+01 -8.358033001422882080e-02
4.700000000000000000e+01 -7.136835157871246338e-02
4.800000000000000000e+01 -5.962454155087471008e-02
4.900000000000000000e+01 -4.809622094035148621e-02
5.000000000000000000e+01 -3.711903467774391174e-02
5.100000000000000000e+01 -2.660747244954109192e-02
5.200000000000000000e+01 -1.661254651844501495e-02
5.300000000000000000e+01 -7.266870699822902679e-03
5.400000000000000000e+01 1.433182158507406712e-03
5.500000000000000000e+01 9.508525021374225616e-03
5.600000000000000000e+01 1.689971610903739929e-02
5.700000000000000000e+01 2.377279847860336304e-02
5.800000000000000000e+01 3.002553246915340424e-02
5.900000000000000000e+01 3.585426881909370422e-02
6.000000000000000000e+01 4.063229262828826904e-02
6.100000000000000000e+01 4.504606872797012329e-02
6.200000000000000000e+01 4.883039742708206177e-02
6.300000000000000000e+01 5.229710042476654053e-02
6.400000000000000000e+01 5.480263009667396545e-02
6.500000000000000000e+01 5.685549229383468628e-02
6.600000000000000000e+01 5.790691077709197998e-02
6.700000000000000000e+01 5.820523947477340698e-02
6.800000000000000000e+01 5.783450230956077576e-02
6.900000000000000000e+01 5.693529546260833740e-02
7.000000000000000000e+01 5.585850775241851807e-02
7.100000000000000000e+01 5.432112142443656921e-02
7.200000000000000000e+01 5.235628783702850342e-02
7.300000000000000000e+01 5.010152608156204224e-02
7.400000000000000000e+01 4.793730378150939941e-02
7.500000000000000000e+01 4.543516039848327637e-02
7.600000000000000000e+01 4.283195734024047852e-02
7.700000000000000000e+01 4.024276882410049438e-02
7.800000000000000000e+01 3.753200545907020569e-02
7.900000000000000000e+01 3.456482663750648499e-02
8.000000000000000000e+01 3.196314349770545959e-02
8.100000000000000000e+01 2.958134189248085022e-02
8.200000000000000000e+01 2.708347700536251068e-02
8.300000000000000000e+01 2.428476326167583466e-02
8.400000000000000000e+01 2.149005420506000519e-02
8.500000000000000000e+01 1.865934021770954132e-02
8.600000000000000000e+01 1.613012328743934631e-02
8.700000000000000000e+01 1.352908834815025330e-02
8.800000000000000000e+01 1.133977901190519333e-02
8.900000000000000000e+01 8.876885287463665009e-03
9.000000000000000000e+01 6.279989611357450485e-03
9.100000000000000000e+01 4.000015556812286377e-03
9.200000000000000000e+01 1.625480246730148792e-03
9.300000000000000000e+01 -5.051974439993500710e-04
9.400000000000000000e+01 -2.079315716400742531e-03
9.500000000000000000e+01 -3.360110800713300705e-03
9.600000000000000000e+01 -3.923777025192975998e-03
9.700000000000000000e+01 -3.190759569406509399e-03
9.800000000000000000e+01 -2.198896836489439011e-03
9.900000000000000000e+01 -1.751685864292085171e-03
