1.000000000000000000e+00 1.000000000000000000e+00
2.000000000000000000e+00 8.709594607353210449e-01
3.000000000000000000e+00 7.732642292976379395e-01
4.000000000000000000e+00 6.906641721725463867e-01
5.000000000000000000e+00 6.168889403343200684e-01
6.000000000000000000e+00 5.494493842124938965e-01
7.000000000000000000e+00 4.868461787700653076e-01
8.000000000000000000e+00 4.284606277942657471e-01
9.000000000000000000e+00 3.735172152519226074e-01
1.000000000000000000e+01 3.215781152248382568e-01
1.100000000000000000e+01 2.720773816108703613e-01
1.200000000000000000e+01 2.250582873821258545e-01
1.300000000000000000e+01 1.800365298986434937e-01
1.400000000000000000e+01 1.371822804212570190e-01
1.500000000000000000e+01 9.606612473726272583e-02
1.600000000000000000e+01 5.699905753135681152e-02
1.700000000000000000e+01 2.004798501729965210e-02
1.800000000000000000e+01 -1.485285349190235138e-02
1.900000000000000000e+01 -4.736321419477462769e-02
2.000000000000000000e+01 -7.758692651987075806e-02
2.100000000000000000e+01 -1.053674966096878052e-01
2.200000000000000000e+01 -1.301831305027008057e-01
2.300000000000000000e+01 -1.521684825420379639e-01
2.400000000000000000e+01 -1.713380962610244751e-01
2.500000000000000000e+01 -1.876938343048095703e-01
2.600000000000000000e+01 -2.009707540273666382e-01
2.700000000000000000e+01 -2.116236686706542969e-01
2.800000000000000000e+01 -2.195217162370681763e-01
2.900000000000000000e+01 -2.246691435575485229e-01
3.000000000000000000e+01 -2.270745038986206055e-01
3.100000000000000000e+01 -2.268593758344650269e-01
3.200000000000000000e+01 -2.245523184537887573e-01
3.300000000000000000e+01 -2.202173769474029541e-01
3.400000000000000000e+01 -2.141982764005661011e-01
3.500000000000000000e+01 -2.066521346569061279e-01
3.600000000000000000e+01 -1.978968083858489990e-01
3.700000000000000000e+01 -1.881218850612640381e-01
3.800000000000000000e+01 -1.773540377616882324e-01
3.900000000000000000e+01 -1.659983545541763306e-01
4.000000000000000000e+01 -1.541376113891601562e-01
4.100000000000000000e+01 -1.420395225286483765e-01
4.200000000000000000e+01 -1.296860575675964355e-01
4.300000000000000000e+01 -1.169469878077507019e-01
4.400000000000000000e+01 -1.041083931922912598e-01
4.500000000000000000e+01 -9.149616956710815430e-02
4.600000000000000000e+01 -7.913738489151000977e-02
4.700000000000000000e+01 -6.724072247743606567e-02
4.800000000000000000e+01 -5.567840486764907837e-02
4.900000000000000000e+01 -4.456975683569908142e-02
5.000000000000000000e+01 -3.378719836473464966e-02
5.100000000000000000e+01 -2.332551218569278717e-02
5.200000000000000000e+01 -1.356768608093261719e-02
5.300000000000000000e+01 -4.537704866379499435e-03
5.400000000000000000e+01 3.889634041115641594e-03
5.500000000000000000e+01 1.155251916497945786e-02
5.600000000000000000e+01 1.875674724578857422e-02
5.700000000000000000e+01 2.527186274528503418e-02
5.800000000000000000e+01 3.164726123213768005e-02
5.900000000000000000e+01 3.712435066699981689e-02
6.000000000000000000e+01 4.212977364659309387e-02
6.100000000000000000e+01 4.644816368818283081e-02
6.200000000000000000e+01 5.024254694581031799e-02
6.300000000000000000e+01 5.302374437451362610e-02
6.400000000000000000e+01 5.525539815425872803e-02
6.500000000000000000e+01 5.693067982792854309e-02
6.600000000000000000e+01 5.774808675050735474e-02
6.700000000000000000e+01 5.803894996643066406e-02
6.800000000000000000e+01 5.762298405170440674e-02
6.900000000000000000e+01 5.674556270241737366e-02
7.000000000000000000e+01 5.540079250931739807e-02
7.100000000000000000e+01 5.364499986171722412e-02
7.200000000000000000e+01 5.173350498080253601e-02
7.300000000000000000e+01 4.947217553853988647e-02
7.400000000000000000e+01 4.690337181091308594e-02
7.500000000000000000e+01 4.397210478782653809e-02
7.600000000000000000e+01 4.079834371805191040e-02
7.700000000000000000e+01 3.779489919543266296e-02
7.800000000000000000e+01 3.459148481488227844e-02
7.900000000000000000e+01 3.170510008931159973e-02
8.000000000000000000e+01 2.870048396289348602e-02
8.100000000000000000e+01 2.601161785423755646e-02
8.200000000000000000e+01 2.347817458212375641e-02
8.300000000000000000e+01 2.111812867224216461e-02
8.400000000000000000e+01 1.885322481393814087e-02
8.500000000000000000e+01 1.686476543545722961e-02
8.600000000000000000e+01 1.457686722278594971e-02
8.700000000000000000e+01 1.225956436246633530e-02
8.800000000000000000e+01 9.812748990952968597e-03
8.900000000000000000e+01 7.622753269970417023e-03
9.000000000000000000e+01 5.287788808345794678e-03
9.100000000000000000e+01 3.251586342230439186e-03
9.200000000000000000e+01 1.517195487394928932e-03
9.300000000000000000e+01 -3.578730102162808180e-04
9.400000000000000000e+01 -2.211611252278089523e-03
9.500000000000000000e+01 -3.151299431920051575e-03
9.600000000000000000e+01 -4.350247792899608612e-03
9.700000000000000000e+01 -5.734224338084459305e-03
9.800000000000000000e+01 -8.001583628356456757e-03
9.900000000000000000e+01 -8.323821239173412323e-03
