1.000000000000000000e+00 1.000000000000000000e+00
2.000000000000000000e+00 8.450498580932617188e-01
3.000000000000000000e+00 7.293809056282043457e-01
4.000000000000000000e+00 6.334350705146789551e-01
5.000000000000000000e+00 5.498778820037841797e-01
6.000000000000000000e+00 4.754557609558105469e-01
7.000000000000000000e+00 4.082161486148834229e-01
8.000000000000000000e+00 3.468760550022125244e-01
9.000000000000000000e+00 2.907714843750000000e-01
1.000000000000000000e+01 2.391362488269805908e-01
1.100000000000000000e+01 1.911614686250686646e-01
1.200000000000000000e+01 1.466657519340515137e-01
1.300000000000000000e+01 1.052363961935043335e-01
1.400000000000000000e+01 6.708239763975143433e-02
1.500000000000000000e+01 3.184869140386581421e-02
1.600000000000000000e+01 -5.002495599910616875e-04
1.700000000000000000e+01 -2.984876371920108795e-02
1.800000000000000000e+01 -5.623852834105491638e-02
1.900000000000000000e+01 -7.974329590797424316e-02
2.000000000000000000e+01 -1.003749296069145203e-01
2.100000000000000000e+01 -1.177849322557449341e-01
2.200000000000000000e+01 -1.323889344930648804e-01
2.300000000000000000e+01 -1.442229151725769043e-01
2.400000000000000000e+01 -1.534272134304046631e-01
2.500000000000000000e+01 -1.599861830472946167e-01
2.600000000000000000e+01 -1.638172119855880737e-01
2.700000000000000000e+01 -1.653953939676284790e-01
2.800000000000000000e+01 -1.647429317235946655e-01
2.900000000000000000e+01 -1.621437668800354004e-01
3.000000000000000000e+01 -1.580268591642379761e-01
3.100000000000000000e+01 -1.522380858659744263e-01
3.200000000000000000e+01 -1.457679569721221924e-01
3.300000000000000000e+01 -1.384456455707550049e-01
3.400000000000000000e+01 -1.300516575574874878e-01
3.500000000000000000e+01 -1.210634112358093262e-01
3.600000000000000000e+01 -1.117815077304840088e-01
3.700000000000000000e+01 -1.023563519120216370e-01
3.800000000000000000e+01 -9.265793114900588989e-02
3.900000000000000000e+01 -8.295373618602752686e-02
4.000000000000000000e+01 -7.291984558105468750e-02
4.100000000000000000e+01 -6.276929378509521484e-02
4.200000000000000000e+01 -5.307789146900177002e-02
4.300000000000000000e+01 -4.379116371273994446e-02
4.400000000000000000e+01 -3.495559096336364746e-02
4.500000000000000000e+01 -2.649015933275222778e-02
4.600000000000000000e+01 -1.881204172968864441e-02
4.700000000000000000e+01 -1.176138874143362045e-02
4.800000000000000000e+01 -5.413794890046119690e-03
4.900000000000000000e+01 5.649109371006488800e-04
5.000000000000000000e+01 5.649833474308252335e-03
5.100000000000000000e+01 1.031291484832763672e-02
5.200000000000000000e+01 1.429539825767278671e-02
5.300000000000000000e+01 1.772004179656505585e-02
5.400000000000000000e+01 2.088301815092563629e-02
5.500000000000000000e+01 2.336021885275840759e-02
5.600000000000000000e+01 2.550601400434970856e-02
5.700000000000000000e+01 2.699294313788414001e-02
5.800000000000000000e+01 2.824709750711917877e-02
5.900000000000000000e+01 2.926154434680938721e-02
6.000000000000000000e+01 2.985863015055656433e-02
6.100000000000000000e+01 3.013659082353115082e-02
6.200000000000000000e+01 2.986914105713367462e-02
6.300000000000000000e+01 2.951840497553348541e-02
6.400000000000000000e+01 2.858110144734382629e-02
6.500000000000000000e+01 2.762695960700511932e-02
6.600000000000000000e+01 2.622183971107006073e-02
6.700000000000000000e+01 2.477448247373104095e-02
6.800000000000000000e+01 2.330269850790500641e-02
6.900000000000000000e+01 2.185475826263427734e-02
7.000000000000000000e+01 2.032405510544776917e-02
7.100000000000000000e+01 1.829899847507476807e-02
7.200000000000000000e+01 1.626388728618621826e-02
7.300000000000000000e+01 1.413423568010330200e-02
7.400000000000000000e+01 1.247736532241106033e-02
7.500000000000000000e+01 1.037704199552536011e-02
7.600000000000000000e+01 8.331247605383396149e-03
7.700000000000000000e+01 6.399833131581544876e-03
7.800000000000000000e+01 4.510840866714715958e-03
7.900000000000000000e+01 2.770725870504975319e-03
8.000000000000000000e+01 7.831348339095711708e-04
8.100000000000000000e+01 -1.227100729010999203e-03
8.200000000000000000e+01 -2.828797325491905212e-03
8.300000000000000000e+01 -4.712031222879886627e-03
8.400000000000000000e+01 -6.223881617188453674e-03
8.500000000000000000e+01 -7.662661839276552200e-03
8.600000000000000000e+01 -8.542311377823352814e-03
8.700000000000000000e+01 -9.361560456454753876e-03
8.800000000000000000e+01 -9.763544425368309021e-03
8.900000000000000000e+01 -1.012117695063352585e-02
9.000000000000000000e+01 -1.085107401013374329e-02
9.100000000000000000e+01 -1.052223797887563705e-02
9.200000000000000000e+01 -1.044745370745658875e-02
9.300000000000000000e+01 -9.862457402050495148e-03
9.400000000000000000e+01 -9.180540218949317932e-03
9.500000000000000000e+01 -9.217597544193267822e-03
9.600000000000000000e+01 -9.125323034822940826e-03
9.700000000000000000e+01 -7.844165898859500885e-03
9.800000000000000000e+01 -7.261415012180805206e-03
9.900000000000000000e+01 -4.984312225133180618e-03
