1.000000000000000000e+00 1.000000000000000000e+00
2.000000000000000000e+00 8.525713682174682617e-01
3.000000000000000000e+00 7.421366572380065918e-01
4.000000000000000000e+00 6.499130725860595703e-01
5.000000000000000000e+00 5.690044164657592773e-01
6.000000000000000000e+00 4.962067902088165283e-01
7.000000000000000000e+00 4.299750924110412598e-01
8.000000000000000000e+00 3.692531585693359375e-01
9.000000000000000000e+00 3.132261335849761963e-01
1.000000000000000000e+01 2.611000835895538330e-01
1.100000000000000000e+01 2.126061767339706421e-01
1.200000000000000000e+01 1.671801656484603882e-01
1.300000000000000000e+01 1.245439276099205017e-01
1.400000000000000000e+01 8.458861708641052246e-02
1.500000000000000000e+01 4.712985455989837646e-02
1.600000000000000000e+01 1.254631672054529190e-02
1.700000000000000000e+01 -1.936733536422252655e-02
1.800000000000000000e+01 -4.843544587492942810e-02
1.900000000000000000e+01 -7.459572702646255493e-02
2.000000000000000000e+01 -9.793572872877120972e-02
2.100000000000000000e+01 -1.183335557579994202e-01
2.200000000000000000e+01 -1.356842070817947388e-01
2.300000000000000000e+01 -1.501748412847518921e-01
2.400000000000000000e+01 -1.618783771991729736e-01
2.500000000000000000e+01 -1.706523746252059937e-01
2.600000000000000000e+01 -1.768624037504196167e-01
2.700000000000000000e+01 -1.802717298269271851e-01
2.800000000000000000e+01 -1.815195381641387939e-01
2.900000000000000000e+01 -1.805460304021835327e-01
3.000000000000000000e+01 -1.776991039514541626e-01
3.100000000000000000e+01 -1.730747669935226440e-01
3.200000000000000000e+01 -1.670950055122375488e-01
3.300000000000000000e+01 -1.599276512861251831e-01
3.400000000000000000e+01 -1.518779695034027100e-01
3.500000000000000000e+01 -1.428887248039245605e-01
3.600000000000000000e+01 -1.330651491880416870e-01
3.700000000000000000e+01 -1.229736581444740295e-01
3.800000000000000000e+01 -1.128431856632232666e-01
3.900000000000000000e+01 -1.026360914111137390e-01
4.000000000000000000e+01 -9.214657545089721680e-02
4.100000000000000000e+01 -8.177694678306579590e-02
4.200000000000000000e+01 -7.178963720798492432e-02
4.300000000000000000e+01 -6.174996495246887207e-02
4.400000000000000000e+01 -5.185708403587341309e-02
4.500000000000000000e+01 -4.241337999701499939e-02
4.600000000000000000e+01 -3.347491100430488586e-02
4.700000000000000000e+01 -2.484780922532081604e-02
4.800000000000000000e+01 -1.700297743082046509e-02
4.900000000000000000e+01 -9.658252820372581482e-03
5.000000000000000000e+01 -2.944953273981809616e-03
5.100000000000000000e+01 3.285413607954978943e-03
5.200000000000000000e+01 9.345295839011669159e-03
5.300000000000000000e+01 1.455003675073385239e-02
5.400000000000000000e+01 1.890302263200283051e-02
5.500000000000000000e+01 2.268071472644805908e-02
5.600000000000000000e+01 2.602186985313892365e-02
5.700000000000000000e+01 2.907801978290081024e-02
5.800000000000000000e+01 3.156894445419311523e-02
5.900000000000000000e+01 3.356241062283515930e-02
6.000000000000000000e+01 3.514677658677101135e-02
6.100000000000000000e+01 3.623364865779876709e-02
6.200000000000000000e+01 3.678074479103088379e-02
6.300000000000000000e+01 3.725316375494003296e-02
6.400000000000000000e+01 3.702075779438018799e-02
6.500000000000000000e+01 3.653130680322647095e-02
6.600000000000000000e+01 3.553341701626777649e-02
6.700000000000000000e+01 3.399296104907989502e-02
6.800000000000000000e+01 3.185948356986045837e-02
6.900000000000000000e+01 2.956257015466690063e-02
7.000000000000000000e+01 2.712798118591308594e-02
7.100000000000000000e+01 2.496670186519622803e-02
7.200000000000000000e+01 2.299053221940994263e-02
7.300000000000000000e+01 2.083230204880237579e-02
7.400000000000000000e+01 1.869865134358406067e-02
7.500000000000000000e+01 1.657389849424362183e-02
7.600000000000000000e+01 1.420638337731361389e-02
7.700000000000000000e+01 1.205449923872947693e-02
7.800000000000000000e+01 9.977447800338268280e-03
7.900000000000000000e+01 7.917186245322227478e-03
8.000000000000000000e+01 5.817601457238197327e-03
8.100000000000000000e+01 3.730332013219594955e-03
8.200000000000000000e+01 1.427486538887023926e-03
8.300000000000000000e+01 -5.945290322415530682e-04
8.400000000000000000e+01 -2.182314405217766762e-03
8.500000000000000000e+01 -3.876602742820978165e-03
8.600000000000000000e+01 -5.672133062034845352e-03
8.700000000000000000e+01 -6.432328373193740845e-03
8.800000000000000000e+01 -6.773343309760093689e-03
8.900000000000000000e+01 -7.221249863505363464e-03
9.000000000000000000e+01 -7.525182329118251801e-03
9.100000000000000000e+01 -7.388918194919824600e-03
9.200000000000000000e+01 -7.361666299402713776e-03
9.300000000000000000e+01 -7.767711300402879715e-03
9.400000000000000000e+01 -8.177815005183219910e-03
9.500000000000000000e+01 -8.485318161547183990e-03
9.600000000000000000e+01 -9.109621867537498474e-03
9.700000000000000000e+01 -9.710959158837795258e-03
9.800000000000000000e+01 -9.128867648541927338e-03
9.900000000000000000e+01 -5.863848142325878143e-03
