1.000000000000000000e+00 1.000000000000000000e+00
2.000000000000000000e+00 8.728817105293273926e-01
3.000000000000000000e+00 7.766864299774169922e-01
4.000000000000000000e+00 6.947992444038391113e-01
5.000000000000000000e+00 6.216366887092590332e-01
6.000000000000000000e+00 5.546389818191528320e-01
7.000000000000000000e+00 4.924696087837219238e-01
8.000000000000000000e+00 4.345879852771759033e-01
9.000000000000000000e+00 3.801560699939727783e-01
1.000000000000000000e+01 3.283501267433166504e-01
1.100000000000000000e+01 2.790260910987854004e-01
1.200000000000000000e+01 2.321530431509017944e-01
1.300000000000000000e+01 1.870247423648834229e-01
1.400000000000000000e+01 1.437350213527679443e-01
1.500000000000000000e+01 1.026123091578483582e-01
1.600000000000000000e+01 6.334254890680313110e-02
1.700000000000000000e+01 2.600502409040927887e-02
1.800000000000000000e+01 -9.546218439936637878e-03
1.900000000000000000e+01 -4.283007979393005371e-02
2.000000000000000000e+01 -7.397208362817764282e-02
2.100000000000000000e+01 -1.025426536798477173e-01
2.200000000000000000e+01 -1.283549517393112183e-01
2.300000000000000000e+01 -1.512007862329483032e-01
2.400000000000000000e+01 -1.710242480039596558e-01
2.500000000000000000e+01 -1.879359930753707886e-01
2.600000000000000000e+01 -2.020777612924575806e-01
2.700000000000000000e+01 -2.131419032812118530e-01
2.800000000000000000e+01 -2.214476168155670166e-01
2.900000000000000000e+01 -2.269757241010665894e-01
3.000000000000000000e+01 -2.300419360399246216e-01
3.100000000000000000e+01 -2.308318316936492920e-01
3.200000000000000000e+01 -2.291395962238311768e-01
3.300000000000000000e+01 -2.254785150289535522e-01
3.400000000000000000e+01 -2.200188487768173218e-01
3.500000000000000000e+01 -2.128162980079650879e-01
3.600000000000000000e+01 -2.043155580759048462e-01
3.700000000000000000e+01 -1.947435587644577026e-01
3.800000000000000000e+01 -1.842058897018432617e-01
3.900000000000000000e+01 -1.728941798210144043e-01
4.000000000000000000e+01 -1.610141247510910034e-01
4.100000000000000000e+01 -1.485789120197296143e-01
4.200000000000000000e+01 -1.359577029943466187e-01
4.300000000000000000e+01 -1.234543621540069580e-01
4.400000000000000000e+01 -1.108748391270637512e-01
4.500000000000000000e+01 -9.830442816019058228e-02
4.600000000000000000e+01 -8.590491861104965210e-02
4.700000000000000000e+01 -7.374019920825958252e-02
4.800000000000000000e+01 -6.188068166375160217e-02
4.900000000000000000e+01 -5.043093115091323853e-02
5.000000000000000000e+01 -3.953977674245834351e-02
5.100000000000000000e+01 -2.890118397772312164e-02
5.200000000000000000e+01 -1.881726086139678955e-02
5.300000000000000000e+01 -9.353476576507091522e-03
5.400000000000000000e+01 -5.608211504295468330e-04
5.500000000000000000e+01 7.678292226046323776e-03
5.600000000000000000e+01 1.531624794006347656e-02
5.700000000000000000e+01 2.221950702369213104e-02
5.800000000000000000e+01 2.839765325188636780e-02
5.900000000000000000e+01 3.400914371013641357e-02
6.000000000000000000e+01 3.931529447436332703e-02
6.100000000000000000e+01 4.395662620663642883e-02
6.200000000000000000e+01 4.769118130207061768e-02
6.300000000000000000e+01 5.080403760075569153e-02
6.400000000000000000e+01 5.343607813119888306e-02
6.500000000000000000e+01 5.540979281067848206e-02
6.600000000000000000e+01 5.687314271926879883e-02
6.700000000000000000e+01 5.801447853446006775e-02
6.800000000000000000e+01 5.872274935245513916e-02
6.900000000000000000e+01 5.885954573750495911e-02
7.000000000000000000e+01 5.807699263095855713e-02
7.100000000000000000e+01 5.662903562188148499e-02
7.200000000000000000e+01 5.500804632902145386e-02
7.300000000000000000e+01 5.323937907814979553e-02
7.400000000000000000e+01 5.098190903663635254e-02
7.500000000000000000e+01 4.837421327829360962e-02
7.600000000000000000e+01 4.600582644343376160e-02
7.700000000000000000e+01 4.355776309967041016e-02
7.800000000000000000e+01 4.061965644359588623e-02
7.900000000000000000e+01 3.745932504534721375e-02
8.000000000000000000e+01 3.432172164320945740e-02
8.100000000000000000e+01 3.061383031308650970e-02
8.200000000000000000e+01 2.740945108234882355e-02
8.300000000000000000e+01 2.437015809118747711e-02
8.400000000000000000e+01 2.109394595026969910e-02
8.500000000000000000e+01 1.805425807833671570e-02
8.600000000000000000e+01 1.537171937525272369e-02
8.700000000000000000e+01 1.279960665851831436e-02
8.800000000000000000e+01 1.041579619050025940e-02
8.900000000000000000e+01 7.911073043942451477e-03
9.000000000000000000e+01 6.167273968458175659e-03
9.100000000000000000e+01 4.706407897174358368e-03
9.200000000000000000e+01 4.001887049525976181e-03
9.300000000000000000e+01 2.451417502015829086e-03
9.400000000000000000e+01 1.139631960541009903e-03
9.500000000000000000e+01 -4.586191207636147738e-04
9.600000000000000000e+01 -1.547475694678723812e-03
9.700000000000000000e+01 -3.233193652704358101e-03
9.800000000000000000e+01 -3.699716180562973022e-03
9.900000000000000000e+01 -4.324291832745075226e-03
