1.000000000000000000e+00 1.000000000000000000e+00
2.000000000000000000e+00 8.597227931022644043e-01
3.000000000000000000e+00 7.543154358863830566e-01
4.000000000000000000e+00 6.655216217041015625e-01
5.000000000000000000e+00 5.872080326080322266e-01
6.000000000000000000e+00 5.162034630775451660e-01
7.000000000000000000e+00 4.511845707893371582e-01
8.000000000000000000e+00 3.912006318569183350e-01
9.000000000000000000e+00 3.352058231830596924e-01
1.000000000000000000e+01 2.829601168632507324e-01
1.100000000000000000e+01 2.338065505027770996e-01
1.200000000000000000e+01 1.875399202108383179e-01
1.300000000000000000e+01 1.438470780849456787e-01
1.400000000000000000e+01 1.025828942656517029e-01
1.500000000000000000e+01 6.349874287843704224e-02
1.600000000000000000e+01 2.704508788883686066e-02
1.700000000000000000e+01 -6.906703580170869827e-03
1.800000000000000000e+01 -3.823954239487648010e-02
1.900000000000000000e+01 -6.687993556261062622e-02
2.000000000000000000e+01 -9.291274100542068481e-02
2.100000000000000000e+01 -1.161045804619789124e-01
2.200000000000000000e+01 -1.365535706281661987e-01
2.300000000000000000e+01 -1.538520157337188721e-01
2.400000000000000000e+01 -1.682527065277099609e-01
2.500000000000000000e+01 -1.797496527433395386e-01
2.600000000000000000e+01 -1.883660852909088135e-01
2.700000000000000000e+01 -1.942784488201141357e-01
2.800000000000000000e+01 -1.975336223840713501e-01
2.900000000000000000e+01 -1.984549015760421753e-01
3.000000000000000000e+01 -1.973398178815841675e-01
3.100000000000000000e+01 -1.941947937011718750e-01
3.200000000000000000e+01 -1.893719136714935303e-01
3.300000000000000000e+01 -1.830527484416961670e-01
3.400000000000000000e+01 -1.754993647336959839e-01
3.500000000000000000e+01 -1.668512523174285889e-01
3.600000000000000000e+01 -1.573117375373840332e-01
3.700000000000000000e+01 -1.470794975757598877e-01
3.800000000000000000e+01 -1.363980025053024292e-01
3.900000000000000000e+01 -1.252898722887039185e-01
4.000000000000000000e+01 -1.141871884465217590e-01
4.100000000000000000e+01 -1.031755656003952026e-01
4.200000000000000000e+01 -9.207388758659362793e-02
4.300000000000000000e+01 -8.113142102956771851e-02
4.400000000000000000e+01 -7.057425379753112793e-02
4.500000000000000000e+01 -6.013701856136322021e-02
4.600000000000000000e+01 -4.995805025100708008e-02
4.700000000000000000e+01 -4.027220606803894043e-02
4.800000000000000000e+01 -3.086938150227069855e-02
4.900000000000000000e+01 -2.202109806239604950e-02
5.000000000000000000e+01 -1.382335182279348373e-02
5.100000000000000000e+01 -5.899228155612945557e-03
5.200000000000000000e+01 1.381176523864269257e-03
5.300000000000000000e+01 8.325841277837753296e-03
5.400000000000000000e+01 1.455345191061496735e-02
5.500000000000000000e+01 2.024297043681144714e-02
5.600000000000000000e+01 2.520943433046340942e-02
5.700000000000000000e+01 2.959814481437206268e-02
5.800000000000000000e+01 3.354752808809280396e-02
5.900000000000000000e+01 3.675216436386108398e-02
6.000000000000000000e+01 3.951516747474670410e-02
6.100000000000000000e+01 4.171923175454139709e-02
6.200000000000000000e+01 4.321041703224182129e-02
6.300000000000000000e+01 4.438853636384010315e-02
6.400000000000000000e+01 4.508719593286514282e-02
6.500000000000000000e+01 4.534472897648811340e-02
6.600000000000000000e+01 4.484531655907630920e-02
6.700000000000000000e+01 4.391196370124816895e-02
6.800000000000000000e+01 4.249677434563636780e-02
6.900000000000000000e+01 4.078687727451324463e-02
7.000000000000000000e+01 3.882401064038276672e-02
7.100000000000000000e+01 3.655276075005531311e-02
7.200000000000000000e+01 3.398416936397552490e-02
7.300000000000000000e+01 3.147957101464271545e-02
7.400000000000000000e+01 2.908702008426189423e-02
7.500000000000000000e+01 2.668759599328041077e-02
7.600000000000000000e+01 2.412449568510055542e-02
7.700000000000000000e+01 2.146044000983238220e-02
7.800000000000000000e+01 1.894442550837993622e-02
7.900000000000000000e+01 1.632912643253803253e-02
8.000000000000000000e+01 1.392153184860944748e-02
8.100000000000000000e+01 1.181069295853376389e-02
8.200000000000000000e+01 1.006249617785215378e-02
8.300000000000000000e+01 8.411984890699386597e-03
8.400000000000000000e+01 7.132449187338352203e-03
8.500000000000000000e+01 5.682512186467647552e-03
8.600000000000000000e+01 3.847006708383560181e-03
8.700000000000000000e+01 1.505845109932124615e-03
8.800000000000000000e+01 -4.593795165419578552e-04
8.900000000000000000e+01 -2.461480908095836639e-03
9.000000000000000000e+01 -4.825393669307231903e-03
9.100000000000000000e+01 -6.482101045548915863e-03
9.200000000000000000e+01 -7.625258527696132660e-03
9.300000000000000000e+01 -8.743776939809322357e-03
9.400000000000000000e+01 -9.385623969137668610e-03
9.500000000000000000e+01 -9.998216293752193451e-03
9.600000000000000000e+01 -1.011456642299890518e-02
9.700000000000000000e+01 -1.019871700555086136e-02
9.800000000000000000e+01 -1.115003600716590881e-02
9.900000000000000000e+01 -1.217209361493587494e-02
