1.000000000000000000e+00 1.000000000000000000e+00
2.000000000000000000e+00 8.721604347229003906e-01
3.000000000000000000e+00 7.753701210021972656e-01
4.000000000000000000e+00 6.934369802474975586e-01
5.000000000000000000e+00 6.200810074806213379e-01
6.000000000000000000e+00 5.529291033744812012e-01
7.000000000000000000e+00 4.906484186649322510e-01
8.000000000000000000e+00 4.325454533100128174e-01
9.000000000000000000e+00 3.778170049190521240e-01
1.000000000000000000e+01 3.260625600814819336e-01
1.100000000000000000e+01 2.768100202083587646e-01
1.200000000000000000e+01 2.297765761613845825e-01
1.300000000000000000e+01 1.847424358129501343e-01
1.400000000000000000e+01 1.417143493890762329e-01
1.500000000000000000e+01 1.007040739059448242e-01
1.600000000000000000e+01 6.132812052965164185e-02
1.700000000000000000e+01 2.405642718076705933e-02
1.800000000000000000e+01 -1.121599413454532623e-02
1.900000000000000000e+01 -4.419070109724998474e-02
2.000000000000000000e+01 -7.473534345626831055e-02
2.100000000000000000e+01 -1.030230224132537842e-01
2.200000000000000000e+01 -1.284454911947250366e-01
2.300000000000000000e+01 -1.510509699583053589e-01
2.400000000000000000e+01 -1.707099527120590210e-01
2.500000000000000000e+01 -1.875940412282943726e-01
2.600000000000000000e+01 -2.013975232839584351e-01
2.700000000000000000e+01 -2.122298181056976318e-01
2.800000000000000000e+01 -2.203020900487899780e-01
2.900000000000000000e+01 -2.255735844373703003e-01
3.000000000000000000e+01 -2.286300510168075562e-01
3.100000000000000000e+01 -2.292623668909072876e-01
3.200000000000000000e+01 -2.274866253137588501e-01
3.300000000000000000e+01 -2.237784564495086670e-01
3.400000000000000000e+01 -2.184030264616012573e-01
3.500000000000000000e+01 -2.113942354917526245e-01
3.600000000000000000e+01 -2.028143107891082764e-01
3.700000000000000000e+01 -1.931311935186386108e-01
3.800000000000000000e+01 -1.822901070117950439e-01
3.900000000000000000e+01 -1.708306968212127686e-01
4.000000000000000000e+01 -1.589505523443222046e-01
4.100000000000000000e+01 -1.464278250932693481e-01
4.200000000000000000e+01 -1.337044835090637207e-01
4.300000000000000000e+01 -1.211274564266204834e-01
4.400000000000000000e+01 -1.084856390953063965e-01
4.500000000000000000e+01 -9.591266512870788574e-02
4.600000000000000000e+01 -8.338999748229980469e-02
4.700000000000000000e+01 -7.133883237838745117e-02
4.800000000000000000e+01 -5.969069525599479675e-02
4.900000000000000000e+01 -4.840833693742752075e-02
5.000000000000000000e+01 -3.732170537114143372e-02
5.100000000000000000e+01 -2.678054012358188629e-02
5.200000000000000000e+01 -1.690298877656459808e-02
5.300000000000000000e+01 -7.669692393392324448e-03
5.400000000000000000e+01 1.048056175932288170e-03
5.500000000000000000e+01 9.009033441543579102e-03
5.600000000000000000e+01 1.649943366646766663e-02
5.700000000000000000e+01 2.342049963772296906e-02
5.800000000000000000e+01 2.952634170651435852e-02
5.900000000000000000e+01 3.514679893851280212e-02
6.000000000000000000e+01 4.020099714398384094e-02
6.100000000000000000e+01 4.456096142530441284e-02
6.200000000000000000e+01 4.850509390234947205e-02
6.300000000000000000e+01 5.182711035013198853e-02
6.400000000000000000e+01 5.443495512008666992e-02
6.500000000000000000e+01 5.673014372587203979e-02
6.600000000000000000e+01 5.837621912360191345e-02
6.700000000000000000e+01 5.924539640545845032e-02
6.800000000000000000e+01 5.955820903182029724e-02
6.900000000000000000e+01 5.893183499574661255e-02
7.000000000000000000e+01 5.810030549764633179e-02
7.100000000000000000e+01 5.678628012537956238e-02
7.200000000000000000e+01 5.510177835822105408e-02
7.300000000000000000e+01 5.313948169350624084e-02
7.400000000000000000e+01 5.109471082687377930e-02
7.500000000000000000e+01 4.838888719677925110e-02
7.600000000000000000e+01 4.562973976135253906e-02
7.700000000000000000e+01 4.287895187735557556e-02
7.800000000000000000e+01 4.024128988385200500e-02
7.900000000000000000e+01 3.716003894805908203e-02
8.000000000000000000e+01 3.430502861738204956e-02
8.100000000000000000e+01 3.171986341476440430e-02
8.200000000000000000e+01 2.897479198873043060e-02
8.300000000000000000e+01 2.592087350785732269e-02
8.400000000000000000e+01 2.330704033374786377e-02
8.500000000000000000e+01 2.088115923106670380e-02
8.600000000000000000e+01 1.826804503798484802e-02
8.700000000000000000e+01 1.565105281770229340e-02
8.800000000000000000e+01 1.283053588122129440e-02
8.900000000000000000e+01 9.984584525227546692e-03
9.000000000000000000e+01 7.140574976801872253e-03
9.100000000000000000e+01 4.724320024251937866e-03
9.200000000000000000e+01 2.667825203388929367e-03
9.300000000000000000e+01 1.085447962395846844e-03
9.400000000000000000e+01 -5.342892836779356003e-04
9.500000000000000000e+01 -1.865310245193541050e-03
9.600000000000000000e+01 -3.637485206127166748e-03
9.700000000000000000e+01 -4.563735798001289368e-03
9.800000000000000000e+01 -4.950946196913719177e-03
9.900000000000000000e+01 -6.567080039530992508e-03
