1.000000000000000000e+00 1.000000000000000000e+00
2.000000000000000000e+00 8.641433715820312500e-01
3.000000000000000000e+00 7.617043852806091309e-01
4.000000000000000000e+00 6.752840876579284668e-01
5.000000000000000000e+00 5.987326502799987793e-01
6.000000000000000000e+00 5.290215015411376953e-01
7.000000000000000000e+00 4.648060798645019531e-01
8.000000000000000000e+00 4.051932394504547119e-01
9.000000000000000000e+00 3.496197760105133057e-01
1.000000000000000000e+01 2.973549962043762207e-01
1.100000000000000000e+01 2.480558604001998901e-01
1.200000000000000000e+01 2.013021558523178101e-01
1.300000000000000000e+01 1.568239331245422363e-01
1.400000000000000000e+01 1.146197915077209473e-01
1.500000000000000000e+01 7.465089857578277588e-02
1.600000000000000000e+01 3.708059340715408325e-02
1.700000000000000000e+01 1.929979189299046993e-03
1.800000000000000000e+01 -3.093978576362133026e-02
1.900000000000000000e+01 -6.109620630741119385e-02
2.000000000000000000e+01 -8.859217166900634766e-02
2.100000000000000000e+01 -1.135234981775283813e-01
2.200000000000000000e+01 -1.354516744613647461e-01
2.300000000000000000e+01 -1.544155925512313843e-01
2.400000000000000000e+01 -1.704549789428710938e-01
2.500000000000000000e+01 -1.837918907403945923e-01
2.600000000000000000e+01 -1.939718723297119141e-01
2.700000000000000000e+01 -2.011526376008987427e-01
2.800000000000000000e+01 -2.056963741779327393e-01
2.900000000000000000e+01 -2.076255083084106445e-01
3.000000000000000000e+01 -2.074725627899169922e-01
3.100000000000000000e+01 -2.052851468324661255e-01
3.200000000000000000e+01 -2.015208452939987183e-01
3.300000000000000000e+01 -1.960622966289520264e-01
3.400000000000000000e+01 -1.891419589519500732e-01
3.500000000000000000e+01 -1.810541450977325439e-01
3.600000000000000000e+01 -1.717879176139831543e-01
3.700000000000000000e+01 -1.619337946176528931e-01
3.800000000000000000e+01 -1.512109786272048950e-01
3.900000000000000000e+01 -1.401746869087219238e-01
4.000000000000000000e+01 -1.287244856357574463e-01
4.100000000000000000e+01 -1.170909404754638672e-01
4.200000000000000000e+01 -1.053798645734786987e-01
4.300000000000000000e+01 -9.352759271860122681e-02
4.400000000000000000e+01 -8.198799192905426025e-02
4.500000000000000000e+01 -7.063978165388107300e-02
4.600000000000000000e+01 -5.964516475796699524e-02
4.700000000000000000e+01 -4.912476241588592529e-02
4.800000000000000000e+01 -3.913648054003715515e-02
4.900000000000000000e+01 -2.958491072058677673e-02
5.000000000000000000e+01 -2.039571106433868408e-02
5.100000000000000000e+01 -1.178700476884841919e-02
5.200000000000000000e+01 -3.718608058989048004e-03
5.300000000000000000e+01 3.676598425954580307e-03
5.400000000000000000e+01 1.050355471670627594e-02
5.500000000000000000e+01 1.672499440610408783e-02
5.600000000000000000e+01 2.256451360881328583e-02
5.700000000000000000e+01 2.792941220104694366e-02
5.800000000000000000e+01 3.272255882620811462e-02
5.900000000000000000e+01 3.666213154792785645e-02
6.000000000000000000e+01 4.028583317995071411e-02
6.100000000000000000e+01 4.334570840001106262e-02
6.200000000000000000e+01 4.566339403390884399e-02
6.300000000000000000e+01 4.769298434257507324e-02
6.400000000000000000e+01 4.928938671946525574e-02
6.500000000000000000e+01 5.028461664915084839e-02
6.600000000000000000e+01 5.055182799696922302e-02
6.700000000000000000e+01 5.039583519101142883e-02
6.800000000000000000e+01 4.967036470770835876e-02
6.900000000000000000e+01 4.846745729446411133e-02
7.000000000000000000e+01 4.691609740257263184e-02
7.100000000000000000e+01 4.515168070793151855e-02
7.200000000000000000e+01 4.295106977224349976e-02
7.300000000000000000e+01 4.050896316766738892e-02
7.400000000000000000e+01 3.794546052813529968e-02
7.500000000000000000e+01 3.538921102881431580e-02
7.600000000000000000e+01 3.319725394248962402e-02
7.700000000000000000e+01 3.085557557642459869e-02
7.800000000000000000e+01 2.838140726089477539e-02
7.900000000000000000e+01 2.593777142465114594e-02
8.000000000000000000e+01 2.311623468995094299e-02
8.100000000000000000e+01 2.031988278031349182e-02
8.200000000000000000e+01 1.767819933593273163e-02
8.300000000000000000e+01 1.491643767803907394e-02
8.400000000000000000e+01 1.199270505458116531e-02
8.500000000000000000e+01 9.688972495496273041e-03
8.600000000000000000e+01 7.608695887029170990e-03
8.700000000000000000e+01 4.858428612351417542e-03
8.800000000000000000e+01 2.569142263382673264e-03
8.900000000000000000e+01 8.708092500455677509e-04
9.000000000000000000e+01 -1.499968580901622772e-03
9.100000000000000000e+01 -3.274271963164210320e-03
9.200000000000000000e+01 -4.320716019719839096e-03
9.300000000000000000e+01 -6.129285320639610291e-03
9.400000000000000000e+01 -7.836694829165935516e-03
9.500000000000000000e+01 -9.167366661131381989e-03
9.600000000000000000e+01 -1.077104918658733368e-02
9.700000000000000000e+01 -1.200672425329685211e-02
9.800000000000000000e+01 -1.411390677094459534e-02
9.900000000000000000e+01 -1.744068041443824768e-02
