1.000000000000000000e+00 1.000000000000000000e+00
2.000000000000000000e+00 8.707937002182006836e-01
3.000000000000000000e+00 7.732256650924682617e-01
4.000000000000000000e+00 6.905978322029113770e-01
5.000000000000000000e+00 6.166797280311584473e-01
6.000000000000000000e+00 5.491667985916137695e-01
7.000000000000000000e+00 4.868020713329315186e-01
8.000000000000000000e+00 4.284318387508392334e-01
9.000000000000000000e+00 3.737928569316864014e-01
1.000000000000000000e+01 3.222237825393676758e-01
1.100000000000000000e+01 2.730859518051147461e-01
1.200000000000000000e+01 2.261254042387008667e-01
1.300000000000000000e+01 1.810917407274246216e-01
1.400000000000000000e+01 1.380487531423568726e-01
1.500000000000000000e+01 9.673970937728881836e-02
1.600000000000000000e+01 5.758762732148170471e-02
1.700000000000000000e+01 2.054337784647941589e-02
1.800000000000000000e+01 -1.445300318300724030e-02
1.900000000000000000e+01 -4.704121500253677368e-02
2.000000000000000000e+01 -7.723090052604675293e-02
2.100000000000000000e+01 -1.048598065972328186e-01
2.200000000000000000e+01 -1.297705769538879395e-01
2.300000000000000000e+01 -1.519479155540466309e-01
2.400000000000000000e+01 -1.711564958095550537e-01
2.500000000000000000e+01 -1.876036822795867920e-01
2.600000000000000000e+01 -2.008537799119949341e-01
2.700000000000000000e+01 -2.112549394369125366e-01
2.800000000000000000e+01 -2.189705520868301392e-01
2.900000000000000000e+01 -2.240093052387237549e-01
3.000000000000000000e+01 -2.263091355562210083e-01
3.100000000000000000e+01 -2.263598442077636719e-01
3.200000000000000000e+01 -2.242233008146286011e-01
3.300000000000000000e+01 -2.202661186456680298e-01
3.400000000000000000e+01 -2.143646329641342163e-01
3.500000000000000000e+01 -2.072090655565261841e-01
3.600000000000000000e+01 -1.985686719417572021e-01
3.700000000000000000e+01 -1.888335198163986206e-01
3.800000000000000000e+01 -1.780792325735092163e-01
3.900000000000000000e+01 -1.669636517763137817e-01
4.000000000000000000e+01 -1.552492380142211914e-01
4.100000000000000000e+01 -1.430291682481765747e-01
4.200000000000000000e+01 -1.304419487714767456e-01
4.300000000000000000e+01 -1.180418431758880615e-01
4.400000000000000000e+01 -1.055258512496948242e-01
4.500000000000000000e+01 -9.334209561347961426e-02
4.600000000000000000e+01 -8.083890378475189209e-02
4.700000000000000000e+01 -6.874556839466094971e-02
4.800000000000000000e+01 -5.682667717337608337e-02
4.900000000000000000e+01 -4.547267779707908630e-02
5.000000000000000000e+01 -3.466581180691719055e-02
5.100000000000000000e+01 -2.432250045239925385e-02
5.200000000000000000e+01 -1.440144423395395279e-02
5.300000000000000000e+01 -5.447079893201589584e-03
5.400000000000000000e+01 2.910470357164740562e-03
5.500000000000000000e+01 1.096343994140625000e-02
5.600000000000000000e+01 1.841596141457557678e-02
5.700000000000000000e+01 2.524880319833755493e-02
5.800000000000000000e+01 3.152758628129959106e-02
5.900000000000000000e+01 3.703531622886657715e-02
6.000000000000000000e+01 4.174705594778060913e-02
6.100000000000000000e+01 4.609177261590957642e-02
6.200000000000000000e+01 4.982883855700492859e-02
6.300000000000000000e+01 5.315065383911132812e-02
6.400000000000000000e+01 5.573908984661102295e-02
6.500000000000000000e+01 5.780463293194770813e-02
6.600000000000000000e+01 5.905913189053535461e-02
6.700000000000000000e+01 5.967386439442634583e-02
6.800000000000000000e+01 5.951244384050369263e-02
6.900000000000000000e+01 5.858150124549865723e-02
7.000000000000000000e+01 5.703386664390563965e-02
7.100000000000000000e+01 5.499171093106269836e-02
7.200000000000000000e+01 5.289727076888084412e-02
7.300000000000000000e+01 5.034225806593894958e-02
7.400000000000000000e+01 4.748983308672904968e-02
7.500000000000000000e+01 4.468226060271263123e-02
7.600000000000000000e+01 4.146664589643478394e-02
7.700000000000000000e+01 3.804581239819526672e-02
7.800000000000000000e+01 3.499471023678779602e-02
7.900000000000000000e+01 3.223045170307159424e-02
8.000000000000000000e+01 2.940916456282138824e-02
8.100000000000000000e+01 2.686793357133865356e-02
8.200000000000000000e+01 2.411899343132972717e-02
8.300000000000000000e+01 2.154319360852241516e-02
8.400000000000000000e+01 1.916836947202682495e-02
8.500000000000000000e+01 1.713816262781620026e-02
8.600000000000000000e+01 1.424032729119062424e-02
8.700000000000000000e+01 1.163541991263628006e-02
8.800000000000000000e+01 9.950393810868263245e-03
8.900000000000000000e+01 7.670293096452951431e-03
9.000000000000000000e+01 5.401002243161201477e-03
9.100000000000000000e+01 2.909865928813815117e-03
9.200000000000000000e+01 7.740268483757972717e-04
9.300000000000000000e+01 -6.972244009375572205e-04
9.400000000000000000e+01 -2.884597517549991608e-03
9.500000000000000000e+01 -4.590165801346302032e-03
9.600000000000000000e+01 -5.981792230159044266e-03
9.700000000000000000e+01 -6.711737252771854401e-03
9.800000000000000000e+01 -7.111383136361837387e-03
9.900000000000000000e+01 -7.617456838488578796e-03
