1.000000000000000000e+00 1.000000000000000000e+00
2.000000000000000000e+00 8.721430301666259766e-01
3.000000000000000000e+00 7.754353880882263184e-01
4.000000000000000000e+00 6.934769749641418457e-01
5.000000000000000000e+00 6.203949451446533203e-01
6.000000000000000000e+00 5.534909963607788086e-01
7.000000000000000000e+00 4.913975000381469727e-01
8.000000000000000000e+00 4.334580600261688232e-01
9.000000000000000000e+00 3.787948489189147949e-01
1.000000000000000000e+01 3.268547654151916504e-01
1.100000000000000000e+01 2.776160836219787598e-01
1.200000000000000000e+01 2.306726574897766113e-01
1.300000000000000000e+01 1.857584416866302490e-01
1.400000000000000000e+01 1.426924020051956177e-01
1.500000000000000000e+01 1.013576090335845947e-01
1.600000000000000000e+01 6.205748766660690308e-02
1.700000000000000000e+01 2.468083985149860382e-02
1.800000000000000000e+01 -1.057605165988206863e-02
1.900000000000000000e+01 -4.364330694079399109e-02
2.000000000000000000e+01 -7.430467009544372559e-02
2.100000000000000000e+01 -1.024938672780990601e-01
2.200000000000000000e+01 -1.280507147312164307e-01
2.300000000000000000e+01 -1.508830636739730835e-01
2.400000000000000000e+01 -1.705485731363296509e-01
2.500000000000000000e+01 -1.873364448547363281e-01
2.600000000000000000e+01 -2.013776153326034546e-01
2.700000000000000000e+01 -2.124207466840744019e-01
2.800000000000000000e+01 -2.205893248319625854e-01
2.900000000000000000e+01 -2.259549051523208618e-01
3.000000000000000000e+01 -2.289615869522094727e-01
3.100000000000000000e+01 -2.295998185873031616e-01
3.200000000000000000e+01 -2.278621047735214233e-01
3.300000000000000000e+01 -2.242238074541091919e-01
3.400000000000000000e+01 -2.189755439758300781e-01
3.500000000000000000e+01 -2.120812088251113892e-01
3.600000000000000000e+01 -2.036432176828384399e-01
3.700000000000000000e+01 -1.940003186464309692e-01
3.800000000000000000e+01 -1.834365576505661011e-01
3.900000000000000000e+01 -1.719963997602462769e-01
4.000000000000000000e+01 -1.601388007402420044e-01
4.100000000000000000e+01 -1.477602422237396240e-01
4.200000000000000000e+01 -1.353062838315963745e-01
4.300000000000000000e+01 -1.226195320487022400e-01
4.400000000000000000e+01 -1.099088862538337708e-01
4.500000000000000000e+01 -9.713634103536605835e-02
4.600000000000000000e+01 -8.466786891222000122e-02
4.700000000000000000e+01 -7.244237512350082397e-02
4.800000000000000000e+01 -6.045316904783248901e-02
4.900000000000000000e+01 -4.906339943408966064e-02
5.000000000000000000e+01 -3.806413710117340088e-02
5.100000000000000000e+01 -2.767376229166984558e-02
5.200000000000000000e+01 -1.766609773039817810e-02
5.300000000000000000e+01 -8.159019052982330322e-03
5.400000000000000000e+01 8.319494081661105156e-04
5.500000000000000000e+01 9.233504533767700195e-03
5.600000000000000000e+01 1.684120669960975647e-02
5.700000000000000000e+01 2.387932129204273224e-02
5.800000000000000000e+01 3.031307645142078400e-02
5.900000000000000000e+01 3.591001033782958984e-02
6.000000000000000000e+01 4.109924286603927612e-02
6.100000000000000000e+01 4.547031596302986145e-02
6.200000000000000000e+01 4.901475086808204651e-02
6.300000000000000000e+01 5.229882895946502686e-02
6.400000000000000000e+01 5.467629060149192810e-02
6.500000000000000000e+01 5.657444149255752563e-02
6.600000000000000000e+01 5.801856145262718201e-02
6.700000000000000000e+01 5.887260288000106812e-02
6.800000000000000000e+01 5.877337604761123657e-02
6.900000000000000000e+01 5.812764167785644531e-02
7.000000000000000000e+01 5.695842951536178589e-02
7.100000000000000000e+01 5.532093346118927002e-02
7.200000000000000000e+01 5.361350625753402710e-02
7.300000000000000000e+01 5.140979588031768799e-02
7.400000000000000000e+01 4.884025081992149353e-02
7.500000000000000000e+01 4.597757011651992798e-02
7.600000000000000000e+01 4.308679699897766113e-02
7.700000000000000000e+01 4.064679518342018127e-02
7.800000000000000000e+01 3.815622255206108093e-02
7.900000000000000000e+01 3.566940501332283020e-02
8.000000000000000000e+01 3.326413407921791077e-02
8.100000000000000000e+01 3.053745441138744354e-02
8.200000000000000000e+01 2.730308659374713898e-02
8.300000000000000000e+01 2.397289499640464783e-02
8.400000000000000000e+01 2.118649519979953766e-02
8.500000000000000000e+01 1.848274469375610352e-02
8.600000000000000000e+01 1.575235836207866669e-02
8.700000000000000000e+01 1.269407290965318680e-02
8.800000000000000000e+01 1.005620602518320084e-02
8.900000000000000000e+01 7.703215815126895905e-03
9.000000000000000000e+01 5.516934674233198166e-03
9.100000000000000000e+01 3.038581693544983864e-03
9.200000000000000000e+01 4.235238884575664997e-04
9.300000000000000000e+01 -1.883918070234358311e-03
9.400000000000000000e+01 -3.749249270185828209e-03
9.500000000000000000e+01 -5.781596060842275620e-03
9.600000000000000000e+01 -7.238385733217000961e-03
9.700000000000000000e+01 -8.760783821344375610e-03
9.800000000000000000e+01 -8.623133413493633270e-03
9.900000000000000000e+01 -7.164585869759321213e-03
