1.000000000000000000e+00 1.000000000000000000e+00
2.000000000000000000e+00 8.183515667915344238e-01
3.000000000000000000e+00 6.844424009323120117e-01
4.000000000000000000e+00 5.750925540924072266e-01
5.000000000000000000e+00 4.825843870639801025e-01
6.000000000000000000e+00 4.028733372688293457e-01
7.000000000000000000e+00 3.329954743385314941e-01
8.000000000000000000e+00 2.712744176387786865e-01
9.000000000000000000e+00 2.167018055915832520e-01
1.000000000000000000e+01 1.683004647493362427e-01
1.100000000000000000e+01 1.251323968172073364e-01
1.200000000000000000e+01 8.650859445333480835e-02
1.300000000000000000e+01 5.175090581178665161e-02
1.400000000000000000e+01 2.104458585381507874e-02
1.500000000000000000e+01 -6.006306968629360199e-03
1.600000000000000000e+01 -2.951851487159729004e-02
1.700000000000000000e+01 -4.982425644993782043e-02
1.800000000000000000e+01 -6.714344024658203125e-02
1.900000000000000000e+01 -8.124651014804840088e-02
2.000000000000000000e+01 -9.273117035627365112e-02
2.100000000000000000e+01 -1.015190482139587402e-01
2.200000000000000000e+01 -1.079025343060493469e-01
2.300000000000000000e+01 -1.120860278606414795e-01
2.400000000000000000e+01 -1.141312569379806519e-01
2.500000000000000000e+01 -1.143987402319908142e-01
2.600000000000000000e+01 -1.129606515169143677e-01
2.700000000000000000e+01 -1.104500740766525269e-01
2.800000000000000000e+01 -1.067136526107788086e-01
2.900000000000000000e+01 -1.017633229494094849e-01
3.000000000000000000e+01 -9.577018767595291138e-02
3.100000000000000000e+01 -8.931618928909301758e-02
3.200000000000000000e+01 -8.268252760171890259e-02
3.300000000000000000e+01 -7.575113326311111450e-02
3.400000000000000000e+01 -6.865783035755157471e-02
3.500000000000000000e+01 -6.155962869524955750e-02
3.600000000000000000e+01 -5.427667871117591858e-02
3.700000000000000000e+01 -4.708298668265342712e-02
3.800000000000000000e+01 -4.029496014118194580e-02
3.900000000000000000e+01 -3.363346680998802185e-02
4.000000000000000000e+01 -2.769951894879341125e-02
4.100000000000000000e+01 -2.215170860290527344e-02
4.200000000000000000e+01 -1.688548922538757324e-02
4.300000000000000000e+01 -1.194418407976627350e-02
4.400000000000000000e+01 -7.488253992050886154e-03
4.500000000000000000e+01 -3.531752619892358780e-03
4.600000000000000000e+01 4.656119199353270233e-05
4.700000000000000000e+01 3.377255052328109741e-03
4.800000000000000000e+01 6.335678510367870331e-03
4.900000000000000000e+01 9.282238781452178955e-03
5.000000000000000000e+01 1.129555422812700272e-02
5.100000000000000000e+01 1.256381068378686905e-02
5.200000000000000000e+01 1.332923304289579391e-02
5.300000000000000000e+01 1.367106568068265915e-02
5.400000000000000000e+01 1.393705885857343674e-02
5.500000000000000000e+01 1.366156339645385742e-02
5.600000000000000000e+01 1.331836450845003128e-02
5.700000000000000000e+01 1.290815696120262146e-02
5.800000000000000000e+01 1.276201847940683365e-02
5.900000000000000000e+01 1.203988399356603622e-02
6.000000000000000000e+01 1.110889203846454620e-02
6.100000000000000000e+01 9.841958992183208466e-03
6.200000000000000000e+01 8.316147141158580780e-03
6.300000000000000000e+01 7.147416006773710251e-03
6.400000000000000000e+01 6.291754078119993210e-03
6.500000000000000000e+01 5.151119083166122437e-03
6.600000000000000000e+01 4.638767335563898087e-03
6.700000000000000000e+01 4.331806208938360214e-03
6.800000000000000000e+01 3.942821640521287918e-03
6.900000000000000000e+01 3.279868979007005692e-03
7.000000000000000000e+01 2.989865839481353760e-03
7.100000000000000000e+01 2.225884469226002693e-03
7.200000000000000000e+01 1.024475437588989735e-03
7.300000000000000000e+01 -2.791103906929492950e-04
7.400000000000000000e+01 -1.479851896874606609e-03
7.500000000000000000e+01 -2.101827412843704224e-03
7.600000000000000000e+01 -2.613460877910256386e-03
7.700000000000000000e+01 -2.692111302167177200e-03
7.800000000000000000e+01 -2.935186028480529785e-03
7.900000000000000000e+01 -3.179190680384635925e-03
8.000000000000000000e+01 -3.843037644401192665e-03
8.100000000000000000e+01 -4.389908164739608765e-03
8.200000000000000000e+01 -3.556614276021718979e-03
8.300000000000000000e+01 -3.068332560360431671e-03
8.400000000000000000e+01 -2.566986950114369392e-03
8.500000000000000000e+01 -2.648668829351663589e-03
8.600000000000000000e+01 -2.565560396760702133e-03
8.700000000000000000e+01 -2.733078319579362869e-03
8.800000000000000000e+01 -2.334806369617581367e-03
8.900000000000000000e+01 -1.840919605456292629e-03
9.000000000000000000e+01 -1.888581668026745319e-03
9.100000000000000000e+01 -1.458317274227738380e-03
9.200000000000000000e+01 -1.601541182026267052e-03
9.300000000000000000e+01 -1.925242366269230843e-03
9.400000000000000000e+01 -1.971442718058824539e-03
9.500000000000000000e+01 -2.526703989133238792e-03
9.600000000000000000e+01 -2.284270478412508965e-03
9.700000000000000000e+01 -2.237851265817880630e-03
9.800000000000000000e+01 -3.597375471144914627e-03
9.900000000000000000e+01 -3.590292762964963913e-03
