1.000000000000000000e+00 1.000000000000000000e+00
2.000000000000000000e+00 8.681663274765014648e-01
3.000000000000000000e+00 7.688472867012023926e-01
4.000000000000000000e+00 6.847092509269714355e-01
5.000000000000000000e+00 6.098480224609375000e-01
6.000000000000000000e+00 5.414321422576904297e-01
7.000000000000000000e+00 4.780574142932891846e-01
8.000000000000000000e+00 4.190441966056823730e-01
9.000000000000000000e+00 3.635931313037872314e-01
1.000000000000000000e+01 3.116096556186676025e-01
1.100000000000000000e+01 2.621196210384368896e-01
1.200000000000000000e+01 2.150574922561645508e-01
1.300000000000000000e+01 1.703837662935256958e-01
1.400000000000000000e+01 1.278184354305267334e-01
1.500000000000000000e+01 8.723130822181701660e-02
1.600000000000000000e+01 4.871649295091629028e-02
1.700000000000000000e+01 1.239251531660556793e-02
1.800000000000000000e+01 -2.170080505311489105e-02
1.900000000000000000e+01 -5.338933318853378296e-02
2.000000000000000000e+01 -8.242081850767135620e-02
2.100000000000000000e+01 -1.089068651199340820e-01
2.200000000000000000e+01 -1.324071884155273438e-01
2.300000000000000000e+01 -1.529670059680938721e-01
2.400000000000000000e+01 -1.708056479692459106e-01
2.500000000000000000e+01 -1.858249157667160034e-01
2.600000000000000000e+01 -1.978910267353057861e-01
2.700000000000000000e+01 -2.071328312158584595e-01
2.800000000000000000e+01 -2.137221992015838623e-01
2.900000000000000000e+01 -2.178206592798233032e-01
3.000000000000000000e+01 -2.193745821714401245e-01
3.100000000000000000e+01 -2.185135632753372192e-01
3.200000000000000000e+01 -2.156291753053665161e-01
3.300000000000000000e+01 -2.109202444553375244e-01
3.400000000000000000e+01 -2.045892775058746338e-01
3.500000000000000000e+01 -1.970033049583435059e-01
3.600000000000000000e+01 -1.882303208112716675e-01
3.700000000000000000e+01 -1.785987168550491333e-01
3.800000000000000000e+01 -1.679328382015228271e-01
3.900000000000000000e+01 -1.567184776067733765e-01
4.000000000000000000e+01 -1.450002342462539673e-01
4.100000000000000000e+01 -1.330300569534301758e-01
4.200000000000000000e+01 -1.208553463220596313e-01
4.300000000000000000e+01 -1.084253117442131042e-01
4.400000000000000000e+01 -9.615327417850494385e-02
4.500000000000000000e+01 -8.412464708089828491e-02
4.600000000000000000e+01 -7.217238843441009521e-02
4.700000000000000000e+01 -6.061956658959388733e-02
4.800000000000000000e+01 -4.940223321318626404e-02
4.900000000000000000e+01 -3.855518251657485962e-02
5.000000000000000000e+01 -2.825893461704254150e-02
5.100000000000000000e+01 -1.872256770730018616e-02
5.200000000000000000e+01 -9.737510234117507935e-03
5.300000000000000000e+01 -1.441668835468590260e-03
5.400000000000000000e+01 6.214729510247707367e-03
5.500000000000000000e+01 1.361099723726511002e-02
5.600000000000000000e+01 2.069267071783542633e-02
5.700000000000000000e+01 2.720000222325325012e-02
5.800000000000000000e+01 3.325556963682174683e-02
5.900000000000000000e+01 3.861853852868080139e-02
6.000000000000000000e+01 4.324745759367942810e-02
6.100000000000000000e+01 4.694007337093353271e-02
6.200000000000000000e+01 5.021777376532554626e-02
6.300000000000000000e+01 5.278974771499633789e-02
6.400000000000000000e+01 5.479147285223007202e-02
6.500000000000000000e+01 5.635144561529159546e-02
6.600000000000000000e+01 5.727892369031906128e-02
6.700000000000000000e+01 5.746673792600631714e-02
6.800000000000000000e+01 5.707145854830741882e-02
6.900000000000000000e+01 5.619115382432937622e-02
7.000000000000000000e+01 5.479007214307785034e-02
7.100000000000000000e+01 5.275458469986915588e-02
7.200000000000000000e+01 5.048612877726554871e-02
7.300000000000000000e+01 4.826543107628822327e-02
7.400000000000000000e+01 4.555799067020416260e-02
7.500000000000000000e+01 4.279685020446777344e-02
7.600000000000000000e+01 3.982552513480186462e-02
7.700000000000000000e+01 3.690199181437492371e-02
7.800000000000000000e+01 3.384358808398246765e-02
7.900000000000000000e+01 3.067065961658954620e-02
8.000000000000000000e+01 2.762351557612419128e-02
8.100000000000000000e+01 2.465604431927204132e-02
8.200000000000000000e+01 2.185610681772232056e-02
8.300000000000000000e+01 1.985291205346584320e-02
8.400000000000000000e+01 1.766673661768436432e-02
8.500000000000000000e+01 1.589074358344078064e-02
8.600000000000000000e+01 1.432491838932037354e-02
8.700000000000000000e+01 1.257656514644622803e-02
8.800000000000000000e+01 1.020664256066083908e-02
8.900000000000000000e+01 8.181227371096611023e-03
9.000000000000000000e+01 5.737516097724437714e-03
9.100000000000000000e+01 3.473707707598805428e-03
9.200000000000000000e+01 1.288546365685760975e-03
9.300000000000000000e+01 -1.283882302232086658e-03
9.400000000000000000e+01 -3.886698978021740913e-03
9.500000000000000000e+01 -5.430952180176973343e-03
9.600000000000000000e+01 -6.898410152643918991e-03
9.700000000000000000e+01 -9.296462871134281158e-03
9.800000000000000000e+01 -9.572253562510013580e-03
9.900000000000000000e+01 -9.682097472250461578e-03
