1.000000000000000000e+00 1.000000000000000000e+00
2.000000000000000000e+00 8.550328016281127930e-01
3.000000000000000000e+00 7.462612986564636230e-01
4.000000000000000000e+00 6.551210880279541016e-01
5.000000000000000000e+00 5.750584602355957031e-01
6.000000000000000000e+00 5.029927492141723633e-01
7.000000000000000000e+00 4.371533989906311035e-01
8.000000000000000000e+00 3.764659762382507324e-01
9.000000000000000000e+00 3.204842805862426758e-01
1.000000000000000000e+01 2.685361504554748535e-01
1.100000000000000000e+01 2.196671664714813232e-01
1.200000000000000000e+01 1.736950874328613281e-01
1.300000000000000000e+01 1.305304020643234253e-01
1.400000000000000000e+01 8.987506479024887085e-02
1.500000000000000000e+01 5.178963392972946167e-02
1.600000000000000000e+01 1.642469502985477448e-02
1.700000000000000000e+01 -1.612647809088230133e-02
1.800000000000000000e+01 -4.596594721078872681e-02
1.900000000000000000e+01 -7.293628156185150146e-02
2.000000000000000000e+01 -9.711046516895294189e-02
2.100000000000000000e+01 -1.183469370007514954e-01
2.200000000000000000e+01 -1.366666257381439209e-01
2.300000000000000000e+01 -1.518468409776687622e-01
2.400000000000000000e+01 -1.643177568912506104e-01
2.500000000000000000e+01 -1.739639639854431152e-01
2.600000000000000000e+01 -1.806260794401168823e-01
2.700000000000000000e+01 -1.849141269922256470e-01
2.800000000000000000e+01 -1.865968257188796997e-01
2.900000000000000000e+01 -1.861172467470169067e-01
3.000000000000000000e+01 -1.838688552379608154e-01
3.100000000000000000e+01 -1.796437054872512817e-01
3.200000000000000000e+01 -1.738917082548141479e-01
3.300000000000000000e+01 -1.668415814638137817e-01
3.400000000000000000e+01 -1.589891314506530762e-01
3.500000000000000000e+01 -1.501288414001464844e-01
3.600000000000000000e+01 -1.403451114892959595e-01
3.700000000000000000e+01 -1.302352249622344971e-01
3.800000000000000000e+01 -1.198935136198997498e-01
3.900000000000000000e+01 -1.094747707247734070e-01
4.000000000000000000e+01 -9.912390261888504028e-02
4.100000000000000000e+01 -8.878415077924728394e-02
4.200000000000000000e+01 -7.843463122844696045e-02
4.300000000000000000e+01 -6.823969632387161255e-02
4.400000000000000000e+01 -5.806423723697662354e-02
4.500000000000000000e+01 -4.820959270000457764e-02
4.600000000000000000e+01 -3.875799849629402161e-02
4.700000000000000000e+01 -2.953217551112174988e-02
4.800000000000000000e+01 -2.098009735345840454e-02
4.900000000000000000e+01 -1.300993561744689941e-02
5.000000000000000000e+01 -5.648432765156030655e-03
5.100000000000000000e+01 1.170112169347703457e-03
5.200000000000000000e+01 7.312131579965353012e-03
5.300000000000000000e+01 1.265994738787412643e-02
5.400000000000000000e+01 1.754432357847690582e-02
5.500000000000000000e+01 2.225572243332862854e-02
5.600000000000000000e+01 2.630591951310634613e-02
5.700000000000000000e+01 2.967088110744953156e-02
5.800000000000000000e+01 3.242299705743789673e-02
5.900000000000000000e+01 3.477592021226882935e-02
6.000000000000000000e+01 3.642243519425392151e-02
6.100000000000000000e+01 3.792094811797142029e-02
6.200000000000000000e+01 3.851521015167236328e-02
6.300000000000000000e+01 3.917468339204788208e-02
6.400000000000000000e+01 3.955129534006118774e-02
6.500000000000000000e+01 3.920812159776687622e-02
6.600000000000000000e+01 3.871345520019531250e-02
6.700000000000000000e+01 3.779713064432144165e-02
6.800000000000000000e+01 3.637268766760826111e-02
6.900000000000000000e+01 3.472304344177246094e-02
7.000000000000000000e+01 3.295778110623359680e-02
7.100000000000000000e+01 3.071114979684352875e-02
7.200000000000000000e+01 2.824092842638492584e-02
7.300000000000000000e+01 2.574588917195796967e-02
7.400000000000000000e+01 2.287502400577068329e-02
7.500000000000000000e+01 1.952550746500492096e-02
7.600000000000000000e+01 1.659854315221309662e-02
7.700000000000000000e+01 1.397916115820407867e-02
7.800000000000000000e+01 1.146731059998273849e-02
7.900000000000000000e+01 9.168661199510097504e-03
8.000000000000000000e+01 7.226658985018730164e-03
8.100000000000000000e+01 5.436152219772338867e-03
8.200000000000000000e+01 3.523999592289328575e-03
8.300000000000000000e+01 1.736830570735037327e-03
8.400000000000000000e+01 -2.699772594496607780e-04
8.500000000000000000e+01 -2.035818994045257568e-03
8.600000000000000000e+01 -3.540817881003022194e-03
8.700000000000000000e+01 -5.089218262583017349e-03
8.800000000000000000e+01 -6.605733651667833328e-03
8.900000000000000000e+01 -7.710823323577642441e-03
9.000000000000000000e+01 -9.303403086960315704e-03
9.100000000000000000e+01 -1.008512079715728760e-02
9.200000000000000000e+01 -1.097817346453666687e-02
9.300000000000000000e+01 -1.141120586544275284e-02
9.400000000000000000e+01 -1.139102131128311157e-02
9.500000000000000000e+01 -1.188662927597761154e-02
9.600000000000000000e+01 -1.252888049930334091e-02
9.700000000000000000e+01 -1.351088564842939377e-02
9.800000000000000000e+01 -1.394706591963768005e-02
9.900000000000000000e+01 -1.437873207032680511e-02
