1.000000000000000000e+00 1.000000000000000000e+00
2.000000000000000000e+00 8.568785190582275391e-01
3.000000000000000000e+00 7.494385838508605957e-01
4.000000000000000000e+00 6.595165729522705078e-01
5.000000000000000000e+00 5.802216529846191406e-01
6.000000000000000000e+00 5.086650252342224121e-01
7.000000000000000000e+00 4.431906342506408691e-01
8.000000000000000000e+00 3.828558027744293213e-01
9.000000000000000000e+00 3.269374370574951172e-01
1.000000000000000000e+01 2.746615707874298096e-01
1.100000000000000000e+01 2.257213443517684937e-01
1.200000000000000000e+01 1.796486675739288330e-01
1.300000000000000000e+01 1.361679583787918091e-01
1.400000000000000000e+01 9.526580572128295898e-02
1.500000000000000000e+01 5.681251361966133118e-02
1.600000000000000000e+01 2.096113003790378571e-02
1.700000000000000000e+01 -1.247355900704860687e-02
1.800000000000000000e+01 -4.310398176312446594e-02
1.900000000000000000e+01 -7.098416984081268311e-02
2.000000000000000000e+01 -9.594117850065231323e-02
2.100000000000000000e+01 -1.177595034241676331e-01
2.200000000000000000e+01 -1.366815716028213501e-01
2.300000000000000000e+01 -1.526756435632705688e-01
2.400000000000000000e+01 -1.658184528350830078e-01
2.500000000000000000e+01 -1.761452853679656982e-01
2.600000000000000000e+01 -1.834661811590194702e-01
2.700000000000000000e+01 -1.881195902824401855e-01
2.800000000000000000e+01 -1.904607862234115601e-01
2.900000000000000000e+01 -1.904347538948059082e-01
3.000000000000000000e+01 -1.884420961141586304e-01
3.100000000000000000e+01 -1.848925352096557617e-01
3.200000000000000000e+01 -1.796213388442993164e-01
3.300000000000000000e+01 -1.730193197727203369e-01
3.400000000000000000e+01 -1.652386784553527832e-01
3.500000000000000000e+01 -1.563830822706222534e-01
3.600000000000000000e+01 -1.469852626323699951e-01
3.700000000000000000e+01 -1.370120942592620850e-01
3.800000000000000000e+01 -1.263621598482131958e-01
3.900000000000000000e+01 -1.155962124466896057e-01
4.000000000000000000e+01 -1.047656089067459106e-01
4.100000000000000000e+01 -9.405872970819473267e-02
4.200000000000000000e+01 -8.363923430442810059e-02
4.300000000000000000e+01 -7.321827858686447144e-02
4.400000000000000000e+01 -6.299085170030593872e-02
4.500000000000000000e+01 -5.297617986798286438e-02
4.600000000000000000e+01 -4.310926795005798340e-02
4.700000000000000000e+01 -3.392872586846351624e-02
4.800000000000000000e+01 -2.506253868341445923e-02
4.900000000000000000e+01 -1.676728576421737671e-02
5.000000000000000000e+01 -9.024542756378650665e-03
5.100000000000000000e+01 -1.889934181235730648e-03
5.200000000000000000e+01 4.809859208762645721e-03
5.300000000000000000e+01 1.089896541088819504e-02
5.400000000000000000e+01 1.653841137886047363e-02
5.500000000000000000e+01 2.158694155514240265e-02
5.600000000000000000e+01 2.562085911631584167e-02
5.700000000000000000e+01 2.919592149555683136e-02
5.800000000000000000e+01 3.226618468761444092e-02
5.900000000000000000e+01 3.513416275382041931e-02
6.000000000000000000e+01 3.735177963972091675e-02
6.100000000000000000e+01 3.945813700556755066e-02
6.200000000000000000e+01 4.117745161056518555e-02
6.300000000000000000e+01 4.244703054428100586e-02
6.400000000000000000e+01 4.312754794955253601e-02
6.500000000000000000e+01 4.340153932571411133e-02
6.600000000000000000e+01 4.293394461274147034e-02
6.700000000000000000e+01 4.177729040384292603e-02
6.800000000000000000e+01 4.028251767158508301e-02
6.900000000000000000e+01 3.837073221802711487e-02
7.000000000000000000e+01 3.575681149959564209e-02
7.100000000000000000e+01 3.298663347959518433e-02
7.200000000000000000e+01 3.010888956487178802e-02
7.300000000000000000e+01 2.715532481670379639e-02
7.400000000000000000e+01 2.457519806921482086e-02
7.500000000000000000e+01 2.200763113796710968e-02
7.600000000000000000e+01 1.939277350902557373e-02
7.700000000000000000e+01 1.681538857519626617e-02
7.800000000000000000e+01 1.448602601885795593e-02
7.900000000000000000e+01 1.220626384019851685e-02
8.000000000000000000e+01 1.016131974756717682e-02
8.100000000000000000e+01 8.072674274444580078e-03
8.200000000000000000e+01 6.179677788168191910e-03
8.300000000000000000e+01 4.775234032422304153e-03
8.400000000000000000e+01 2.941608894616365433e-03
8.500000000000000000e+01 1.196689670905470848e-03
8.600000000000000000e+01 -2.572358062025159597e-04
8.700000000000000000e+01 -1.322271651588380337e-03
8.800000000000000000e+01 -2.418597927317023277e-03
8.900000000000000000e+01 -3.278944874182343483e-03
9.000000000000000000e+01 -4.153575282543897629e-03
9.100000000000000000e+01 -5.228609312325716019e-03
9.200000000000000000e+01 -5.677110981196165085e-03
9.300000000000000000e+01 -5.781963467597961426e-03
9.400000000000000000e+01 -5.608999636024236679e-03
9.500000000000000000e+01 -6.037317682057619095e-03
9.600000000000000000e+01 -6.573979277163743973e-03
9.700000000000000000e+01 -6.855667103081941605e-03
9.800000000000000000e+01 -6.004343274980783463e-03
9.900000000000000000e+01 -5.459865555167198181e-03
