1.000000000000000000e+00 1.000000000000000000e+00
2.000000000000000000e+00 8.686928749084472656e-01
3.000000000000000000e+00 7.696382999420166016e-01
4.000000000000000000e+00 6.857594251632690430e-01
5.000000000000000000e+00 6.109479665756225586e-01
6.000000000000000000e+00 5.425289869308471680e-01
7.000000000000000000e+00 4.792979061603546143e-01
8.000000000000000000e+00 4.203118085861206055e-01
9.000000000000000000e+00 3.648862838745117188e-01
1.000000000000000000e+01 3.126579523086547852e-01
1.100000000000000000e+01 2.632316052913665771e-01
1.200000000000000000e+01 2.162602692842483521e-01
1.300000000000000000e+01 1.713673621416091919e-01
1.400000000000000000e+01 1.285516768693923950e-01
1.500000000000000000e+01 8.788017183542251587e-02
1.600000000000000000e+01 4.917853325605392456e-02
1.700000000000000000e+01 1.283171214163303375e-02
1.800000000000000000e+01 -2.120374888181686401e-02
1.900000000000000000e+01 -5.294577404856681824e-02
2.000000000000000000e+01 -8.200401067733764648e-02
2.100000000000000000e+01 -1.085814908146858215e-01
2.200000000000000000e+01 -1.323782205581665039e-01
2.300000000000000000e+01 -1.533023267984390259e-01
2.400000000000000000e+01 -1.714728176593780518e-01
2.500000000000000000e+01 -1.864232718944549561e-01
2.600000000000000000e+01 -1.986397802829742432e-01
2.700000000000000000e+01 -2.079706192016601562e-01
2.800000000000000000e+01 -2.147715091705322266e-01
2.900000000000000000e+01 -2.188251763582229614e-01
3.000000000000000000e+01 -2.204720079898834229e-01
3.100000000000000000e+01 -2.197802364826202393e-01
3.200000000000000000e+01 -2.170655727386474609e-01
3.300000000000000000e+01 -2.125208079814910889e-01
3.400000000000000000e+01 -2.062778174877166748e-01
3.500000000000000000e+01 -1.985289901494979858e-01
3.600000000000000000e+01 -1.895249933004379272e-01
3.700000000000000000e+01 -1.796155869960784912e-01
3.800000000000000000e+01 -1.689819246530532837e-01
3.900000000000000000e+01 -1.577244848012924194e-01
4.000000000000000000e+01 -1.461015045642852783e-01
4.100000000000000000e+01 -1.339107602834701538e-01
4.200000000000000000e+01 -1.215268447995185852e-01
4.300000000000000000e+01 -1.091071218252182007e-01
4.400000000000000000e+01 -9.667197614908218384e-02
4.500000000000000000e+01 -8.465929329395294189e-02
4.600000000000000000e+01 -7.263327389955520630e-02
4.700000000000000000e+01 -6.074649468064308167e-02
4.800000000000000000e+01 -4.943178221583366394e-02
4.900000000000000000e+01 -3.859975561499595642e-02
5.000000000000000000e+01 -2.839068882167339325e-02
5.100000000000000000e+01 -1.872630603611469269e-02
5.200000000000000000e+01 -9.666167199611663818e-03
5.300000000000000000e+01 -1.145464484579861164e-03
5.400000000000000000e+01 7.088836282491683960e-03
5.500000000000000000e+01 1.466029882431030273e-02
5.600000000000000000e+01 2.168476954102516174e-02
5.700000000000000000e+01 2.795580215752124786e-02
5.800000000000000000e+01 3.360418602824211121e-02
5.900000000000000000e+01 3.887799382209777832e-02
6.000000000000000000e+01 4.340643063187599182e-02
6.100000000000000000e+01 4.742082953453063965e-02
6.200000000000000000e+01 5.039488524198532104e-02
6.300000000000000000e+01 5.286833643913269043e-02
6.400000000000000000e+01 5.445004999637603760e-02
6.500000000000000000e+01 5.546990036964416504e-02
6.600000000000000000e+01 5.634125694632530212e-02
6.700000000000000000e+01 5.652646347880363464e-02
6.800000000000000000e+01 5.620789155364036560e-02
6.900000000000000000e+01 5.537147074937820435e-02
7.000000000000000000e+01 5.389926210045814514e-02
7.100000000000000000e+01 5.185141414403915405e-02
7.200000000000000000e+01 4.949401319026947021e-02
7.300000000000000000e+01 4.683416709303855896e-02
7.400000000000000000e+01 4.390699788928031921e-02
7.500000000000000000e+01 4.080436751246452332e-02
7.600000000000000000e+01 3.741895407438278198e-02
7.700000000000000000e+01 3.442759066820144653e-02
7.800000000000000000e+01 3.170438110828399658e-02
7.900000000000000000e+01 2.906219847500324249e-02
8.000000000000000000e+01 2.701391093432903290e-02
8.100000000000000000e+01 2.478323690593242645e-02
8.200000000000000000e+01 2.234341017901897430e-02
8.300000000000000000e+01 2.035083062946796417e-02
8.400000000000000000e+01 1.803039386868476868e-02
8.500000000000000000e+01 1.590595766901969910e-02
8.600000000000000000e+01 1.421537529677152634e-02
8.700000000000000000e+01 1.222822722047567368e-02
8.800000000000000000e+01 1.007364504039287567e-02
8.900000000000000000e+01 8.451351895928382874e-03
9.000000000000000000e+01 7.247182540595531464e-03
9.100000000000000000e+01 5.760276224464178085e-03
9.200000000000000000e+01 3.546748310327529907e-03
9.300000000000000000e+01 1.143561908975243568e-03
9.400000000000000000e+01 -8.273635176010429859e-04
9.500000000000000000e+01 -2.832795493304729462e-03
9.600000000000000000e+01 -4.021986387670040131e-03
9.700000000000000000e+01 -4.912082571536302567e-03
9.800000000000000000e+01 -5.829402711242437363e-03
9.900000000000000000e+01 -1.044351141899824142e-02
