1.000000000000000000e+00 1.000000000000000000e+00
2.000000000000000000e+00 8.693110346794128418e-01
3.000000000000000000e+00 7.704299688339233398e-01
4.000000000000000000e+00 6.866821050643920898e-01
5.000000000000000000e+00 6.120440363883972168e-01
6.000000000000000000e+00 5.437812209129333496e-01
7.000000000000000000e+00 4.808825552463531494e-01
8.000000000000000000e+00 4.221173226833343506e-01
9.000000000000000000e+00 3.668883144855499268e-01
1.000000000000000000e+01 3.147772848606109619e-01
1.100000000000000000e+01 2.652886509895324707e-01
1.200000000000000000e+01 2.180704474449157715e-01
1.300000000000000000e+01 1.730953156948089600e-01
1.400000000000000000e+01 1.303003579378128052e-01
1.500000000000000000e+01 8.966305106878280640e-02
1.600000000000000000e+01 5.101314932107925415e-02
1.700000000000000000e+01 1.446593180298805237e-02
1.800000000000000000e+01 -1.956930011510848999e-02
1.900000000000000000e+01 -5.132081732153892517e-02
2.000000000000000000e+01 -8.054999262094497681e-02
2.100000000000000000e+01 -1.073677986860275269e-01
2.200000000000000000e+01 -1.314649581909179688e-01
2.300000000000000000e+01 -1.525339335203170776e-01
2.400000000000000000e+01 -1.708272248506546021e-01
2.500000000000000000e+01 -1.862535029649734497e-01
2.600000000000000000e+01 -1.988119333982467651e-01
2.700000000000000000e+01 -2.084406614303588867e-01
2.800000000000000000e+01 -2.154096812009811401e-01
2.900000000000000000e+01 -2.197160273790359497e-01
3.000000000000000000e+01 -2.213857620954513550e-01
3.100000000000000000e+01 -2.210551351308822632e-01
3.200000000000000000e+01 -2.187708467245101929e-01
3.300000000000000000e+01 -2.142579704523086548e-01
3.400000000000000000e+01 -2.082132548093795776e-01
3.500000000000000000e+01 -2.006974369287490845e-01
3.600000000000000000e+01 -1.917848289012908936e-01
3.700000000000000000e+01 -1.820041388273239136e-01
3.800000000000000000e+01 -1.714493930339813232e-01
3.900000000000000000e+01 -1.602016985416412354e-01
4.000000000000000000e+01 -1.483226716518402100e-01
4.100000000000000000e+01 -1.359377652406692505e-01
4.200000000000000000e+01 -1.235938817262649536e-01
4.300000000000000000e+01 -1.114063560962677002e-01
4.400000000000000000e+01 -9.912360459566116333e-02
4.500000000000000000e+01 -8.691021800041198730e-02
4.600000000000000000e+01 -7.494036108255386353e-02
4.700000000000000000e+01 -6.345482170581817627e-02
4.800000000000000000e+01 -5.228430405259132385e-02
4.900000000000000000e+01 -4.130962118506431580e-02
5.000000000000000000e+01 -3.089750371873378754e-02
5.100000000000000000e+01 -2.115699648857116699e-02
5.200000000000000000e+01 -1.208800543099641800e-02
5.300000000000000000e+01 -3.659507026895880699e-03
5.400000000000000000e+01 4.324610810726881027e-03
5.500000000000000000e+01 1.175001077353954315e-02
5.600000000000000000e+01 1.864116080105304718e-02
5.700000000000000000e+01 2.490622550249099731e-02
5.800000000000000000e+01 3.034757636487483978e-02
5.900000000000000000e+01 3.542273491621017456e-02
6.000000000000000000e+01 3.997829183936119080e-02
6.100000000000000000e+01 4.390738531947135925e-02
6.200000000000000000e+01 4.723515734076499939e-02
6.300000000000000000e+01 4.989532753825187683e-02
6.400000000000000000e+01 5.211444199085235596e-02
6.500000000000000000e+01 5.357037484645843506e-02
6.600000000000000000e+01 5.432422459125518799e-02
6.700000000000000000e+01 5.511815845966339111e-02
6.800000000000000000e+01 5.514525249600410461e-02
6.900000000000000000e+01 5.470826104283332825e-02
7.000000000000000000e+01 5.374524369835853577e-02
7.100000000000000000e+01 5.250262841582298279e-02
7.200000000000000000e+01 5.079619958996772766e-02
7.300000000000000000e+01 4.873242229223251343e-02
7.400000000000000000e+01 4.619104042649269104e-02
7.500000000000000000e+01 4.392261058092117310e-02
7.600000000000000000e+01 4.191549122333526611e-02
7.700000000000000000e+01 3.999026119709014893e-02
7.800000000000000000e+01 3.777732327580451965e-02
7.900000000000000000e+01 3.487143293023109436e-02
8.000000000000000000e+01 3.215805068612098694e-02
8.100000000000000000e+01 2.917051501572132111e-02
8.200000000000000000e+01 2.661387994885444641e-02
8.300000000000000000e+01 2.411574311554431915e-02
8.400000000000000000e+01 2.116683125495910645e-02
8.500000000000000000e+01 1.782205700874328613e-02
8.600000000000000000e+01 1.481206621974706650e-02
8.700000000000000000e+01 1.239817030727863312e-02
8.800000000000000000e+01 9.676895104348659515e-03
8.900000000000000000e+01 6.707159336656332016e-03
9.000000000000000000e+01 3.905465360730886459e-03
9.100000000000000000e+01 7.364578195847570896e-04
9.200000000000000000e+01 -1.908798934891819954e-03
9.300000000000000000e+01 -4.602339118719100952e-03
9.400000000000000000e+01 -6.481190677732229233e-03
9.500000000000000000e+01 -6.868987809866666794e-03
9.600000000000000000e+01 -7.926089689135551453e-03
9.700000000000000000e+01 -9.126246906816959381e-03
9.800000000000000000e+01 -1.012315787374973297e-02
9.900000000000000000e+01 -1.209198031574487686e-02
