1.000000000000000000e+00 1.000000000000000000e+00
2.000000000000000000e+00 8.726192712783813477e-01
3.000000000000000000e+00 7.759746313095092773e-01
4.000000000000000000e+00 6.942103505134582520e-01
5.000000000000000000e+00 6.212507486343383789e-01
6.000000000000000000e+00 5.542449355125427246e-01
7.000000000000000000e+00 4.921620488166809082e-01
8.000000000000000000e+00 4.341117143630981445e-01
9.000000000000000000e+00 3.794148266315460205e-01
1.000000000000000000e+01 3.277123570442199707e-01
1.100000000000000000e+01 2.785414755344390869e-01
1.200000000000000000e+01 2.315700054168701172e-01
1.300000000000000000e+01 1.865337938070297241e-01
1.400000000000000000e+01 1.434878855943679810e-01
1.500000000000000000e+01 1.023484915494918823e-01
1.600000000000000000e+01 6.303109973669052124e-02
1.700000000000000000e+01 2.541455812752246857e-02
1.800000000000000000e+01 -9.960338473320007324e-03
1.900000000000000000e+01 -4.333332926034927368e-02
2.000000000000000000e+01 -7.423010468482971191e-02
2.100000000000000000e+01 -1.026527807116508484e-01
2.200000000000000000e+01 -1.283105015754699707e-01
2.300000000000000000e+01 -1.511765271425247192e-01
2.400000000000000000e+01 -1.711132824420928955e-01
2.500000000000000000e+01 -1.880286931991577148e-01
2.600000000000000000e+01 -2.019392699003219604e-01
2.700000000000000000e+01 -2.131042629480361938e-01
2.800000000000000000e+01 -2.214721292257308960e-01
2.900000000000000000e+01 -2.271530181169509888e-01
3.000000000000000000e+01 -2.302087545394897461e-01
3.100000000000000000e+01 -2.308571785688400269e-01
3.200000000000000000e+01 -2.292701005935668945e-01
3.300000000000000000e+01 -2.257503569126129150e-01
3.400000000000000000e+01 -2.204079329967498779e-01
3.500000000000000000e+01 -2.134230285882949829e-01
3.600000000000000000e+01 -2.048846930265426636e-01
3.700000000000000000e+01 -1.948694437742233276e-01
3.800000000000000000e+01 -1.840047091245651245e-01
3.900000000000000000e+01 -1.725140213966369629e-01
4.000000000000000000e+01 -1.607594341039657593e-01
4.100000000000000000e+01 -1.482770889997482300e-01
4.200000000000000000e+01 -1.355826258659362793e-01
4.300000000000000000e+01 -1.228776201605796814e-01
4.400000000000000000e+01 -1.104015558958053589e-01
4.500000000000000000e+01 -9.776839613914489746e-02
4.600000000000000000e+01 -8.521161973476409912e-02
4.700000000000000000e+01 -7.277215272188186646e-02
4.800000000000000000e+01 -6.091278046369552612e-02
4.900000000000000000e+01 -4.917764663696289062e-02
5.000000000000000000e+01 -3.805547952651977539e-02
5.100000000000000000e+01 -2.739019878208637238e-02
5.200000000000000000e+01 -1.721446402370929718e-02
5.300000000000000000e+01 -7.796353660523891449e-03
5.400000000000000000e+01 9.744280832819640636e-04
5.500000000000000000e+01 9.407489560544490814e-03
5.600000000000000000e+01 1.722341589629650116e-02
5.700000000000000000e+01 2.452966943383216858e-02
5.800000000000000000e+01 3.111945278942584991e-02
5.900000000000000000e+01 3.668692335486412048e-02
6.000000000000000000e+01 4.158837720751762390e-02
6.100000000000000000e+01 4.588642343878746033e-02
6.200000000000000000e+01 4.956808313727378845e-02
6.300000000000000000e+01 5.265123397111892700e-02
6.400000000000000000e+01 5.500920116901397705e-02
6.500000000000000000e+01 5.672872811555862427e-02
6.600000000000000000e+01 5.787585675716400146e-02
6.700000000000000000e+01 5.855417996644973755e-02
6.800000000000000000e+01 5.861936137080192566e-02
6.900000000000000000e+01 5.824650451540946960e-02
7.000000000000000000e+01 5.739561095833778381e-02
7.100000000000000000e+01 5.592516809701919556e-02
7.200000000000000000e+01 5.425177514553070068e-02
7.300000000000000000e+01 5.219928175210952759e-02
7.400000000000000000e+01 4.984533414244651794e-02
7.500000000000000000e+01 4.719671607017517090e-02
7.600000000000000000e+01 4.452291503548622131e-02
7.700000000000000000e+01 4.146485775709152222e-02
7.800000000000000000e+01 3.854170069098472595e-02
7.900000000000000000e+01 3.577553480863571167e-02
8.000000000000000000e+01 3.238794952630996704e-02
8.100000000000000000e+01 2.907592989504337311e-02
8.200000000000000000e+01 2.625249326229095459e-02
8.300000000000000000e+01 2.345900796353816986e-02
8.400000000000000000e+01 2.106513641774654388e-02
8.500000000000000000e+01 1.861816644668579102e-02
8.600000000000000000e+01 1.649411022663116455e-02
8.700000000000000000e+01 1.428578607738018036e-02
8.800000000000000000e+01 1.212622132152318954e-02
8.900000000000000000e+01 1.040981151163578033e-02
9.000000000000000000e+01 8.583749644458293915e-03
9.100000000000000000e+01 6.757710594683885574e-03
9.200000000000000000e+01 5.209329072386026382e-03
9.300000000000000000e+01 2.865532180294394493e-03
9.400000000000000000e+01 6.661856314167380333e-04
9.500000000000000000e+01 -1.245558727532625198e-03
9.600000000000000000e+01 -3.090787213295698166e-03
9.700000000000000000e+01 -4.573635756969451904e-03
9.800000000000000000e+01 -6.424039602279663086e-03
9.900000000000000000e+01 -7.978492416441440582e-03
