1.000000000000000000e+00 1.000000000000000000e+00
2.000000000000000000e+00 8.676968812942504883e-01
3.000000000000000000e+00 7.677021622657775879e-01
4.000000000000000000e+00 6.831135153770446777e-01
5.000000000000000000e+00 6.078032255172729492e-01
6.000000000000000000e+00 5.390060544013977051e-01
7.000000000000000000e+00 4.754713475704193115e-01
8.000000000000000000e+00 4.164434075355529785e-01
9.000000000000000000e+00 3.610275685787200928e-01
1.000000000000000000e+01 3.089746534824371338e-01
1.100000000000000000e+01 2.595466673374176025e-01
1.200000000000000000e+01 2.123606652021408081e-01
1.300000000000000000e+01 1.676475405693054199e-01
1.400000000000000000e+01 1.250644475221633911e-01
1.500000000000000000e+01 8.467724174261093140e-02
1.600000000000000000e+01 4.642472416162490845e-02
1.700000000000000000e+01 1.034727040678262711e-02
1.800000000000000000e+01 -2.353580854833126068e-02
1.900000000000000000e+01 -5.478614568710327148e-02
2.000000000000000000e+01 -8.341411501169204712e-02
2.100000000000000000e+01 -1.096946075558662415e-01
2.200000000000000000e+01 -1.330486238002777100e-01
2.300000000000000000e+01 -1.535540223121643066e-01
2.400000000000000000e+01 -1.712348759174346924e-01
2.500000000000000000e+01 -1.858963072299957275e-01
2.600000000000000000e+01 -1.976692825555801392e-01
2.700000000000000000e+01 -2.065908759832382202e-01
2.800000000000000000e+01 -2.128858715295791626e-01
2.900000000000000000e+01 -2.165513932704925537e-01
3.000000000000000000e+01 -2.175776064395904541e-01
3.100000000000000000e+01 -2.163842171430587769e-01
3.200000000000000000e+01 -2.134014517068862915e-01
3.300000000000000000e+01 -2.084789574146270752e-01
3.400000000000000000e+01 -2.019192278385162354e-01
3.500000000000000000e+01 -1.941292136907577515e-01
3.600000000000000000e+01 -1.849504709243774414e-01
3.700000000000000000e+01 -1.749514490365982056e-01
3.800000000000000000e+01 -1.641284674406051636e-01
3.900000000000000000e+01 -1.527726650238037109e-01
4.000000000000000000e+01 -1.408486664295196533e-01
4.100000000000000000e+01 -1.286624222993850708e-01
4.200000000000000000e+01 -1.163893863558769226e-01
4.300000000000000000e+01 -1.040281802415847778e-01
4.400000000000000000e+01 -9.203253686428070068e-02
4.500000000000000000e+01 -8.036448806524276733e-02
4.600000000000000000e+01 -6.904409080743789673e-02
4.700000000000000000e+01 -5.806997790932655334e-02
4.800000000000000000e+01 -4.740292206406593323e-02
4.900000000000000000e+01 -3.674348071217536926e-02
5.000000000000000000e+01 -2.646497823297977448e-02
5.100000000000000000e+01 -1.670026034116744995e-02
5.200000000000000000e+01 -7.587220985442399979e-03
5.300000000000000000e+01 1.072305021807551384e-03
5.400000000000000000e+01 8.941059932112693787e-03
5.500000000000000000e+01 1.626983657479286194e-02
5.600000000000000000e+01 2.259163185954093933e-02
5.700000000000000000e+01 2.822330035269260406e-02
5.800000000000000000e+01 3.327633813023567200e-02
5.900000000000000000e+01 3.770517557859420776e-02
6.000000000000000000e+01 4.157650470733642578e-02
6.100000000000000000e+01 4.511928558349609375e-02
6.200000000000000000e+01 4.832736775279045105e-02
6.300000000000000000e+01 5.105851963162422180e-02
6.400000000000000000e+01 5.271924287080764771e-02
6.500000000000000000e+01 5.374803394079208374e-02
6.600000000000000000e+01 5.404558405280113220e-02
6.700000000000000000e+01 5.360881984233856201e-02
6.800000000000000000e+01 5.255546420812606812e-02
6.900000000000000000e+01 5.136974155902862549e-02
7.000000000000000000e+01 5.020410194993019104e-02
7.100000000000000000e+01 4.877588152885437012e-02
7.200000000000000000e+01 4.675864428281784058e-02
7.300000000000000000e+01 4.485880583524703979e-02
7.400000000000000000e+01 4.276835173368453979e-02
7.500000000000000000e+01 4.054528474807739258e-02
7.600000000000000000e+01 3.834157809615135193e-02
7.700000000000000000e+01 3.573380038142204285e-02
7.800000000000000000e+01 3.308051824569702148e-02
7.900000000000000000e+01 2.988540008664131165e-02
8.000000000000000000e+01 2.682307921350002289e-02
8.100000000000000000e+01 2.394279651343822479e-02
8.200000000000000000e+01 2.139474265277385712e-02
8.300000000000000000e+01 1.853062398731708527e-02
8.400000000000000000e+01 1.556287426501512527e-02
8.500000000000000000e+01 1.322905253618955612e-02
8.600000000000000000e+01 1.069314032793045044e-02
8.700000000000000000e+01 7.931912317872047424e-03
8.800000000000000000e+01 5.063626915216445923e-03
8.900000000000000000e+01 2.298397244885563850e-03
9.000000000000000000e+01 1.532278838567435741e-04
9.100000000000000000e+01 -1.813916373066604137e-03
9.200000000000000000e+01 -3.101471811532974243e-03
9.300000000000000000e+01 -4.660914186388254166e-03
9.400000000000000000e+01 -6.209770217537879944e-03
9.500000000000000000e+01 -8.304181508719921112e-03
9.600000000000000000e+01 -1.077809650450944901e-02
9.700000000000000000e+01 -1.173332985490560532e-02
9.800000000000000000e+01 -1.389363687485456467e-02
9.900000000000000000e+01 -1.257658656686544418e-02
