1.000000000000000000e+00 1.000000000000000000e+00
2.000000000000000000e+00 8.708760738372802734e-01
3.000000000000000000e+00 7.731492519378662109e-01
4.000000000000000000e+00 6.903674602508544922e-01
5.000000000000000000e+00 6.164672374725341797e-01
6.000000000000000000e+00 5.488823056221008301e-01
7.000000000000000000e+00 4.862731099128723145e-01
8.000000000000000000e+00 4.278200268745422363e-01
9.000000000000000000e+00 3.729073107242584229e-01
1.000000000000000000e+01 3.210646808147430420e-01
1.100000000000000000e+01 2.716613709926605225e-01
1.200000000000000000e+01 2.245155572891235352e-01
1.300000000000000000e+01 1.795913279056549072e-01
1.400000000000000000e+01 1.368025094270706177e-01
1.500000000000000000e+01 9.578355401754379272e-02
1.600000000000000000e+01 5.673023685812950134e-02
1.700000000000000000e+01 1.968673057854175568e-02
1.800000000000000000e+01 -1.529412064701318741e-02
1.900000000000000000e+01 -4.789794236421585083e-02
2.000000000000000000e+01 -7.792714983224868774e-02
2.100000000000000000e+01 -1.055374294519424438e-01
2.200000000000000000e+01 -1.302926838397979736e-01
2.300000000000000000e+01 -1.522610187530517578e-01
2.400000000000000000e+01 -1.712621748447418213e-01
2.500000000000000000e+01 -1.875444650650024414e-01
2.600000000000000000e+01 -2.009365260601043701e-01
2.700000000000000000e+01 -2.114277034997940063e-01
2.800000000000000000e+01 -2.191706448793411255e-01
2.900000000000000000e+01 -2.239933162927627563e-01
3.000000000000000000e+01 -2.262410074472427368e-01
3.100000000000000000e+01 -2.260362803936004639e-01
3.200000000000000000e+01 -2.238396853208541870e-01
3.300000000000000000e+01 -2.197715938091278076e-01
3.400000000000000000e+01 -2.140657603740692139e-01
3.500000000000000000e+01 -2.067377716302871704e-01
3.600000000000000000e+01 -1.982450038194656372e-01
3.700000000000000000e+01 -1.886255145072937012e-01
3.800000000000000000e+01 -1.780375987291336060e-01
3.900000000000000000e+01 -1.667245179414749146e-01
4.000000000000000000e+01 -1.547927409410476685e-01
4.100000000000000000e+01 -1.422379165887832642e-01
4.200000000000000000e+01 -1.295861601829528809e-01
4.300000000000000000e+01 -1.167848855257034302e-01
4.400000000000000000e+01 -1.039797589182853699e-01
4.500000000000000000e+01 -9.157612919807434082e-02
4.600000000000000000e+01 -7.924103736877441406e-02
4.700000000000000000e+01 -6.727722287178039551e-02
4.800000000000000000e+01 -5.558577552437782288e-02
4.900000000000000000e+01 -4.437150433659553528e-02
5.000000000000000000e+01 -3.370337188243865967e-02
5.100000000000000000e+01 -2.371247671544551849e-02
5.200000000000000000e+01 -1.421792991459369659e-02
5.300000000000000000e+01 -5.197787657380104065e-03
5.400000000000000000e+01 3.311535576358437538e-03
5.500000000000000000e+01 1.111750211566686630e-02
5.600000000000000000e+01 1.827197521924972534e-02
5.700000000000000000e+01 2.486823871731758118e-02
5.800000000000000000e+01 3.095251880586147308e-02
5.900000000000000000e+01 3.674932569265365601e-02
6.000000000000000000e+01 4.180836305022239685e-02
6.100000000000000000e+01 4.635128751397132874e-02
6.200000000000000000e+01 5.026395991444587708e-02
6.300000000000000000e+01 5.330976098775863647e-02
6.400000000000000000e+01 5.547872185707092285e-02
6.500000000000000000e+01 5.696465447545051575e-02
6.600000000000000000e+01 5.813575908541679382e-02
6.700000000000000000e+01 5.865432694554328918e-02
6.800000000000000000e+01 5.845737457275390625e-02
6.900000000000000000e+01 5.756917968392372131e-02
7.000000000000000000e+01 5.618363246321678162e-02
7.100000000000000000e+01 5.445604026317596436e-02
7.200000000000000000e+01 5.226943641901016235e-02
7.300000000000000000e+01 4.958602786064147949e-02
7.400000000000000000e+01 4.669141769409179688e-02
7.500000000000000000e+01 4.363347962498664856e-02
7.600000000000000000e+01 4.083504527807235718e-02
7.700000000000000000e+01 3.797525167465209961e-02
7.800000000000000000e+01 3.518748283386230469e-02
7.900000000000000000e+01 3.249847143888473511e-02
8.000000000000000000e+01 2.967072278261184692e-02
8.100000000000000000e+01 2.712294831871986389e-02
8.200000000000000000e+01 2.466454729437828064e-02
8.300000000000000000e+01 2.269069850444793701e-02
8.400000000000000000e+01 2.040745317935943604e-02
8.500000000000000000e+01 1.764707081019878387e-02
8.600000000000000000e+01 1.506037265062332153e-02
8.700000000000000000e+01 1.241668872535228729e-02
8.800000000000000000e+01 9.841581806540489197e-03
8.900000000000000000e+01 7.718423381447792053e-03
9.000000000000000000e+01 5.142578855156898499e-03
9.100000000000000000e+01 2.204875927418470383e-03
9.200000000000000000e+01 -6.657245685346424580e-04
9.300000000000000000e+01 -3.105834359303116798e-03
9.400000000000000000e+01 -4.801969043910503387e-03
9.500000000000000000e+01 -6.182681769132614136e-03
9.600000000000000000e+01 -7.196286227554082870e-03
9.700000000000000000e+01 -8.968589827418327332e-03
9.800000000000000000e+01 -1.071224082261323929e-02
9.900000000000000000e+01 -1.101819239556789398e-02
