1.000000000000000000e+00 1.000000000000000000e+00
2.000000000000000000e+00 8.678344488143920898e-01
3.000000000000000000e+00 7.680104970932006836e-01
4.000000000000000000e+00 6.835428476333618164e-01
5.000000000000000000e+00 6.083579063415527344e-01
6.000000000000000000e+00 5.397227406501770020e-01
7.000000000000000000e+00 4.763344228267669678e-01
8.000000000000000000e+00 4.172919094562530518e-01
9.000000000000000000e+00 3.617385327816009521e-01
1.000000000000000000e+01 3.093752562999725342e-01
1.100000000000000000e+01 2.597362995147705078e-01
1.200000000000000000e+01 2.126786112785339355e-01
1.300000000000000000e+01 1.681560128927230835e-01
1.400000000000000000e+01 1.255751699209213257e-01
1.500000000000000000e+01 8.497997373342514038e-02
1.600000000000000000e+01 4.660310223698616028e-02
1.700000000000000000e+01 1.048561651259660721e-02
1.800000000000000000e+01 -2.342040464282035828e-02
1.900000000000000000e+01 -5.481208860874176025e-02
2.000000000000000000e+01 -8.361917734146118164e-02
2.100000000000000000e+01 -1.097443997859954834e-01
2.200000000000000000e+01 -1.330620199441909790e-01
2.300000000000000000e+01 -1.535721570253372192e-01
2.400000000000000000e+01 -1.710987538099288940e-01
2.500000000000000000e+01 -1.859531402587890625e-01
2.600000000000000000e+01 -1.976745724678039551e-01
2.700000000000000000e+01 -2.069095522165298462e-01
2.800000000000000000e+01 -2.135163247585296631e-01
2.900000000000000000e+01 -2.176753133535385132e-01
3.000000000000000000e+01 -2.192502468824386597e-01
3.100000000000000000e+01 -2.182461023330688477e-01
3.200000000000000000e+01 -2.150721549987792969e-01
3.300000000000000000e+01 -2.099829018115997314e-01
3.400000000000000000e+01 -2.034367471933364868e-01
3.500000000000000000e+01 -1.953873336315155029e-01
3.600000000000000000e+01 -1.861872822046279907e-01
3.700000000000000000e+01 -1.757655441761016846e-01
3.800000000000000000e+01 -1.647142171859741211e-01
3.900000000000000000e+01 -1.533906012773513794e-01
4.000000000000000000e+01 -1.417632550001144409e-01
4.100000000000000000e+01 -1.297363340854644775e-01
4.200000000000000000e+01 -1.176507845520973206e-01
4.300000000000000000e+01 -1.053050905466079712e-01
4.400000000000000000e+01 -9.312996268272399902e-02
4.500000000000000000e+01 -8.123797923326492310e-02
4.600000000000000000e+01 -6.945605576038360596e-02
4.700000000000000000e+01 -5.834323167800903320e-02
4.800000000000000000e+01 -4.746752604842185974e-02
4.900000000000000000e+01 -3.704376891255378723e-02
5.000000000000000000e+01 -2.714656479656696320e-02
5.100000000000000000e+01 -1.755867525935173035e-02
5.200000000000000000e+01 -8.563226088881492615e-03
5.300000000000000000e+01 -4.512680607149377465e-05
5.400000000000000000e+01 8.137626573443412781e-03
5.500000000000000000e+01 1.534925680607557297e-02
5.600000000000000000e+01 2.212495356798171997e-02
5.700000000000000000e+01 2.810917235910892487e-02
5.800000000000000000e+01 3.358574584126472473e-02
5.900000000000000000e+01 3.860267251729965210e-02
6.000000000000000000e+01 4.269432276487350464e-02
6.100000000000000000e+01 4.612598568201065063e-02
6.200000000000000000e+01 4.919314384460449219e-02
6.300000000000000000e+01 5.146078020334243774e-02
6.400000000000000000e+01 5.323744937777519226e-02
6.500000000000000000e+01 5.400563031435012817e-02
6.600000000000000000e+01 5.441126599907875061e-02
6.700000000000000000e+01 5.442149192094802856e-02
6.800000000000000000e+01 5.396031960844993591e-02
6.900000000000000000e+01 5.312412604689598083e-02
7.000000000000000000e+01 5.177724733948707581e-02
7.100000000000000000e+01 5.022644996643066406e-02
7.200000000000000000e+01 4.804214462637901306e-02
7.300000000000000000e+01 4.557036608457565308e-02
7.400000000000000000e+01 4.333899542689323425e-02
7.500000000000000000e+01 4.090432077646255493e-02
7.600000000000000000e+01 3.848477825522422791e-02
7.700000000000000000e+01 3.566349670290946960e-02
7.800000000000000000e+01 3.284938633441925049e-02
7.900000000000000000e+01 2.949298359453678131e-02
8.000000000000000000e+01 2.661112509667873383e-02
8.100000000000000000e+01 2.353837713599205017e-02
8.200000000000000000e+01 2.033774182200431824e-02
8.300000000000000000e+01 1.774343103170394897e-02
8.400000000000000000e+01 1.474876515567302704e-02
8.500000000000000000e+01 1.173468772321939468e-02
8.600000000000000000e+01 8.794784545898437500e-03
8.700000000000000000e+01 5.963538307696580887e-03
8.800000000000000000e+01 3.143558045849204063e-03
8.900000000000000000e+01 7.575064664706587791e-04
9.000000000000000000e+01 -1.243385486304759979e-03
9.100000000000000000e+01 -3.122952999547123909e-03
9.200000000000000000e+01 -4.506691358983516693e-03
9.300000000000000000e+01 -5.395896732807159424e-03
9.400000000000000000e+01 -5.982823669910430908e-03
9.500000000000000000e+01 -6.877265404909849167e-03
9.600000000000000000e+01 -8.739201352000236511e-03
9.700000000000000000e+01 -1.019960734993219376e-02
9.800000000000000000e+01 -1.052814628928899765e-02
9.900000000000000000e+01 -1.265261881053447723e-02
