1.000000000000000000e+00 1.000000000000000000e+00
2.000000000000000000e+00 8.510375022888183594e-01
3.000000000000000000e+00 7.396702766418457031e-01
4.000000000000000000e+00 6.467605829238891602e-01
5.000000000000000000e+00 5.656314492225646973e-01
6.000000000000000000e+00 4.926107525825500488e-01
7.000000000000000000e+00 4.261916577816009521e-01
8.000000000000000000e+00 3.653895258903503418e-01
9.000000000000000000e+00 3.092866539955139160e-01
1.000000000000000000e+01 2.574093639850616455e-01
1.100000000000000000e+01 2.090004980564117432e-01
1.200000000000000000e+01 1.636449545621871948e-01
1.300000000000000000e+01 1.212471872568130493e-01
1.400000000000000000e+01 8.152700215578079224e-02
1.500000000000000000e+01 4.469697549939155579e-02
1.600000000000000000e+01 1.041912194341421127e-02
1.700000000000000000e+01 -2.127058990299701691e-02
1.800000000000000000e+01 -4.995970055460929871e-02
1.900000000000000000e+01 -7.570396363735198975e-02
2.000000000000000000e+01 -9.880608320236206055e-02
2.100000000000000000e+01 -1.186448410153388977e-01
2.200000000000000000e+01 -1.355620622634887695e-01
2.300000000000000000e+01 -1.495492756366729736e-01
2.400000000000000000e+01 -1.607664376497268677e-01
2.500000000000000000e+01 -1.689978092908859253e-01
2.600000000000000000e+01 -1.747169494628906250e-01
2.700000000000000000e+01 -1.777792870998382568e-01
2.800000000000000000e+01 -1.784980744123458862e-01
2.900000000000000000e+01 -1.774415969848632812e-01
3.000000000000000000e+01 -1.744015663862228394e-01
3.100000000000000000e+01 -1.696814000606536865e-01
3.200000000000000000e+01 -1.636696159839630127e-01
3.300000000000000000e+01 -1.563577950000762939e-01
3.400000000000000000e+01 -1.482412815093994141e-01
3.500000000000000000e+01 -1.392642557621002197e-01
3.600000000000000000e+01 -1.293313205242156982e-01
3.700000000000000000e+01 -1.191635876893997192e-01
3.800000000000000000e+01 -1.089088469743728638e-01
3.900000000000000000e+01 -9.844918549060821533e-02
4.000000000000000000e+01 -8.800240606069564819e-02
4.100000000000000000e+01 -7.779338210821151733e-02
4.200000000000000000e+01 -6.729806214570999146e-02
4.300000000000000000e+01 -5.697809159755706787e-02
4.400000000000000000e+01 -4.744660481810569763e-02
4.500000000000000000e+01 -3.832113370299339294e-02
4.600000000000000000e+01 -2.961521781980991364e-02
4.700000000000000000e+01 -2.144325338304042816e-02
4.800000000000000000e+01 -1.383945345878601074e-02
4.900000000000000000e+01 -6.966901943087577820e-03
5.000000000000000000e+01 -5.079889087937772274e-04
5.100000000000000000e+01 5.382514093071222305e-03
5.200000000000000000e+01 1.078202109783887863e-02
5.300000000000000000e+01 1.564039662480354309e-02
5.400000000000000000e+01 2.005442790687084198e-02
5.500000000000000000e+01 2.400743030011653900e-02
5.600000000000000000e+01 2.727361023426055908e-02
5.700000000000000000e+01 3.010646440088748932e-02
5.800000000000000000e+01 3.228619694709777832e-02
5.900000000000000000e+01 3.399940207600593567e-02
6.000000000000000000e+01 3.534323349595069885e-02
6.100000000000000000e+01 3.574766591191291809e-02
6.200000000000000000e+01 3.591233119368553162e-02
6.300000000000000000e+01 3.570379689335823059e-02
6.400000000000000000e+01 3.512815758585929871e-02
6.500000000000000000e+01 3.439717367291450500e-02
6.600000000000000000e+01 3.332300484180450439e-02
6.700000000000000000e+01 3.178726136684417725e-02
6.800000000000000000e+01 3.032539971172809601e-02
6.900000000000000000e+01 2.855220250785350800e-02
7.000000000000000000e+01 2.646131999790668488e-02
7.100000000000000000e+01 2.443097159266471863e-02
7.200000000000000000e+01 2.251723967492580414e-02
7.300000000000000000e+01 2.064937539398670197e-02
7.400000000000000000e+01 1.903286576271057129e-02
7.500000000000000000e+01 1.713324524462223053e-02
7.600000000000000000e+01 1.515033002942800522e-02
7.700000000000000000e+01 1.294158026576042175e-02
7.800000000000000000e+01 1.095726341009140015e-02
7.900000000000000000e+01 8.811470121145248413e-03
8.000000000000000000e+01 6.118484307080507278e-03
8.100000000000000000e+01 3.543584840372204781e-03
8.200000000000000000e+01 1.026848913170397282e-03
8.300000000000000000e+01 -9.635401074774563313e-04
8.400000000000000000e+01 -2.914382843300700188e-03
8.500000000000000000e+01 -4.496468696743249893e-03
8.600000000000000000e+01 -5.744461901485919952e-03
8.700000000000000000e+01 -6.947355810552835464e-03
8.800000000000000000e+01 -8.517048321664333344e-03
8.900000000000000000e+01 -1.008388772606849670e-02
9.000000000000000000e+01 -1.092225592583417892e-02
9.100000000000000000e+01 -1.107864081859588623e-02
9.200000000000000000e+01 -1.221127808094024658e-02
9.300000000000000000e+01 -1.301052607595920563e-02
9.400000000000000000e+01 -1.380095817148685455e-02
9.500000000000000000e+01 -1.427090167999267578e-02
9.600000000000000000e+01 -1.390980649739503860e-02
9.700000000000000000e+01 -1.227352302521467209e-02
9.800000000000000000e+01 -1.118533313274383545e-02
9.900000000000000000e+01 -8.528243750333786011e-03
