1.000000000000000000e+00 1.000000000000000000e+00
2.000000000000000000e+00 8.383690714836120605e-01
3.000000000000000000e+00 7.180114984512329102e-01
4.000000000000000000e+00 6.185925006866455078e-01
5.000000000000000000e+00 5.326780676841735840e-01
6.000000000000000000e+00 4.566281139850616455e-01
7.000000000000000000e+00 3.884600400924682617e-01
8.000000000000000000e+00 3.269374370574951172e-01
9.000000000000000000e+00 2.709923386573791504e-01
1.000000000000000000e+01 2.199392318725585938e-01
1.100000000000000000e+01 1.729173660278320312e-01
1.200000000000000000e+01 1.296406537294387817e-01
1.300000000000000000e+01 8.997920900583267212e-02
1.400000000000000000e+01 5.360715091228485107e-02
1.500000000000000000e+01 2.035787887871265411e-02
1.600000000000000000e+01 -9.772459976375102997e-03
1.700000000000000000e+01 -3.715151920914649963e-02
1.800000000000000000e+01 -6.132006645202636719e-02
1.900000000000000000e+01 -8.249237388372421265e-02
2.000000000000000000e+01 -1.004918143153190613e-01
2.100000000000000000e+01 -1.156132295727729797e-01
2.200000000000000000e+01 -1.278375983238220215e-01
2.300000000000000000e+01 -1.372064054012298584e-01
2.400000000000000000e+01 -1.441587060689926147e-01
2.500000000000000000e+01 -1.486544162034988403e-01
2.600000000000000000e+01 -1.505879759788513184e-01
2.700000000000000000e+01 -1.505317836999893188e-01
2.800000000000000000e+01 -1.484926044940948486e-01
2.900000000000000000e+01 -1.447588652372360229e-01
3.000000000000000000e+01 -1.395603865385055542e-01
3.100000000000000000e+01 -1.334020942449569702e-01
3.200000000000000000e+01 -1.263009756803512573e-01
3.300000000000000000e+01 -1.185645163059234619e-01
3.400000000000000000e+01 -1.104997843503952026e-01
3.500000000000000000e+01 -1.019234731793403625e-01
3.600000000000000000e+01 -9.306572377681732178e-02
3.700000000000000000e+01 -8.421918004751205444e-02
3.800000000000000000e+01 -7.550036907196044922e-02
3.900000000000000000e+01 -6.695243716239929199e-02
4.000000000000000000e+01 -5.846232548356056213e-02
4.100000000000000000e+01 -5.026376247406005859e-02
4.200000000000000000e+01 -4.227375611662864685e-02
4.300000000000000000e+01 -3.442473709583282471e-02
4.400000000000000000e+01 -2.714498899877071381e-02
4.500000000000000000e+01 -1.983661390841007233e-02
4.600000000000000000e+01 -1.316205505281686783e-02
4.700000000000000000e+01 -7.214732468128204346e-03
4.800000000000000000e+01 -1.747403526678681374e-03
4.900000000000000000e+01 3.059048671275377274e-03
5.000000000000000000e+01 7.707322482019662857e-03
5.100000000000000000e+01 1.205182354897260666e-02
5.200000000000000000e+01 1.541935931891202927e-02
5.300000000000000000e+01 1.780245266854763031e-02
5.400000000000000000e+01 2.009637653827667236e-02
5.500000000000000000e+01 2.214324660599231720e-02
5.600000000000000000e+01 2.340895123779773712e-02
5.700000000000000000e+01 2.416793629527091980e-02
5.800000000000000000e+01 2.510840259492397308e-02
5.900000000000000000e+01 2.519898302853107452e-02
6.000000000000000000e+01 2.496762946248054504e-02
6.100000000000000000e+01 2.434116415679454803e-02
6.200000000000000000e+01 2.350162900984287262e-02
6.300000000000000000e+01 2.247361466288566589e-02
6.400000000000000000e+01 2.128947339951992035e-02
6.500000000000000000e+01 1.999177411198616028e-02
6.600000000000000000e+01 1.848197914659976959e-02
6.700000000000000000e+01 1.701322756707668304e-02
6.800000000000000000e+01 1.541560981422662735e-02
6.900000000000000000e+01 1.382632739841938019e-02
7.000000000000000000e+01 1.238499674946069717e-02
7.100000000000000000e+01 1.123375073075294495e-02
7.200000000000000000e+01 1.010090298950672150e-02
7.300000000000000000e+01 8.996571414172649384e-03
7.400000000000000000e+01 7.853810675442218781e-03
7.500000000000000000e+01 6.502544973045587540e-03
7.600000000000000000e+01 5.018335767090320587e-03
7.700000000000000000e+01 3.277289681136608124e-03
7.800000000000000000e+01 1.272421213798224926e-03
7.900000000000000000e+01 -8.651427197037264705e-05
8.000000000000000000e+01 -1.293185167014598846e-03
8.100000000000000000e+01 -2.257271204143762589e-03
8.200000000000000000e+01 -3.450255608186125755e-03
8.300000000000000000e+01 -4.783763084560632706e-03
8.400000000000000000e+01 -6.650386843830347061e-03
8.500000000000000000e+01 -7.799281273037195206e-03
8.600000000000000000e+01 -9.011546149849891663e-03
8.700000000000000000e+01 -9.885876439511775970e-03
8.800000000000000000e+01 -1.069264952093362808e-02
8.900000000000000000e+01 -1.123498100787401199e-02
9.000000000000000000e+01 -1.134059112519025803e-02
9.100000000000000000e+01 -1.072462555021047592e-02
9.200000000000000000e+01 -1.080555003136396408e-02
9.300000000000000000e+01 -1.054558996111154556e-02
9.400000000000000000e+01 -9.603717364370822906e-03
9.500000000000000000e+01 -8.963449858129024506e-03
9.600000000000000000e+01 -8.515086956322193146e-03
9.700000000000000000e+01 -8.248359896242618561e-03
9.800000000000000000e+01 -9.543913416564464569e-03
9.900000000000000000e+01 -1.121553312987089157e-02
