1.000000000000000000e+00 1.000000000000000000e+00
2.000000000000000000e+00 8.609005808830261230e-01
3.000000000000000000e+00 7.565138339996337891e-01
4.000000000000000000e+00 6.686779856681823730e-01
5.000000000000000000e+00 5.912599563598632812e-01
6.000000000000000000e+00 5.209403038024902344e-01
7.000000000000000000e+00 4.564182162284851074e-01
8.000000000000000000e+00 3.966013789176940918e-01
9.000000000000000000e+00 3.405434489250183105e-01
1.000000000000000000e+01 2.882201671600341797e-01
1.100000000000000000e+01 2.389408349990844727e-01
1.200000000000000000e+01 1.925113797187805176e-01
1.300000000000000000e+01 1.484857499599456787e-01
1.400000000000000000e+01 1.068545430898666382e-01
1.500000000000000000e+01 6.748800724744796753e-02
1.600000000000000000e+01 3.039727546274662018e-02
1.700000000000000000e+01 -4.096358548849821091e-03
1.800000000000000000e+01 -3.612846136093139648e-02
1.900000000000000000e+01 -6.527006626129150391e-02
2.000000000000000000e+01 -9.158489108085632324e-02
2.100000000000000000e+01 -1.151130124926567078e-01
2.200000000000000000e+01 -1.358074247837066650e-01
2.300000000000000000e+01 -1.537574678659439087e-01
2.400000000000000000e+01 -1.687775850296020508e-01
2.500000000000000000e+01 -1.807220280170440674e-01
2.600000000000000000e+01 -1.899523288011550903e-01
2.700000000000000000e+01 -1.963527649641036987e-01
2.800000000000000000e+01 -2.000321149826049805e-01
2.900000000000000000e+01 -2.015327960252761841e-01
3.000000000000000000e+01 -2.009959220886230469e-01
3.100000000000000000e+01 -1.983002424240112305e-01
3.200000000000000000e+01 -1.937214881181716919e-01
3.300000000000000000e+01 -1.875195950269699097e-01
3.400000000000000000e+01 -1.799813508987426758e-01
3.500000000000000000e+01 -1.712873280048370361e-01
3.600000000000000000e+01 -1.618756353855133057e-01
3.700000000000000000e+01 -1.513632237911224365e-01
3.800000000000000000e+01 -1.408983618021011353e-01
3.900000000000000000e+01 -1.298271417617797852e-01
4.000000000000000000e+01 -1.184584349393844604e-01
4.100000000000000000e+01 -1.072993874549865723e-01
4.200000000000000000e+01 -9.617169946432113647e-02
4.300000000000000000e+01 -8.483152091503143311e-02
4.400000000000000000e+01 -7.384669780731201172e-02
4.500000000000000000e+01 -6.282661110162734985e-02
4.600000000000000000e+01 -5.213842168450355530e-02
4.700000000000000000e+01 -4.194698110222816467e-02
4.800000000000000000e+01 -3.234411031007766724e-02
4.900000000000000000e+01 -2.327291853725910187e-02
5.000000000000000000e+01 -1.470038387924432755e-02
5.100000000000000000e+01 -6.963926367461681366e-03
5.200000000000000000e+01 1.172812189906835556e-04
5.300000000000000000e+01 6.761332508176565170e-03
5.400000000000000000e+01 1.277665887027978897e-02
5.500000000000000000e+01 1.856461726129055023e-02
5.600000000000000000e+01 2.378233708441257477e-02
5.700000000000000000e+01 2.823486737906932831e-02
5.800000000000000000e+01 3.239319100975990295e-02
5.900000000000000000e+01 3.592713177204132080e-02
6.000000000000000000e+01 3.915740549564361572e-02
6.100000000000000000e+01 4.182492569088935852e-02
6.200000000000000000e+01 4.366119951009750366e-02
6.300000000000000000e+01 4.482974484562873840e-02
6.400000000000000000e+01 4.570836946368217468e-02
6.500000000000000000e+01 4.604858532547950745e-02
6.600000000000000000e+01 4.569664597511291504e-02
6.700000000000000000e+01 4.497031494975090027e-02
6.800000000000000000e+01 4.402687028050422668e-02
6.900000000000000000e+01 4.291050136089324951e-02
7.000000000000000000e+01 4.149796068668365479e-02
7.100000000000000000e+01 3.947034850716590881e-02
7.200000000000000000e+01 3.721397370100021362e-02
7.300000000000000000e+01 3.460917249321937561e-02
7.400000000000000000e+01 3.207384049892425537e-02
7.500000000000000000e+01 2.925872057676315308e-02
7.600000000000000000e+01 2.621991373598575592e-02
7.700000000000000000e+01 2.347606606781482697e-02
7.800000000000000000e+01 2.104113064706325531e-02
7.900000000000000000e+01 1.848306506872177124e-02
8.000000000000000000e+01 1.634445041418075562e-02
8.100000000000000000e+01 1.410458981990814209e-02
8.200000000000000000e+01 1.165742147713899612e-02
8.300000000000000000e+01 8.944699540734291077e-03
8.400000000000000000e+01 6.168501451611518860e-03
8.500000000000000000e+01 4.011057317256927490e-03
8.600000000000000000e+01 2.331913448870182037e-03
8.700000000000000000e+01 7.630956824868917465e-04
8.800000000000000000e+01 -8.479715907014906406e-04
8.900000000000000000e+01 -2.665192820131778717e-03
9.000000000000000000e+01 -4.231982864439487457e-03
9.100000000000000000e+01 -5.957969930022954941e-03
9.200000000000000000e+01 -7.094060536473989487e-03
9.300000000000000000e+01 -7.400052156299352646e-03
9.400000000000000000e+01 -8.914268575608730316e-03
9.500000000000000000e+01 -1.102950703352689743e-02
9.600000000000000000e+01 -1.250483188778162003e-02
9.700000000000000000e+01 -1.338809449225664139e-02
9.800000000000000000e+01 -1.409823168069124222e-02
9.900000000000000000e+01 -1.330621819943189621e-02
