1.000000000000000000e+00 1.000000000000000000e+00
2.000000000000000000e+00 8.702943921089172363e-01
3.000000000000000000e+00 7.722904682159423828e-01
4.000000000000000000e+00 6.892052888870239258e-01
5.000000000000000000e+00 6.151229143142700195e-01
6.000000000000000000e+00 5.475510358810424805e-01
7.000000000000000000e+00 4.848839938640594482e-01
8.000000000000000000e+00 4.264834821224212646e-01
9.000000000000000000e+00 3.714931905269622803e-01
1.000000000000000000e+01 3.196747303009033203e-01
1.100000000000000000e+01 2.703802585601806641e-01
1.200000000000000000e+01 2.233117073774337769e-01
1.300000000000000000e+01 1.784328371286392212e-01
1.400000000000000000e+01 1.356318891048431396e-01
1.500000000000000000e+01 9.477966278791427612e-02
1.600000000000000000e+01 5.587010830640792847e-02
1.700000000000000000e+01 1.897804066538810730e-02
1.800000000000000000e+01 -1.576961018145084381e-02
1.900000000000000000e+01 -4.808786511421203613e-02
2.000000000000000000e+01 -7.803875207901000977e-02
2.100000000000000000e+01 -1.055819541215896606e-01
2.200000000000000000e+01 -1.303351819515228271e-01
2.300000000000000000e+01 -1.521899253129959106e-01
2.400000000000000000e+01 -1.710879802703857422e-01
2.500000000000000000e+01 -1.870700269937515259e-01
2.600000000000000000e+01 -2.000234723091125488e-01
2.700000000000000000e+01 -2.099949419498443604e-01
2.800000000000000000e+01 -2.174509614706039429e-01
2.900000000000000000e+01 -2.220153808593750000e-01
3.000000000000000000e+01 -2.240137457847595215e-01
3.100000000000000000e+01 -2.239185422658920288e-01
3.200000000000000000e+01 -2.216747701168060303e-01
3.300000000000000000e+01 -2.175515592098236084e-01
3.400000000000000000e+01 -2.116476744413375854e-01
3.500000000000000000e+01 -2.043345868587493896e-01
3.600000000000000000e+01 -1.956366747617721558e-01
3.700000000000000000e+01 -1.858148127794265747e-01
3.800000000000000000e+01 -1.751182377338409424e-01
3.900000000000000000e+01 -1.640047430992126465e-01
4.000000000000000000e+01 -1.524866819381713867e-01
4.100000000000000000e+01 -1.405446380376815796e-01
4.200000000000000000e+01 -1.281802207231521606e-01
4.300000000000000000e+01 -1.156762987375259399e-01
4.400000000000000000e+01 -1.031807512044906616e-01
4.500000000000000000e+01 -9.080410003662109375e-02
4.600000000000000000e+01 -7.868999987840652466e-02
4.700000000000000000e+01 -6.684866547584533691e-02
4.800000000000000000e+01 -5.555045604705810547e-02
4.900000000000000000e+01 -4.449040070176124573e-02
5.000000000000000000e+01 -3.376298397779464722e-02
5.100000000000000000e+01 -2.356640063226222992e-02
5.200000000000000000e+01 -1.401617191731929779e-02
5.300000000000000000e+01 -5.071124993264675140e-03
5.400000000000000000e+01 3.272758796811103821e-03
5.500000000000000000e+01 1.094154547899961472e-02
5.600000000000000000e+01 1.783614419400691986e-02
5.700000000000000000e+01 2.395703643560409546e-02
5.800000000000000000e+01 2.969287522137165070e-02
5.900000000000000000e+01 3.481512144207954407e-02
6.000000000000000000e+01 3.940168023109436035e-02
6.100000000000000000e+01 4.385340586304664612e-02
6.200000000000000000e+01 4.753221571445465088e-02
6.300000000000000000e+01 5.036722496151924133e-02
6.400000000000000000e+01 5.250605568289756775e-02
6.500000000000000000e+01 5.401769652962684631e-02
6.600000000000000000e+01 5.497197806835174561e-02
6.700000000000000000e+01 5.562530085444450378e-02
6.800000000000000000e+01 5.573756620287895203e-02
6.900000000000000000e+01 5.545252561569213867e-02
7.000000000000000000e+01 5.498117953538894653e-02
7.100000000000000000e+01 5.389850959181785583e-02
7.200000000000000000e+01 5.241425335407257080e-02
7.300000000000000000e+01 5.030066519975662231e-02
7.400000000000000000e+01 4.771355912089347839e-02
7.500000000000000000e+01 4.504797235131263733e-02
7.600000000000000000e+01 4.242859035730361938e-02
7.700000000000000000e+01 4.003769159317016602e-02
7.800000000000000000e+01 3.731177747249603271e-02
7.900000000000000000e+01 3.415725380182266235e-02
8.000000000000000000e+01 3.133274987339973450e-02
8.100000000000000000e+01 2.881047315895557404e-02
8.200000000000000000e+01 2.663437463343143463e-02
8.300000000000000000e+01 2.446220070123672485e-02
8.400000000000000000e+01 2.225763350725173950e-02
8.500000000000000000e+01 2.003341354429721832e-02
8.600000000000000000e+01 1.829703152179718018e-02
8.700000000000000000e+01 1.692159473896026611e-02
8.800000000000000000e+01 1.525219995528459549e-02
8.900000000000000000e+01 1.290084980428218842e-02
9.000000000000000000e+01 1.080123893916606903e-02
9.100000000000000000e+01 8.323450572788715363e-03
9.200000000000000000e+01 5.508043337613344193e-03
9.300000000000000000e+01 2.603986766189336777e-03
9.400000000000000000e+01 1.037820940837264061e-03
9.500000000000000000e+01 -2.045188884949311614e-04
9.600000000000000000e+01 -9.143724455498158932e-04
9.700000000000000000e+01 -1.920494483783841133e-03
9.800000000000000000e+01 -2.375777112320065498e-03
9.900000000000000000e+01 -2.828384749591350555e-03
