1.000000000000000000e+00 1.000000000000000000e+00
2.000000000000000000e+00 8.726922273635864258e-01
3.000000000000000000e+00 7.762019038200378418e-01
4.000000000000000000e+00 6.943549513816833496e-01
5.000000000000000000e+00 6.214190125465393066e-01
6.000000000000000000e+00 5.546270012855529785e-01
7.000000000000000000e+00 4.926789104938507080e-01
8.000000000000000000e+00 4.344978928565979004e-01
9.000000000000000000e+00 3.799176514148712158e-01
1.000000000000000000e+01 3.282167613506317139e-01
1.100000000000000000e+01 2.790080308914184570e-01
1.200000000000000000e+01 2.320556640625000000e-01
1.300000000000000000e+01 1.870913952589035034e-01
1.400000000000000000e+01 1.439812481403350830e-01
1.500000000000000000e+01 1.026940345764160156e-01
1.600000000000000000e+01 6.334590911865234375e-02
1.700000000000000000e+01 2.578274719417095184e-02
1.800000000000000000e+01 -9.701618924736976624e-03
1.900000000000000000e+01 -4.295574501156806946e-02
2.000000000000000000e+01 -7.382449507713317871e-02
2.100000000000000000e+01 -1.021942049264907837e-01
2.200000000000000000e+01 -1.279539316892623901e-01
2.300000000000000000e+01 -1.507574319839477539e-01
2.400000000000000000e+01 -1.705899685621261597e-01
2.500000000000000000e+01 -1.875251084566116333e-01
2.600000000000000000e+01 -2.016360461711883545e-01
2.700000000000000000e+01 -2.129188328981399536e-01
2.800000000000000000e+01 -2.214348465204238892e-01
2.900000000000000000e+01 -2.270139306783676147e-01
3.000000000000000000e+01 -2.301941514015197754e-01
3.100000000000000000e+01 -2.308334708213806152e-01
3.200000000000000000e+01 -2.292322367429733276e-01
3.300000000000000000e+01 -2.254668325185775757e-01
3.400000000000000000e+01 -2.199612855911254883e-01
3.500000000000000000e+01 -2.126015573740005493e-01
3.600000000000000000e+01 -2.040147185325622559e-01
3.700000000000000000e+01 -1.941721141338348389e-01
3.800000000000000000e+01 -1.838812232017517090e-01
3.900000000000000000e+01 -1.726513803005218506e-01
4.000000000000000000e+01 -1.607484370470046997e-01
4.100000000000000000e+01 -1.483290195465087891e-01
4.200000000000000000e+01 -1.358002424240112305e-01
4.300000000000000000e+01 -1.230287551879882812e-01
4.400000000000000000e+01 -1.103864461183547974e-01
4.500000000000000000e+01 -9.787097573280334473e-02
4.600000000000000000e+01 -8.563645929098129272e-02
4.700000000000000000e+01 -7.363110035657882690e-02
4.800000000000000000e+01 -6.180233135819435120e-02
4.900000000000000000e+01 -5.031855404376983643e-02
5.000000000000000000e+01 -3.918520361185073853e-02
5.100000000000000000e+01 -2.867078594863414764e-02
5.200000000000000000e+01 -1.868288964033126831e-02
5.300000000000000000e+01 -9.362651966512203217e-03
5.400000000000000000e+01 -7.084939861670136452e-04
5.500000000000000000e+01 7.581150624901056290e-03
5.600000000000000000e+01 1.549831964075565338e-02
5.700000000000000000e+01 2.283710800111293793e-02
5.800000000000000000e+01 2.961805276572704315e-02
5.900000000000000000e+01 3.547423705458641052e-02
6.000000000000000000e+01 4.086795821785926819e-02
6.100000000000000000e+01 4.545421153306961060e-02
6.200000000000000000e+01 4.955530911684036255e-02
6.300000000000000000e+01 5.276692286133766174e-02
6.400000000000000000e+01 5.525999888777732849e-02
6.500000000000000000e+01 5.699839815497398376e-02
6.600000000000000000e+01 5.825443938374519348e-02
6.700000000000000000e+01 5.883541703224182129e-02
6.800000000000000000e+01 5.929637327790260315e-02
6.900000000000000000e+01 5.885724723339080811e-02
7.000000000000000000e+01 5.839468911290168762e-02
7.100000000000000000e+01 5.705174431204795837e-02
7.200000000000000000e+01 5.505424365401268005e-02
7.300000000000000000e+01 5.283762142062187195e-02
7.400000000000000000e+01 5.008253455162048340e-02
7.500000000000000000e+01 4.732059314846992493e-02
7.600000000000000000e+01 4.465264454483985901e-02
7.700000000000000000e+01 4.223473742604255676e-02
7.800000000000000000e+01 3.980812802910804749e-02
7.900000000000000000e+01 3.771549463272094727e-02
8.000000000000000000e+01 3.536188229918479919e-02
8.100000000000000000e+01 3.322920948266983032e-02
8.200000000000000000e+01 3.090593032538890839e-02
8.300000000000000000e+01 2.800714038312435150e-02
8.400000000000000000e+01 2.507879212498664856e-02
8.500000000000000000e+01 2.230086550116539001e-02
8.600000000000000000e+01 1.948709413409233093e-02
8.700000000000000000e+01 1.676547527313232422e-02
8.800000000000000000e+01 1.420213282108306885e-02
8.900000000000000000e+01 1.189547777175903320e-02
9.000000000000000000e+01 9.461084380745887756e-03
9.100000000000000000e+01 7.616094779223203659e-03
9.200000000000000000e+01 6.476132199168205261e-03
9.300000000000000000e+01 4.659266211092472076e-03
9.400000000000000000e+01 2.087948843836784363e-03
9.500000000000000000e+01 7.461834466084837914e-04
9.600000000000000000e+01 -2.687508531380444765e-04
9.700000000000000000e+01 -2.689398126676678658e-03
9.800000000000000000e+01 -6.290585733950138092e-03
9.900000000000000000e+01 -1.168214064091444016e-02
