1.000000000000000000e+00 1.000000000000000000e+00
2.000000000000000000e+00 8.657292723655700684e-01
3.000000000000000000e+00 7.644937038421630859e-01
4.000000000000000000e+00 6.790911555290222168e-01
5.000000000000000000e+00 6.031315922737121582e-01
6.000000000000000000e+00 5.341922640800476074e-01
7.000000000000000000e+00 4.705367684364318848e-01
8.000000000000000000e+00 4.112827181816101074e-01
9.000000000000000000e+00 3.557678461074829102e-01
1.000000000000000000e+01 3.037118613719940186e-01
1.100000000000000000e+01 2.543623447418212891e-01
1.200000000000000000e+01 2.074135839939117432e-01
1.300000000000000000e+01 1.627121269702911377e-01
1.400000000000000000e+01 1.200612634420394897e-01
1.500000000000000000e+01 7.968790084123611450e-02
1.600000000000000000e+01 4.166100546717643738e-02
1.700000000000000000e+01 6.044084206223487854e-03
1.800000000000000000e+01 -2.732718735933303833e-02
1.900000000000000000e+01 -5.806374922394752502e-02
2.000000000000000000e+01 -8.619932830333709717e-02
2.100000000000000000e+01 -1.116054579615592957e-01
2.200000000000000000e+01 -1.341504156589508057e-01
2.300000000000000000e+01 -1.538958549499511719e-01
2.400000000000000000e+01 -1.706241220235824585e-01
2.500000000000000000e+01 -1.844400167465209961e-01
2.600000000000000000e+01 -1.953789442777633667e-01
2.700000000000000000e+01 -2.035859823226928711e-01
2.800000000000000000e+01 -2.091317772865295410e-01
2.900000000000000000e+01 -2.121337652206420898e-01
3.000000000000000000e+01 -2.125553190708160400e-01
3.100000000000000000e+01 -2.106271982192993164e-01
3.200000000000000000e+01 -2.069276869297027588e-01
3.300000000000000000e+01 -2.013242542743682861e-01
3.400000000000000000e+01 -1.943507045507431030e-01
3.500000000000000000e+01 -1.863737702369689941e-01
3.600000000000000000e+01 -1.772144734859466553e-01
3.700000000000000000e+01 -1.673126369714736938e-01
3.800000000000000000e+01 -1.564885079860687256e-01
3.900000000000000000e+01 -1.454249173402786255e-01
4.000000000000000000e+01 -1.340868622064590454e-01
4.100000000000000000e+01 -1.224178075790405273e-01
4.200000000000000000e+01 -1.104885265231132507e-01
4.300000000000000000e+01 -9.856826066970825195e-02
4.400000000000000000e+01 -8.679898828268051147e-02
4.500000000000000000e+01 -7.529872655868530273e-02
4.600000000000000000e+01 -6.389197707176208496e-02
4.700000000000000000e+01 -5.286550149321556091e-02
4.800000000000000000e+01 -4.245920851826667786e-02
4.900000000000000000e+01 -3.229992091655731201e-02
5.000000000000000000e+01 -2.265384420752525330e-02
5.100000000000000000e+01 -1.341163273900747299e-02
5.200000000000000000e+01 -4.917526617646217346e-03
5.300000000000000000e+01 3.074964508414268494e-03
5.400000000000000000e+01 1.009594369679689407e-02
5.500000000000000000e+01 1.648244634270668030e-02
5.600000000000000000e+01 2.254433557391166687e-02
5.700000000000000000e+01 2.798581309616565704e-02
5.800000000000000000e+01 3.267799317836761475e-02
5.900000000000000000e+01 3.683373332023620605e-02
6.000000000000000000e+01 4.054396227002143860e-02
6.100000000000000000e+01 4.371866956353187561e-02
6.200000000000000000e+01 4.650055617094039917e-02
6.300000000000000000e+01 4.839685931801795959e-02
6.400000000000000000e+01 4.991012811660766602e-02
6.500000000000000000e+01 5.087635666131973267e-02
6.600000000000000000e+01 5.129890888929367065e-02
6.700000000000000000e+01 5.141317471861839294e-02
6.800000000000000000e+01 5.099888518452644348e-02
6.900000000000000000e+01 5.019692331552505493e-02
7.000000000000000000e+01 4.890075698494911194e-02
7.100000000000000000e+01 4.704390466213226318e-02
7.200000000000000000e+01 4.473507031798362732e-02
7.300000000000000000e+01 4.232877120375633240e-02
7.400000000000000000e+01 3.961792960762977600e-02
7.500000000000000000e+01 3.699449449777603149e-02
7.600000000000000000e+01 3.412496298551559448e-02
7.700000000000000000e+01 3.133537620306015015e-02
7.800000000000000000e+01 2.834979631006717682e-02
7.900000000000000000e+01 2.551428787410259247e-02
8.000000000000000000e+01 2.253730967640876770e-02
8.100000000000000000e+01 2.006580680608749390e-02
8.200000000000000000e+01 1.763120666146278381e-02
8.300000000000000000e+01 1.540411636233329773e-02
8.400000000000000000e+01 1.345104537904262543e-02
8.500000000000000000e+01 1.121948286890983582e-02
8.600000000000000000e+01 9.050699882209300995e-03
8.700000000000000000e+01 6.617327686399221420e-03
8.800000000000000000e+01 4.364704713225364685e-03
8.900000000000000000e+01 1.487239729613065720e-03
9.000000000000000000e+01 -1.334555563516914845e-03
9.100000000000000000e+01 -3.826970001682639122e-03
9.200000000000000000e+01 -6.549408659338951111e-03
9.300000000000000000e+01 -8.970737457275390625e-03
9.400000000000000000e+01 -1.132815890014171600e-02
9.500000000000000000e+01 -1.226666476577520370e-02
9.600000000000000000e+01 -1.408233493566513062e-02
9.700000000000000000e+01 -1.538169290870428085e-02
9.800000000000000000e+01 -1.615128107368946075e-02
9.900000000000000000e+01 -1.923067308962345123e-02
