1.000000000000000000e+00 1.000000000000000000e+00
2.000000000000000000e+00 8.659878373146057129e-01
3.000000000000000000e+00 7.649546265602111816e-01
4.000000000000000000e+00 6.794605851173400879e-01
5.000000000000000000e+00 6.036939024925231934e-01
6.000000000000000000e+00 5.345016717910766602e-01
7.000000000000000000e+00 4.706674814224243164e-01
8.000000000000000000e+00 4.114335179328918457e-01
9.000000000000000000e+00 3.560508489608764648e-01
1.000000000000000000e+01 3.041085004806518555e-01
1.100000000000000000e+01 2.547429800033569336e-01
1.200000000000000000e+01 2.078471183776855469e-01
1.300000000000000000e+01 1.631302386522293091e-01
1.400000000000000000e+01 1.207967922091484070e-01
1.500000000000000000e+01 8.073361963033676147e-02
1.600000000000000000e+01 4.277104884386062622e-02
1.700000000000000000e+01 6.930492818355560303e-03
1.800000000000000000e+01 -2.655846811830997467e-02
1.900000000000000000e+01 -5.743432044982910156e-02
2.000000000000000000e+01 -8.563999831676483154e-02
2.100000000000000000e+01 -1.111849993467330933e-01
2.200000000000000000e+01 -1.338357329368591309e-01
2.300000000000000000e+01 -1.535859704017639160e-01
2.400000000000000000e+01 -1.703726798295974731e-01
2.500000000000000000e+01 -1.842571198940277100e-01
2.600000000000000000e+01 -1.955037415027618408e-01
2.700000000000000000e+01 -2.036952525377273560e-01
2.800000000000000000e+01 -2.092273682355880737e-01
2.900000000000000000e+01 -2.121426314115524292e-01
3.000000000000000000e+01 -2.128110677003860474e-01
3.100000000000000000e+01 -2.114139646291732788e-01
3.200000000000000000e+01 -2.080523222684860229e-01
3.300000000000000000e+01 -2.027926594018936157e-01
3.400000000000000000e+01 -1.959035694599151611e-01
3.500000000000000000e+01 -1.879473626613616943e-01
3.600000000000000000e+01 -1.787049472332000732e-01
3.700000000000000000e+01 -1.685457676649093628e-01
3.800000000000000000e+01 -1.576361060142517090e-01
3.900000000000000000e+01 -1.464208662509918213e-01
4.000000000000000000e+01 -1.350137889385223389e-01
4.100000000000000000e+01 -1.233879476785659790e-01
4.200000000000000000e+01 -1.114244237542152405e-01
4.300000000000000000e+01 -9.955825656652450562e-02
4.400000000000000000e+01 -8.788135647773742676e-02
4.500000000000000000e+01 -7.659486681222915649e-02
4.600000000000000000e+01 -6.556393206119537354e-02
4.700000000000000000e+01 -5.464561656117439270e-02
4.800000000000000000e+01 -4.408394172787666321e-02
4.900000000000000000e+01 -3.381535410881042480e-02
5.000000000000000000e+01 -2.386970818042755127e-02
5.100000000000000000e+01 -1.457619015127420425e-02
5.200000000000000000e+01 -5.826267879456281662e-03
5.300000000000000000e+01 2.562857698649168015e-03
5.400000000000000000e+01 1.029019150882959366e-02
5.500000000000000000e+01 1.701402664184570312e-02
5.600000000000000000e+01 2.325777895748615265e-02
5.700000000000000000e+01 2.878646180033683777e-02
5.800000000000000000e+01 3.380789607763290405e-02
5.900000000000000000e+01 3.812142834067344666e-02
6.000000000000000000e+01 4.162535071372985840e-02
6.100000000000000000e+01 4.445603489875793457e-02
6.200000000000000000e+01 4.692573100328445435e-02
6.300000000000000000e+01 4.884296283125877380e-02
6.400000000000000000e+01 5.041271075606346130e-02
6.500000000000000000e+01 5.124920234084129333e-02
6.600000000000000000e+01 5.163804441690444946e-02
6.700000000000000000e+01 5.166601389646530151e-02
6.800000000000000000e+01 5.151587352156639099e-02
6.900000000000000000e+01 5.053293704986572266e-02
7.000000000000000000e+01 4.921495541930198669e-02
7.100000000000000000e+01 4.733582958579063416e-02
7.200000000000000000e+01 4.525243118405342102e-02
7.300000000000000000e+01 4.268621280789375305e-02
7.400000000000000000e+01 3.976000845432281494e-02
7.500000000000000000e+01 3.678526729345321655e-02
7.600000000000000000e+01 3.396947681903839111e-02
7.700000000000000000e+01 3.124317899346351624e-02
7.800000000000000000e+01 2.860029228031635284e-02
7.900000000000000000e+01 2.600575052201747894e-02
8.000000000000000000e+01 2.325796149671077728e-02
8.100000000000000000e+01 2.041497267782688141e-02
8.200000000000000000e+01 1.786519587039947510e-02
8.300000000000000000e+01 1.509953010827302933e-02
8.400000000000000000e+01 1.246070489287376404e-02
8.500000000000000000e+01 1.001763809472322464e-02
8.600000000000000000e+01 7.886439561843872070e-03
8.700000000000000000e+01 5.783056840300559998e-03
8.800000000000000000e+01 3.148624673485755920e-03
8.900000000000000000e+01 1.948688877746462822e-04
9.000000000000000000e+01 -2.052055206149816513e-03
9.100000000000000000e+01 -4.644193686544895172e-03
9.200000000000000000e+01 -7.078570779412984848e-03
9.300000000000000000e+01 -1.007568743079900742e-02
9.400000000000000000e+01 -1.230222638696432114e-02
9.500000000000000000e+01 -1.370738539844751358e-02
9.600000000000000000e+01 -1.520701870322227478e-02
9.700000000000000000e+01 -1.532133202999830246e-02
9.800000000000000000e+01 -1.738712750375270844e-02
9.900000000000000000e+01 -1.937666162848472595e-02
