1.000000000000000000e+00 1.000000000000000000e+00
2.000000000000000000e+00 8.722851276397705078e-01
3.000000000000000000e+00 7.754917144775390625e-01
4.000000000000000000e+00 6.936134099960327148e-01
5.000000000000000000e+00 6.204056739807128906e-01
6.000000000000000000e+00 5.531519055366516113e-01
7.000000000000000000e+00 4.908232092857360840e-01
8.000000000000000000e+00 4.325985610485076904e-01
9.000000000000000000e+00 3.778355419635772705e-01
1.000000000000000000e+01 3.258479833602905273e-01
1.100000000000000000e+01 2.765648066997528076e-01
1.200000000000000000e+01 2.294305264949798584e-01
1.300000000000000000e+01 1.844464987516403198e-01
1.400000000000000000e+01 1.414180994033813477e-01
1.500000000000000000e+01 1.003590449690818787e-01
1.600000000000000000e+01 6.125044822692871094e-02
1.700000000000000000e+01 2.410938218235969543e-02
1.800000000000000000e+01 -1.107078976929187775e-02
1.900000000000000000e+01 -4.399636015295982361e-02
2.000000000000000000e+01 -7.460500299930572510e-02
2.100000000000000000e+01 -1.027943938970565796e-01
2.200000000000000000e+01 -1.282736361026763916e-01
2.300000000000000000e+01 -1.508517861366271973e-01
2.400000000000000000e+01 -1.706517338752746582e-01
2.500000000000000000e+01 -1.874842494726181030e-01
2.600000000000000000e+01 -2.012812495231628418e-01
2.700000000000000000e+01 -2.124286442995071411e-01
2.800000000000000000e+01 -2.206323295831680298e-01
2.900000000000000000e+01 -2.263407558202743530e-01
3.000000000000000000e+01 -2.292248606681823730e-01
3.100000000000000000e+01 -2.297526746988296509e-01
3.200000000000000000e+01 -2.280396372079849243e-01
3.300000000000000000e+01 -2.242974638938903809e-01
3.400000000000000000e+01 -2.187019437551498413e-01
3.500000000000000000e+01 -2.115589976310729980e-01
3.600000000000000000e+01 -2.030794471502304077e-01
3.700000000000000000e+01 -1.933988928794860840e-01
3.800000000000000000e+01 -1.828080713748931885e-01
3.900000000000000000e+01 -1.716321855783462524e-01
4.000000000000000000e+01 -1.595562249422073364e-01
4.100000000000000000e+01 -1.471181809902191162e-01
4.200000000000000000e+01 -1.344635486602783203e-01
4.300000000000000000e+01 -1.215166822075843811e-01
4.400000000000000000e+01 -1.087543964385986328e-01
4.500000000000000000e+01 -9.620992839336395264e-02
4.600000000000000000e+01 -8.363998681306838989e-02
4.700000000000000000e+01 -7.150274515151977539e-02
4.800000000000000000e+01 -5.969672277569770813e-02
4.900000000000000000e+01 -4.837704822421073914e-02
5.000000000000000000e+01 -3.735729306936264038e-02
5.100000000000000000e+01 -2.703594602644443512e-02
5.200000000000000000e+01 -1.738798990845680237e-02
5.300000000000000000e+01 -8.146069943904876709e-03
5.400000000000000000e+01 4.430910921655595303e-04
5.500000000000000000e+01 8.636334910988807678e-03
5.600000000000000000e+01 1.618442870676517487e-02
5.700000000000000000e+01 2.317579649388790131e-02
5.800000000000000000e+01 2.948041260242462158e-02
5.900000000000000000e+01 3.532888740301132202e-02
6.000000000000000000e+01 4.060404375195503235e-02
6.100000000000000000e+01 4.509267210960388184e-02
6.200000000000000000e+01 4.873288795351982117e-02
6.300000000000000000e+01 5.192182213068008423e-02
6.400000000000000000e+01 5.467727780342102051e-02
6.500000000000000000e+01 5.686358362436294556e-02
6.600000000000000000e+01 5.825040116906166077e-02
6.700000000000000000e+01 5.877757444977760315e-02
6.800000000000000000e+01 5.889106914401054382e-02
6.900000000000000000e+01 5.848560854792594910e-02
7.000000000000000000e+01 5.799186229705810547e-02
7.100000000000000000e+01 5.702716857194900513e-02
7.200000000000000000e+01 5.538616701960563660e-02
7.300000000000000000e+01 5.386497452855110168e-02
7.400000000000000000e+01 5.185390636324882507e-02
7.500000000000000000e+01 4.943054169416427612e-02
7.600000000000000000e+01 4.698086529970169067e-02
7.700000000000000000e+01 4.447271302342414856e-02
7.800000000000000000e+01 4.184547811746597290e-02
7.900000000000000000e+01 3.901403024792671204e-02
8.000000000000000000e+01 3.609951585531234741e-02
8.100000000000000000e+01 3.320313990116119385e-02
8.200000000000000000e+01 3.023250401020050049e-02
8.300000000000000000e+01 2.719115838408470154e-02
8.400000000000000000e+01 2.412324771285057068e-02
8.500000000000000000e+01 2.132100611925125122e-02
8.600000000000000000e+01 1.850108988583087921e-02
8.700000000000000000e+01 1.584010012447834015e-02
8.800000000000000000e+01 1.345486100763082504e-02
8.900000000000000000e+01 1.088858675211668015e-02
9.000000000000000000e+01 8.271447382867336273e-03
9.100000000000000000e+01 5.781219340860843658e-03
9.200000000000000000e+01 3.795784665271639824e-03
9.300000000000000000e+01 1.475270022638142109e-03
9.400000000000000000e+01 -1.250414061360061169e-03
9.500000000000000000e+01 -3.498128149658441544e-03
9.600000000000000000e+01 -5.733689293265342712e-03
9.700000000000000000e+01 -7.131573278456926346e-03
9.800000000000000000e+01 -8.420882746577262878e-03
9.900000000000000000e+01 -1.171998400241136551e-02
