1.000000000000000000e+00 1.000000000000000000e+00
2.000000000000000000e+00 8.602891564369201660e-01
3.000000000000000000e+00 7.553135752677917480e-01
4.000000000000000000e+00 6.670756936073303223e-01
5.000000000000000000e+00 5.889413952827453613e-01
6.000000000000000000e+00 5.181436538696289062e-01
7.000000000000000000e+00 4.533700942993164062e-01
8.000000000000000000e+00 3.933667540550231934e-01
9.000000000000000000e+00 3.373819291591644287e-01
1.000000000000000000e+01 2.848801016807556152e-01
1.100000000000000000e+01 2.355522364377975464e-01
1.200000000000000000e+01 1.890071779489517212e-01
1.300000000000000000e+01 1.449391394853591919e-01
1.400000000000000000e+01 1.033837869763374329e-01
1.500000000000000000e+01 6.425386667251586914e-02
1.600000000000000000e+01 2.771522291004657745e-02
1.700000000000000000e+01 -6.328925024718046188e-03
1.800000000000000000e+01 -3.807944059371948242e-02
1.900000000000000000e+01 -6.709011644124984741e-02
2.000000000000000000e+01 -9.346538782119750977e-02
2.100000000000000000e+01 -1.169028878211975098e-01
2.200000000000000000e+01 -1.372825801372528076e-01
2.300000000000000000e+01 -1.546708941459655762e-01
2.400000000000000000e+01 -1.689543724060058594e-01
2.500000000000000000e+01 -1.806501001119613647e-01
2.600000000000000000e+01 -1.896508038043975830e-01
2.700000000000000000e+01 -1.958997249603271484e-01
2.800000000000000000e+01 -1.997138708829879761e-01
2.900000000000000000e+01 -2.008874565362930298e-01
3.000000000000000000e+01 -1.998270750045776367e-01
3.100000000000000000e+01 -1.966398358345031738e-01
3.200000000000000000e+01 -1.916658133268356323e-01
3.300000000000000000e+01 -1.851369440555572510e-01
3.400000000000000000e+01 -1.775062233209609985e-01
3.500000000000000000e+01 -1.688557565212249756e-01
3.600000000000000000e+01 -1.593057662248611450e-01
3.700000000000000000e+01 -1.492182165384292603e-01
3.800000000000000000e+01 -1.384109407663345337e-01
3.900000000000000000e+01 -1.275929063558578491e-01
4.000000000000000000e+01 -1.162805184721946716e-01
4.100000000000000000e+01 -1.045511215925216675e-01
4.200000000000000000e+01 -9.312526881694793701e-02
4.300000000000000000e+01 -8.175534754991531372e-02
4.400000000000000000e+01 -7.052877545356750488e-02
4.500000000000000000e+01 -5.974209681153297424e-02
4.600000000000000000e+01 -4.933347180485725403e-02
4.700000000000000000e+01 -3.942923992872238159e-02
4.800000000000000000e+01 -3.008204512298107147e-02
4.900000000000000000e+01 -2.118691056966781616e-02
5.000000000000000000e+01 -1.267909817397594452e-02
5.100000000000000000e+01 -4.848103970289230347e-03
5.200000000000000000e+01 2.726704347878694534e-03
5.300000000000000000e+01 9.497845545411109924e-03
5.400000000000000000e+01 1.565146818757057190e-02
5.500000000000000000e+01 2.099248766899108887e-02
5.600000000000000000e+01 2.590755373239517212e-02
5.700000000000000000e+01 3.009913861751556396e-02
5.800000000000000000e+01 3.363849595189094543e-02
5.900000000000000000e+01 3.662635385990142822e-02
6.000000000000000000e+01 3.961249068379402161e-02
6.100000000000000000e+01 4.209418222308158875e-02
6.200000000000000000e+01 4.388028383255004883e-02
6.300000000000000000e+01 4.511442035436630249e-02
6.400000000000000000e+01 4.571743309497833252e-02
6.500000000000000000e+01 4.562302306294441223e-02
6.600000000000000000e+01 4.518481343984603882e-02
6.700000000000000000e+01 4.432149231433868408e-02
6.800000000000000000e+01 4.310137033462524414e-02
6.900000000000000000e+01 4.118496552109718323e-02
7.000000000000000000e+01 3.909830003976821899e-02
7.100000000000000000e+01 3.690135106444358826e-02
7.200000000000000000e+01 3.447953239083290100e-02
7.300000000000000000e+01 3.157057985663414001e-02
7.400000000000000000e+01 2.863867767155170441e-02
7.500000000000000000e+01 2.579112164676189423e-02
7.600000000000000000e+01 2.336722053587436676e-02
7.700000000000000000e+01 2.102747932076454163e-02
7.800000000000000000e+01 1.852507703006267548e-02
7.900000000000000000e+01 1.658899523317813873e-02
8.000000000000000000e+01 1.443561911582946777e-02
8.100000000000000000e+01 1.252456195652484894e-02
8.200000000000000000e+01 1.004968862980604172e-02
8.300000000000000000e+01 7.777686230838298798e-03
8.400000000000000000e+01 5.610246676951646805e-03
8.500000000000000000e+01 3.661111230030655861e-03
8.600000000000000000e+01 1.350266160443425179e-03
8.700000000000000000e+01 -4.569818265736103058e-04
8.800000000000000000e+01 -2.453216118738055229e-03
8.900000000000000000e+01 -4.534356761723756790e-03
9.000000000000000000e+01 -6.208224687725305557e-03
9.100000000000000000e+01 -7.644904777407646179e-03
9.200000000000000000e+01 -8.450776338577270508e-03
9.300000000000000000e+01 -9.040773846209049225e-03
9.400000000000000000e+01 -1.062304060906171799e-02
9.500000000000000000e+01 -1.122717652469873428e-02
9.600000000000000000e+01 -1.208396255970001221e-02
9.700000000000000000e+01 -1.248249597847461700e-02
9.800000000000000000e+01 -1.220291946083307266e-02
9.900000000000000000e+01 -1.303215511143207550e-02
