1.000000000000000000e+00 1.000000000000000000e+00
2.000000000000000000e+00 8.712282776832580566e-01
3.000000000000000000e+00 7.738221883773803711e-01
4.000000000000000000e+00 6.913784146308898926e-01
5.000000000000000000e+00 6.178270578384399414e-01
6.000000000000000000e+00 5.504853129386901855e-01
7.000000000000000000e+00 4.879454970359802246e-01
8.000000000000000000e+00 4.297839105129241943e-01
9.000000000000000000e+00 3.748881518840789795e-01
1.000000000000000000e+01 3.231309652328491211e-01
1.100000000000000000e+01 2.736404240131378174e-01
1.200000000000000000e+01 2.265560925006866455e-01
1.300000000000000000e+01 1.815844625234603882e-01
1.400000000000000000e+01 1.386412382125854492e-01
1.500000000000000000e+01 9.772194921970367432e-02
1.600000000000000000e+01 5.871563404798507690e-02
1.700000000000000000e+01 2.135057188570499420e-02
1.800000000000000000e+01 -1.374882087111473083e-02
1.900000000000000000e+01 -4.653197899460792542e-02
2.000000000000000000e+01 -7.681213319301605225e-02
2.100000000000000000e+01 -1.044342666864395142e-01
2.200000000000000000e+01 -1.293779760599136353e-01
2.300000000000000000e+01 -1.515292674303054810e-01
2.400000000000000000e+01 -1.707589924335479736e-01
2.500000000000000000e+01 -1.870027482509613037e-01
2.600000000000000000e+01 -2.003820091485977173e-01
2.700000000000000000e+01 -2.107286006212234497e-01
2.800000000000000000e+01 -2.184396088123321533e-01
2.900000000000000000e+01 -2.234723567962646484e-01
3.000000000000000000e+01 -2.260605990886688232e-01
3.100000000000000000e+01 -2.265001386404037476e-01
3.200000000000000000e+01 -2.246267944574356079e-01
3.300000000000000000e+01 -2.208351492881774902e-01
3.400000000000000000e+01 -2.152956426143646240e-01
3.500000000000000000e+01 -2.079749107360839844e-01
3.600000000000000000e+01 -1.994029283523559570e-01
3.700000000000000000e+01 -1.896136999130249023e-01
3.800000000000000000e+01 -1.789139956235885620e-01
3.900000000000000000e+01 -1.677192449569702148e-01
4.000000000000000000e+01 -1.558747142553329468e-01
4.100000000000000000e+01 -1.437125951051712036e-01
4.200000000000000000e+01 -1.313049495220184326e-01
4.300000000000000000e+01 -1.189682409167289734e-01
4.400000000000000000e+01 -1.065758913755416870e-01
4.500000000000000000e+01 -9.419055283069610596e-02
4.600000000000000000e+01 -8.189567178487777710e-02
4.700000000000000000e+01 -6.971614062786102295e-02
4.800000000000000000e+01 -5.755923315882682800e-02
4.900000000000000000e+01 -4.613916575908660889e-02
5.000000000000000000e+01 -3.514485061168670654e-02
5.100000000000000000e+01 -2.485881932079792023e-02
5.200000000000000000e+01 -1.521353516727685928e-02
5.300000000000000000e+01 -5.916765891015529633e-03
5.400000000000000000e+01 2.731890650466084480e-03
5.500000000000000000e+01 1.067697908729314804e-02
5.600000000000000000e+01 1.803519949316978455e-02
5.700000000000000000e+01 2.474259026348590851e-02
5.800000000000000000e+01 3.069961443543434143e-02
5.900000000000000000e+01 3.631856665015220642e-02
6.000000000000000000e+01 4.137057438492774963e-02
6.100000000000000000e+01 4.601228982210159302e-02
6.200000000000000000e+01 4.992253333330154419e-02
6.300000000000000000e+01 5.283020064234733582e-02
6.400000000000000000e+01 5.503414198756217957e-02
6.500000000000000000e+01 5.689381808042526245e-02
6.600000000000000000e+01 5.821594595909118652e-02
6.700000000000000000e+01 5.836001411080360413e-02
6.800000000000000000e+01 5.805629864335060120e-02
6.900000000000000000e+01 5.678160861134529114e-02
7.000000000000000000e+01 5.553381517529487610e-02
7.100000000000000000e+01 5.407744646072387695e-02
7.200000000000000000e+01 5.204261466860771179e-02
7.300000000000000000e+01 4.970163851976394653e-02
7.400000000000000000e+01 4.708545282483100891e-02
7.500000000000000000e+01 4.442126303911209106e-02
7.600000000000000000e+01 4.185593128204345703e-02
7.700000000000000000e+01 3.899333253502845764e-02
7.800000000000000000e+01 3.621979802846908569e-02
7.900000000000000000e+01 3.363656625151634216e-02
8.000000000000000000e+01 3.114394843578338623e-02
8.100000000000000000e+01 2.897897548973560333e-02
8.200000000000000000e+01 2.675003558397293091e-02
8.300000000000000000e+01 2.447264455258846283e-02
8.400000000000000000e+01 2.170877717435359955e-02
8.500000000000000000e+01 1.911311596632003784e-02
8.600000000000000000e+01 1.602186262607574463e-02
8.700000000000000000e+01 1.322255935519933701e-02
8.800000000000000000e+01 1.124631892889738083e-02
8.900000000000000000e+01 9.281822480261325836e-03
9.000000000000000000e+01 7.253395859152078629e-03
9.100000000000000000e+01 4.487082362174987793e-03
9.200000000000000000e+01 2.048235386610031128e-03
9.300000000000000000e+01 -3.618072951212525368e-04
9.400000000000000000e+01 -2.142891520634293556e-03
9.500000000000000000e+01 -3.306399565190076828e-03
9.600000000000000000e+01 -4.178346600383520126e-03
9.700000000000000000e+01 -4.129876848310232162e-03
9.800000000000000000e+01 -4.812351427972316742e-03
9.900000000000000000e+01 -6.671961396932601929e-03
