1.000000000000000000e+00 1.000000000000000000e+00
2.000000000000000000e+00 8.690092563629150391e-01
3.000000000000000000e+00 7.701596617698669434e-01
4.000000000000000000e+00 6.864694952964782715e-01
5.000000000000000000e+00 6.119252443313598633e-01
6.000000000000000000e+00 5.438302159309387207e-01
7.000000000000000000e+00 4.807992279529571533e-01
8.000000000000000000e+00 4.219303131103515625e-01
9.000000000000000000e+00 3.666544556617736816e-01
1.000000000000000000e+01 3.145212233066558838e-01
1.100000000000000000e+01 2.651038169860839844e-01
1.200000000000000000e+01 2.180473506450653076e-01
1.300000000000000000e+01 1.731132864952087402e-01
1.400000000000000000e+01 1.301722973585128784e-01
1.500000000000000000e+01 8.930265903472900391e-02
1.600000000000000000e+01 5.057126283645629883e-02
1.700000000000000000e+01 1.411112491041421890e-02
1.800000000000000000e+01 -1.994825713336467743e-02
1.900000000000000000e+01 -5.185000970959663391e-02
2.000000000000000000e+01 -8.102383464574813843e-02
2.100000000000000000e+01 -1.076192557811737061e-01
2.200000000000000000e+01 -1.316291093826293945e-01
2.300000000000000000e+01 -1.527673304080963135e-01
2.400000000000000000e+01 -1.709607690572738647e-01
2.500000000000000000e+01 -1.864560842514038086e-01
2.600000000000000000e+01 -1.990629285573959351e-01
2.700000000000000000e+01 -2.086910754442214966e-01
2.800000000000000000e+01 -2.155074924230575562e-01
2.900000000000000000e+01 -2.197529524564743042e-01
3.000000000000000000e+01 -2.214600443840026855e-01
3.100000000000000000e+01 -2.209454476833343506e-01
3.200000000000000000e+01 -2.184676676988601685e-01
3.300000000000000000e+01 -2.137944251298904419e-01
3.400000000000000000e+01 -2.073975205421447754e-01
3.500000000000000000e+01 -1.995337009429931641e-01
3.600000000000000000e+01 -1.906028240919113159e-01
3.700000000000000000e+01 -1.806586682796478271e-01
3.800000000000000000e+01 -1.701073795557022095e-01
3.900000000000000000e+01 -1.591122299432754517e-01
4.000000000000000000e+01 -1.474247276782989502e-01
4.100000000000000000e+01 -1.352274119853973389e-01
4.200000000000000000e+01 -1.229590103030204773e-01
4.300000000000000000e+01 -1.108049228787422180e-01
4.400000000000000000e+01 -9.867759793996810913e-02
4.500000000000000000e+01 -8.670362085103988647e-02
4.600000000000000000e+01 -7.510890066623687744e-02
4.700000000000000000e+01 -6.379270553588867188e-02
4.800000000000000000e+01 -5.259953066706657410e-02
4.900000000000000000e+01 -4.165233299136161804e-02
5.000000000000000000e+01 -3.122118115425109863e-02
5.100000000000000000e+01 -2.136409655213356018e-02
5.200000000000000000e+01 -1.190818194299936295e-02
5.300000000000000000e+01 -3.299972740933299065e-03
5.400000000000000000e+01 4.771103616803884506e-03
5.500000000000000000e+01 1.228507142513990402e-02
5.600000000000000000e+01 1.933978684246540070e-02
5.700000000000000000e+01 2.570357732474803925e-02
5.800000000000000000e+01 3.126635402441024780e-02
5.900000000000000000e+01 3.636790439486503601e-02
6.000000000000000000e+01 4.101991653442382812e-02
6.100000000000000000e+01 4.488090053200721741e-02
6.200000000000000000e+01 4.824319854378700256e-02
6.300000000000000000e+01 5.102532356977462769e-02
6.400000000000000000e+01 5.349774286150932312e-02
6.500000000000000000e+01 5.499706044793128967e-02
6.600000000000000000e+01 5.568747222423553467e-02
6.700000000000000000e+01 5.595927312970161438e-02
6.800000000000000000e+01 5.549290031194686890e-02
6.900000000000000000e+01 5.460519716143608093e-02
7.000000000000000000e+01 5.337535217404365540e-02
7.100000000000000000e+01 5.180794745683670044e-02
7.200000000000000000e+01 5.000154301524162292e-02
7.300000000000000000e+01 4.823711887001991272e-02
7.400000000000000000e+01 4.629711434245109558e-02
7.500000000000000000e+01 4.400352761149406433e-02
7.600000000000000000e+01 4.159300774335861206e-02
7.700000000000000000e+01 3.896453231573104858e-02
7.800000000000000000e+01 3.627320751547813416e-02
7.900000000000000000e+01 3.385825455188751221e-02
8.000000000000000000e+01 3.116201423108577728e-02
8.100000000000000000e+01 2.838223613798618317e-02
8.200000000000000000e+01 2.546775154769420624e-02
8.300000000000000000e+01 2.254796959459781647e-02
8.400000000000000000e+01 1.978443004190921783e-02
8.500000000000000000e+01 1.706875488162040710e-02
8.600000000000000000e+01 1.453935634344816208e-02
8.700000000000000000e+01 1.173023600131273270e-02
8.800000000000000000e+01 9.226835332810878754e-03
8.900000000000000000e+01 6.321304943412542343e-03
9.000000000000000000e+01 2.907944377511739731e-03
9.100000000000000000e+01 1.514994346507592127e-05
9.200000000000000000e+01 -2.317240927368402481e-03
9.300000000000000000e+01 -4.037774167954921722e-03
9.400000000000000000e+01 -5.604069214314222336e-03
9.500000000000000000e+01 -7.673752028495073318e-03
9.600000000000000000e+01 -9.763482026755809784e-03
9.700000000000000000e+01 -1.153898239135742188e-02
9.800000000000000000e+01 -1.093944348394870758e-02
9.900000000000000000e+01 -1.044221594929695129e-02
