1.000000000000000000e+00 1.000000000000000000e+00
2.000000000000000000e+00 8.471450209617614746e-01
3.000000000000000000e+00 7.332832217216491699e-01
4.000000000000000000e+00 6.384858489036560059e-01
5.000000000000000000e+00 5.561013817787170410e-01
6.000000000000000000e+00 4.820813834667205811e-01
7.000000000000000000e+00 4.150893092155456543e-01
8.000000000000000000e+00 3.538696765899658203e-01
9.000000000000000000e+00 2.978360354900360107e-01
1.000000000000000000e+01 2.461473494768142700e-01
1.100000000000000000e+01 1.980515569448471069e-01
1.200000000000000000e+01 1.532018780708312988e-01
1.300000000000000000e+01 1.112752482295036316e-01
1.400000000000000000e+01 7.247765362262725830e-02
1.500000000000000000e+01 3.681363165378570557e-02
1.600000000000000000e+01 3.919140901416540146e-03
1.700000000000000000e+01 -2.638100832700729370e-02
1.800000000000000000e+01 -5.384170264005661011e-02
1.900000000000000000e+01 -7.839912921190261841e-02
2.000000000000000000e+01 -1.000296995043754578e-01
2.100000000000000000e+01 -1.187239438295364380e-01
2.200000000000000000e+01 -1.343175023794174194e-01
2.300000000000000000e+01 -1.469145119190216064e-01
2.400000000000000000e+01 -1.565125733613967896e-01
2.500000000000000000e+01 -1.635565459728240967e-01
2.600000000000000000e+01 -1.681444346904754639e-01
2.700000000000000000e+01 -1.702442765235900879e-01
2.800000000000000000e+01 -1.700807362794876099e-01
2.900000000000000000e+01 -1.680442392826080322e-01
3.000000000000000000e+01 -1.642360091209411621e-01
3.100000000000000000e+01 -1.589408218860626221e-01
3.200000000000000000e+01 -1.524013429880142212e-01
3.300000000000000000e+01 -1.449472904205322266e-01
3.400000000000000000e+01 -1.365216672420501709e-01
3.500000000000000000e+01 -1.273129582405090332e-01
3.600000000000000000e+01 -1.177643314003944397e-01
3.700000000000000000e+01 -1.079836562275886536e-01
3.800000000000000000e+01 -9.793033450841903687e-02
3.900000000000000000e+01 -8.785523474216461182e-02
4.000000000000000000e+01 -7.804246991872787476e-02
4.100000000000000000e+01 -6.831748783588409424e-02
4.200000000000000000e+01 -5.887891352176666260e-02
4.300000000000000000e+01 -4.977778345346450806e-02
4.400000000000000000e+01 -4.091382771730422974e-02
4.500000000000000000e+01 -3.221881389617919922e-02
4.600000000000000000e+01 -2.412376739084720612e-02
4.700000000000000000e+01 -1.674332097172737122e-02
4.800000000000000000e+01 -1.026905141770839691e-02
4.900000000000000000e+01 -3.942400682717561722e-03
5.000000000000000000e+01 2.021826803684234619e-03
5.100000000000000000e+01 7.151800673454999924e-03
5.200000000000000000e+01 1.194781810045242310e-02
5.300000000000000000e+01 1.627639494836330414e-02
5.400000000000000000e+01 2.010922878980636597e-02
5.500000000000000000e+01 2.333466522395610809e-02
5.600000000000000000e+01 2.568212151527404785e-02
5.700000000000000000e+01 2.774863131344318390e-02
5.800000000000000000e+01 2.939822524785995483e-02
5.900000000000000000e+01 3.053940273821353912e-02
6.000000000000000000e+01 3.149156272411346436e-02
6.100000000000000000e+01 3.199539706110954285e-02
6.200000000000000000e+01 3.183263912796974182e-02
6.300000000000000000e+01 3.162251785397529602e-02
6.400000000000000000e+01 3.096748515963554382e-02
6.500000000000000000e+01 3.019784390926361084e-02
6.600000000000000000e+01 2.882256731390953064e-02
6.700000000000000000e+01 2.749338373541831970e-02
6.800000000000000000e+01 2.622906863689422607e-02
6.900000000000000000e+01 2.443144842982292175e-02
7.000000000000000000e+01 2.251886390149593353e-02
7.100000000000000000e+01 2.044901438057422638e-02
7.200000000000000000e+01 1.842062547802925110e-02
7.300000000000000000e+01 1.613173261284828186e-02
7.400000000000000000e+01 1.361984852701425552e-02
7.500000000000000000e+01 1.150596328079700470e-02
7.600000000000000000e+01 9.602084755897521973e-03
7.700000000000000000e+01 7.272403221577405930e-03
7.800000000000000000e+01 4.996186587959527969e-03
7.900000000000000000e+01 3.276717150583863258e-03
8.000000000000000000e+01 8.781619253568351269e-04
8.100000000000000000e+01 -7.947237463667988777e-04
8.200000000000000000e+01 -2.228129655122756958e-03
8.300000000000000000e+01 -3.671898040920495987e-03
8.400000000000000000e+01 -4.547064658254384995e-03
8.500000000000000000e+01 -5.648492835462093353e-03
8.600000000000000000e+01 -6.052731536328792572e-03
8.700000000000000000e+01 -6.774833891540765762e-03
8.800000000000000000e+01 -7.597858551889657974e-03
8.900000000000000000e+01 -8.460255339741706848e-03
9.000000000000000000e+01 -9.320771321654319763e-03
9.100000000000000000e+01 -9.940973483026027679e-03
9.200000000000000000e+01 -1.082183793187141418e-02
9.300000000000000000e+01 -1.121503580361604691e-02
9.400000000000000000e+01 -1.142134331166744232e-02
9.500000000000000000e+01 -1.094795670360326767e-02
9.600000000000000000e+01 -1.162492483854293823e-02
9.700000000000000000e+01 -1.200115401297807693e-02
9.800000000000000000e+01 -1.183090917766094208e-02
9.900000000000000000e+01 -1.128151826560497284e-02
