1.000000000000000000e+00 1.000000000000000000e+00
2.000000000000000000e+00 8.714076876640319824e-01
3.000000000000000000e+00 7.741240262985229492e-01
4.000000000000000000e+00 6.919191479682922363e-01
5.000000000000000000e+00 6.185981631278991699e-01
6.000000000000000000e+00 5.514404773712158203e-01
7.000000000000000000e+00 4.889364540576934814e-01
8.000000000000000000e+00 4.305374920368194580e-01
9.000000000000000000e+00 3.757944405078887939e-01
1.000000000000000000e+01 3.240117728710174561e-01
1.100000000000000000e+01 2.747054398059844971e-01
1.200000000000000000e+01 2.277130484580993652e-01
1.300000000000000000e+01 1.826952993869781494e-01
1.400000000000000000e+01 1.396975219249725342e-01
1.500000000000000000e+01 9.852313250303268433e-02
1.600000000000000000e+01 5.915270745754241943e-02
1.700000000000000000e+01 2.192167937755584717e-02
1.800000000000000000e+01 -1.329054310917854309e-02
1.900000000000000000e+01 -4.618116468191146851e-02
2.000000000000000000e+01 -7.665934413671493530e-02
2.100000000000000000e+01 -1.045269966125488281e-01
2.200000000000000000e+01 -1.296015679836273193e-01
2.300000000000000000e+01 -1.517304182052612305e-01
2.400000000000000000e+01 -1.713340431451797485e-01
2.500000000000000000e+01 -1.877274513244628906e-01
2.600000000000000000e+01 -2.010762691497802734e-01
2.700000000000000000e+01 -2.116048187017440796e-01
2.800000000000000000e+01 -2.193811833858489990e-01
2.900000000000000000e+01 -2.246794253587722778e-01
3.000000000000000000e+01 -2.276147156953811646e-01
3.100000000000000000e+01 -2.280654013156890869e-01
3.200000000000000000e+01 -2.262623906135559082e-01
3.300000000000000000e+01 -2.222554981708526611e-01
3.400000000000000000e+01 -2.164293080568313599e-01
3.500000000000000000e+01 -2.090638726949691772e-01
3.600000000000000000e+01 -2.004868537187576294e-01
3.700000000000000000e+01 -1.907281130552291870e-01
3.800000000000000000e+01 -1.800803989171981812e-01
3.900000000000000000e+01 -1.686382442712783813e-01
4.000000000000000000e+01 -1.567918807268142700e-01
4.100000000000000000e+01 -1.445353627204895020e-01
4.200000000000000000e+01 -1.321089565753936768e-01
4.300000000000000000e+01 -1.196391060948371887e-01
4.400000000000000000e+01 -1.071080267429351807e-01
4.500000000000000000e+01 -9.435681998729705811e-02
4.600000000000000000e+01 -8.200746774673461914e-02
4.700000000000000000e+01 -7.000275701284408569e-02
4.800000000000000000e+01 -5.833920463919639587e-02
4.900000000000000000e+01 -4.717682301998138428e-02
5.000000000000000000e+01 -3.645034506916999817e-02
5.100000000000000000e+01 -2.621822059154510498e-02
5.200000000000000000e+01 -1.654147543013095856e-02
5.300000000000000000e+01 -7.495410740375518799e-03
5.400000000000000000e+01 1.323724631220102310e-03
5.500000000000000000e+01 9.715205989778041840e-03
5.600000000000000000e+01 1.724856533110141754e-02
5.700000000000000000e+01 2.423628047108650208e-02
5.800000000000000000e+01 3.052846528589725494e-02
5.900000000000000000e+01 3.612296283245086670e-02
6.000000000000000000e+01 4.098041355609893799e-02
6.100000000000000000e+01 4.541336745023727417e-02
6.200000000000000000e+01 4.922704398632049561e-02
6.300000000000000000e+01 5.243005231022834778e-02
6.400000000000000000e+01 5.505187809467315674e-02
6.500000000000000000e+01 5.684152245521545410e-02
6.600000000000000000e+01 5.788433924317359924e-02
6.700000000000000000e+01 5.883023142814636230e-02
6.800000000000000000e+01 5.929948017001152039e-02
6.900000000000000000e+01 5.899349972605705261e-02
7.000000000000000000e+01 5.831336602568626404e-02
7.100000000000000000e+01 5.690632387995719910e-02
7.200000000000000000e+01 5.501858890056610107e-02
7.300000000000000000e+01 5.261443927884101868e-02
7.400000000000000000e+01 4.995851591229438782e-02
7.500000000000000000e+01 4.726753756403923035e-02
7.600000000000000000e+01 4.427168890833854675e-02
7.700000000000000000e+01 4.160321876406669617e-02
7.800000000000000000e+01 3.940014541149139404e-02
7.900000000000000000e+01 3.671282902359962463e-02
8.000000000000000000e+01 3.406838700175285339e-02
8.100000000000000000e+01 3.176135942339897156e-02
8.200000000000000000e+01 2.898755110800266266e-02
8.300000000000000000e+01 2.651102282106876373e-02
8.400000000000000000e+01 2.409067749977111816e-02
8.500000000000000000e+01 2.165966853499412537e-02
8.600000000000000000e+01 1.935075968503952026e-02
8.700000000000000000e+01 1.698693260550498962e-02
8.800000000000000000e+01 1.448609214276075363e-02
8.900000000000000000e+01 1.245109457522630692e-02
9.000000000000000000e+01 1.001935731619596481e-02
9.100000000000000000e+01 7.763612084090709686e-03
9.200000000000000000e+01 5.015593022108078003e-03
9.300000000000000000e+01 2.536583226174116135e-03
9.400000000000000000e+01 8.503495482727885246e-04
9.500000000000000000e+01 -1.654995605349540710e-03
9.600000000000000000e+01 -3.571386449038982391e-03
9.700000000000000000e+01 -4.927277565002441406e-03
9.800000000000000000e+01 -6.013390142470598221e-03
9.900000000000000000e+01 -5.796475801616907120e-03
