1.000000000000000000e+00 1.000000000000000000e+00
2.000000000000000000e+00 8.695513010025024414e-01
3.000000000000000000e+00 7.708940505981445312e-01
4.000000000000000000e+00 6.874867081642150879e-01
5.000000000000000000e+00 6.131748557090759277e-01
6.000000000000000000e+00 5.450927615165710449e-01
7.000000000000000000e+00 4.819715619087219238e-01
8.000000000000000000e+00 4.233062863349914551e-01
9.000000000000000000e+00 3.682126402854919434e-01
1.000000000000000000e+01 3.163036108016967773e-01
1.100000000000000000e+01 2.669953107833862305e-01
1.200000000000000000e+01 2.199454754590988159e-01
1.300000000000000000e+01 1.750798374414443970e-01
1.400000000000000000e+01 1.321633756160736084e-01
1.500000000000000000e+01 9.133896976709365845e-02
1.600000000000000000e+01 5.266214162111282349e-02
1.700000000000000000e+01 1.604957133531570435e-02
1.800000000000000000e+01 -1.836182922124862671e-02
1.900000000000000000e+01 -5.065447092056274414e-02
2.000000000000000000e+01 -8.028794080018997192e-02
2.100000000000000000e+01 -1.072828695178031921e-01
2.200000000000000000e+01 -1.315274387598037720e-01
2.300000000000000000e+01 -1.530544310808181763e-01
2.400000000000000000e+01 -1.714903116226196289e-01
2.500000000000000000e+01 -1.871345192193984985e-01
2.600000000000000000e+01 -1.996821612119674683e-01
2.700000000000000000e+01 -2.094867229461669922e-01
2.800000000000000000e+01 -2.165827006101608276e-01
2.900000000000000000e+01 -2.209762930870056152e-01
3.000000000000000000e+01 -2.227053791284561157e-01
3.100000000000000000e+01 -2.219996154308319092e-01
3.200000000000000000e+01 -2.191141992807388306e-01
3.300000000000000000e+01 -2.144843935966491699e-01
3.400000000000000000e+01 -2.082947641611099243e-01
3.500000000000000000e+01 -2.007503062486648560e-01
3.600000000000000000e+01 -1.921265274286270142e-01
3.700000000000000000e+01 -1.822556555271148682e-01
3.800000000000000000e+01 -1.717260181903839111e-01
3.900000000000000000e+01 -1.603077352046966553e-01
4.000000000000000000e+01 -1.485249549150466919e-01
4.100000000000000000e+01 -1.364994198083877563e-01
4.200000000000000000e+01 -1.244099512696266174e-01
4.300000000000000000e+01 -1.123087704181671143e-01
4.400000000000000000e+01 -1.002621352672576904e-01
4.500000000000000000e+01 -8.806932717561721802e-02
4.600000000000000000e+01 -7.592846453189849854e-02
4.700000000000000000e+01 -6.404554843902587891e-02
4.800000000000000000e+01 -5.251847580075263977e-02
4.900000000000000000e+01 -4.151650518178939819e-02
5.000000000000000000e+01 -3.100654296576976776e-02
5.100000000000000000e+01 -2.121382951736450195e-02
5.200000000000000000e+01 -1.195997186005115509e-02
5.300000000000000000e+01 -3.396959509700536728e-03
5.400000000000000000e+01 4.693321883678436279e-03
5.500000000000000000e+01 1.217540912330150604e-02
5.600000000000000000e+01 1.900045014917850494e-02
5.700000000000000000e+01 2.516698092222213745e-02
5.800000000000000000e+01 3.074358217418193817e-02
5.900000000000000000e+01 3.569494932889938354e-02
6.000000000000000000e+01 3.989056497812271118e-02
6.100000000000000000e+01 4.384386166930198669e-02
6.200000000000000000e+01 4.703452065587043762e-02
6.300000000000000000e+01 4.969847574830055237e-02
6.400000000000000000e+01 5.181384086608886719e-02
6.500000000000000000e+01 5.343525111675262451e-02
6.600000000000000000e+01 5.479098856449127197e-02
6.700000000000000000e+01 5.525130033493041992e-02
6.800000000000000000e+01 5.526740849018096924e-02
6.900000000000000000e+01 5.493707954883575439e-02
7.000000000000000000e+01 5.413311719894409180e-02
7.100000000000000000e+01 5.303175002336502075e-02
7.200000000000000000e+01 5.115518718957901001e-02
7.300000000000000000e+01 4.891093820333480835e-02
7.400000000000000000e+01 4.673784226179122925e-02
7.500000000000000000e+01 4.432903975248336792e-02
7.600000000000000000e+01 4.196271300315856934e-02
7.700000000000000000e+01 3.956406936049461365e-02
7.800000000000000000e+01 3.725909441709518433e-02
7.900000000000000000e+01 3.459855914115905762e-02
8.000000000000000000e+01 3.183532506227493286e-02
8.100000000000000000e+01 2.932616882026195526e-02
8.200000000000000000e+01 2.627442777156829834e-02
8.300000000000000000e+01 2.277593687176704407e-02
8.400000000000000000e+01 1.950098946690559387e-02
8.500000000000000000e+01 1.651101931929588318e-02
8.600000000000000000e+01 1.333111617714166641e-02
8.700000000000000000e+01 1.076351292431354523e-02
8.800000000000000000e+01 8.299815468490123749e-03
8.900000000000000000e+01 6.184612400829792023e-03
9.000000000000000000e+01 3.946550190448760986e-03
9.100000000000000000e+01 2.111810958012938499e-03
9.200000000000000000e+01 4.327449642005376518e-05
9.300000000000000000e+01 -1.586355385370552540e-03
9.400000000000000000e+01 -3.944138530641794205e-03
9.500000000000000000e+01 -5.607953295111656189e-03
9.600000000000000000e+01 -7.732478436082601547e-03
9.700000000000000000e+01 -1.046207826584577560e-02
9.800000000000000000e+01 -1.142872963100671768e-02
9.900000000000000000e+01 -1.363841257989406586e-02
