1.000000000000000000e+00 1.000000000000000000e+00
2.000000000000000000e+00 8.270505070686340332e-01
3.000000000000000000e+00 6.986899375915527344e-01
4.000000000000000000e+00 5.935823321342468262e-01
5.000000000000000000e+00 5.038973093032836914e-01
6.000000000000000000e+00 4.257394671440124512e-01
7.000000000000000000e+00 3.566164076328277588e-01
8.000000000000000000e+00 2.950070798397064209e-01
9.000000000000000000e+00 2.396614402532577515e-01
1.000000000000000000e+01 1.896438896656036377e-01
1.100000000000000000e+01 1.448325067758560181e-01
1.200000000000000000e+01 1.042083799839019775e-01
1.300000000000000000e+01 6.731040030717849731e-02
1.400000000000000000e+01 3.399977833032608032e-02
1.500000000000000000e+01 3.925495315343141556e-03
1.600000000000000000e+01 -2.284047193825244904e-02
1.700000000000000000e+01 -4.611868038773536682e-02
1.800000000000000000e+01 -6.635003536939620972e-02
1.900000000000000000e+01 -8.334673941135406494e-02
2.000000000000000000e+01 -9.732307493686676025e-02
2.100000000000000000e+01 -1.085659116506576538e-01
2.200000000000000000e+01 -1.172195822000503540e-01
2.300000000000000000e+01 -1.233554705977439880e-01
2.400000000000000000e+01 -1.269008368253707886e-01
2.500000000000000000e+01 -1.287595927715301514e-01
2.600000000000000000e+01 -1.288161575794219971e-01
2.700000000000000000e+01 -1.270087957382202148e-01
2.800000000000000000e+01 -1.237213015556335449e-01
2.900000000000000000e+01 -1.194322481751441956e-01
3.000000000000000000e+01 -1.141803562641143799e-01
3.100000000000000000e+01 -1.078248396515846252e-01
3.200000000000000000e+01 -1.008070781826972961e-01
3.300000000000000000e+01 -9.320632368326187134e-02
3.400000000000000000e+01 -8.504413068294525146e-02
3.500000000000000000e+01 -7.681519538164138794e-02
3.600000000000000000e+01 -6.864514201879501343e-02
3.700000000000000000e+01 -6.101886928081512451e-02
3.800000000000000000e+01 -5.331157892942428589e-02
3.900000000000000000e+01 -4.587030783295631409e-02
4.000000000000000000e+01 -3.871257975697517395e-02
4.100000000000000000e+01 -3.170396760106086731e-02
4.200000000000000000e+01 -2.518092654645442963e-02
4.300000000000000000e+01 -1.898028515279293060e-02
4.400000000000000000e+01 -1.324062608182430267e-02
4.500000000000000000e+01 -8.131846785545349121e-03
4.600000000000000000e+01 -3.201172454282641411e-03
4.700000000000000000e+01 1.112193102017045021e-03
4.800000000000000000e+01 4.657606128603219986e-03
4.900000000000000000e+01 7.664308417588472366e-03
5.000000000000000000e+01 1.042086072266101837e-02
5.100000000000000000e+01 1.273503806442022324e-02
5.200000000000000000e+01 1.459075883030891418e-02
5.300000000000000000e+01 1.615389063954353333e-02
5.400000000000000000e+01 1.740639470517635345e-02
5.500000000000000000e+01 1.798115856945514679e-02
5.600000000000000000e+01 1.844999939203262329e-02
5.700000000000000000e+01 1.862705126404762268e-02
5.800000000000000000e+01 1.840329170227050781e-02
5.900000000000000000e+01 1.788287051022052765e-02
6.000000000000000000e+01 1.719511859118938446e-02
6.100000000000000000e+01 1.609278284013271332e-02
6.200000000000000000e+01 1.468541193753480911e-02
6.300000000000000000e+01 1.348353084176778793e-02
6.400000000000000000e+01 1.225972268730401993e-02
6.500000000000000000e+01 1.068221777677536011e-02
6.600000000000000000e+01 9.311425499618053436e-03
6.700000000000000000e+01 8.058125153183937073e-03
6.800000000000000000e+01 6.757013499736785889e-03
6.900000000000000000e+01 5.225251894444227219e-03
7.000000000000000000e+01 4.018703009933233261e-03
7.100000000000000000e+01 2.605909481644630432e-03
7.200000000000000000e+01 9.916408453136682510e-04
7.300000000000000000e+01 -7.579327211715281010e-04
7.400000000000000000e+01 -1.987431896850466728e-03
7.500000000000000000e+01 -2.530774334445595741e-03
7.600000000000000000e+01 -2.678821794688701630e-03
7.700000000000000000e+01 -2.997398376464843750e-03
7.800000000000000000e+01 -2.985415980219841003e-03
7.900000000000000000e+01 -3.268835367634892464e-03
8.000000000000000000e+01 -3.308575833216309547e-03
8.100000000000000000e+01 -3.217651275917887688e-03
8.200000000000000000e+01 -2.854725578799843788e-03
8.300000000000000000e+01 -2.917292062193155289e-03
8.400000000000000000e+01 -2.888833871111273766e-03
8.500000000000000000e+01 -2.983571263030171394e-03
8.600000000000000000e+01 -2.448985818773508072e-03
8.700000000000000000e+01 -2.417277544736862183e-03
8.800000000000000000e+01 -3.302576253190636635e-03
8.900000000000000000e+01 -4.095830954611301422e-03
9.000000000000000000e+01 -5.242220591753721237e-03
9.100000000000000000e+01 -5.277961958199739456e-03
9.200000000000000000e+01 -4.879279062151908875e-03
9.300000000000000000e+01 -4.998403601348400116e-03
9.400000000000000000e+01 -6.380239967256784439e-03
9.500000000000000000e+01 -6.483198143541812897e-03
9.600000000000000000e+01 -6.231391336768865585e-03
9.700000000000000000e+01 -4.308515228331089020e-03
9.800000000000000000e+01 -3.267525462433695793e-03
9.900000000000000000e+01 -2.184606622904539108e-03
