1.000000000000000000e+00 1.000000000000000000e+00
2.000000000000000000e+00 8.584118485450744629e-01
3.000000000000000000e+00 7.523398399353027344e-01
4.000000000000000000e+00 6.629584431648254395e-01
5.000000000000000000e+00 5.843874812126159668e-01
6.000000000000000000e+00 5.132860541343688965e-01
7.000000000000000000e+00 4.479549825191497803e-01
8.000000000000000000e+00 3.877158761024475098e-01
9.000000000000000000e+00 3.317612707614898682e-01
1.000000000000000000e+01 2.794346213340759277e-01
1.100000000000000000e+01 2.302276045083999634e-01
1.200000000000000000e+01 1.837583482265472412e-01
1.300000000000000000e+01 1.399034857749938965e-01
1.400000000000000000e+01 9.861733019351959229e-02
1.500000000000000000e+01 5.977534875273704529e-02
1.600000000000000000e+01 2.341393940150737762e-02
1.700000000000000000e+01 -1.026409771293401718e-02
1.800000000000000000e+01 -4.120301455259323120e-02
1.900000000000000000e+01 -6.947791576385498047e-02
2.000000000000000000e+01 -9.511693567037582397e-02
2.100000000000000000e+01 -1.178781464695930481e-01
2.200000000000000000e+01 -1.376643329858779907e-01
2.300000000000000000e+01 -1.543451398611068726e-01
2.400000000000000000e+01 -1.680071651935577393e-01
2.500000000000000000e+01 -1.787437349557876587e-01
2.600000000000000000e+01 -1.867164224386215210e-01
2.700000000000000000e+01 -1.919547915458679199e-01
2.800000000000000000e+01 -1.945119351148605347e-01
2.900000000000000000e+01 -1.948710381984710693e-01
3.000000000000000000e+01 -1.931738108396530151e-01
3.100000000000000000e+01 -1.896659284830093384e-01
3.200000000000000000e+01 -1.844610571861267090e-01
3.300000000000000000e+01 -1.776879280805587769e-01
3.400000000000000000e+01 -1.697566807270050049e-01
3.500000000000000000e+01 -1.611666232347488403e-01
3.600000000000000000e+01 -1.517797261476516724e-01
3.700000000000000000e+01 -1.417460590600967407e-01
3.800000000000000000e+01 -1.312499940395355225e-01
3.900000000000000000e+01 -1.203791871666908264e-01
4.000000000000000000e+01 -1.092239990830421448e-01
4.100000000000000000e+01 -9.827332943677902222e-02
4.200000000000000000e+01 -8.731388300657272339e-02
4.300000000000000000e+01 -7.650110125541687012e-02
4.400000000000000000e+01 -6.586252152919769287e-02
4.500000000000000000e+01 -5.551067367196083069e-02
4.600000000000000000e+01 -4.547781869769096375e-02
4.700000000000000000e+01 -3.601930662989616394e-02
4.800000000000000000e+01 -2.730492502450942993e-02
4.900000000000000000e+01 -1.897353306412696838e-02
5.000000000000000000e+01 -1.133006997406482697e-02
5.100000000000000000e+01 -3.811424365267157555e-03
5.200000000000000000e+01 3.282275982201099396e-03
5.300000000000000000e+01 9.574001654982566833e-03
5.400000000000000000e+01 1.561529468744993210e-02
5.500000000000000000e+01 2.107021957635879517e-02
5.600000000000000000e+01 2.595523186028003693e-02
5.700000000000000000e+01 3.018026798963546753e-02
5.800000000000000000e+01 3.369840607047080994e-02
5.900000000000000000e+01 3.661862760782241821e-02
6.000000000000000000e+01 3.926059231162071228e-02
6.100000000000000000e+01 4.106477275490760803e-02
6.200000000000000000e+01 4.251091554760932922e-02
6.300000000000000000e+01 4.369801655411720276e-02
6.400000000000000000e+01 4.400462284684181213e-02
6.500000000000000000e+01 4.429105296730995178e-02
6.600000000000000000e+01 4.397080838680267334e-02
6.700000000000000000e+01 4.316155984997749329e-02
6.800000000000000000e+01 4.219721257686614990e-02
6.900000000000000000e+01 4.104685783386230469e-02
7.000000000000000000e+01 3.933644667267799377e-02
7.100000000000000000e+01 3.727347776293754578e-02
7.200000000000000000e+01 3.481945022940635681e-02
7.300000000000000000e+01 3.195709735155105591e-02
7.400000000000000000e+01 2.899949438869953156e-02
7.500000000000000000e+01 2.568444050848484039e-02
7.600000000000000000e+01 2.258140407502651215e-02
7.700000000000000000e+01 1.962294802069664001e-02
7.800000000000000000e+01 1.687058806419372559e-02
7.900000000000000000e+01 1.426329277455806732e-02
8.000000000000000000e+01 1.176136638969182968e-02
8.100000000000000000e+01 9.284769184887409210e-03
8.200000000000000000e+01 6.638531573116779327e-03
8.300000000000000000e+01 4.239066503942012787e-03
8.400000000000000000e+01 1.939926529303193092e-03
8.500000000000000000e+01 -3.336826630402356386e-04
8.600000000000000000e+01 -2.431698609143495560e-03
8.700000000000000000e+01 -4.146204330027103424e-03
8.800000000000000000e+01 -5.765334237366914749e-03
8.900000000000000000e+01 -7.105240598320960999e-03
9.000000000000000000e+01 -7.813942618668079376e-03
9.100000000000000000e+01 -7.786954287439584732e-03
9.200000000000000000e+01 -8.203538134694099426e-03
9.300000000000000000e+01 -8.210846222937107086e-03
9.400000000000000000e+01 -7.797882426530122757e-03
9.500000000000000000e+01 -6.617765408009290695e-03
9.600000000000000000e+01 -6.255797110497951508e-03
9.700000000000000000e+01 -8.341285400092601776e-03
9.800000000000000000e+01 -8.997628465294837952e-03
9.900000000000000000e+01 -9.570621885359287262e-03
