1.000000000000000000e+00 1.000000000000000000e+00
2.000000000000000000e+00 8.724693059921264648e-01
3.000000000000000000e+00 7.761110663414001465e-01
4.000000000000000000e+00 6.943738460540771484e-01
5.000000000000000000e+00 6.215270757675170898e-01
6.000000000000000000e+00 5.546821355819702148e-01
7.000000000000000000e+00 4.924985170364379883e-01
8.000000000000000000e+00 4.345050752162933350e-01
9.000000000000000000e+00 3.799193799495697021e-01
1.000000000000000000e+01 3.282299339771270752e-01
1.100000000000000000e+01 2.790435850620269775e-01
1.200000000000000000e+01 2.320082634687423706e-01
1.300000000000000000e+01 1.871235966682434082e-01
1.400000000000000000e+01 1.441057175397872925e-01
1.500000000000000000e+01 1.027175113558769226e-01
1.600000000000000000e+01 6.302428990602493286e-02
1.700000000000000000e+01 2.530211769044399261e-02
1.800000000000000000e+01 -1.023422461003065109e-02
1.900000000000000000e+01 -4.362900182604789734e-02
2.000000000000000000e+01 -7.453009486198425293e-02
2.100000000000000000e+01 -1.028560996055603027e-01
2.200000000000000000e+01 -1.284185498952865601e-01
2.300000000000000000e+01 -1.512705087661743164e-01
2.400000000000000000e+01 -1.713363826274871826e-01
2.500000000000000000e+01 -1.885399222373962402e-01
2.600000000000000000e+01 -2.027151435613632202e-01
2.700000000000000000e+01 -2.137530446052551270e-01
2.800000000000000000e+01 -2.220641225576400757e-01
2.900000000000000000e+01 -2.277390807867050171e-01
3.000000000000000000e+01 -2.308208495378494263e-01
3.100000000000000000e+01 -2.315128594636917114e-01
3.200000000000000000e+01 -2.298147231340408325e-01
3.300000000000000000e+01 -2.261814624071121216e-01
3.400000000000000000e+01 -2.206038534641265869e-01
3.500000000000000000e+01 -2.134027332067489624e-01
3.600000000000000000e+01 -2.045601159334182739e-01
3.700000000000000000e+01 -1.946606487035751343e-01
3.800000000000000000e+01 -1.839054822921752930e-01
3.900000000000000000e+01 -1.723504364490509033e-01
4.000000000000000000e+01 -1.602513343095779419e-01
4.100000000000000000e+01 -1.476563364267349243e-01
4.200000000000000000e+01 -1.349715292453765869e-01
4.300000000000000000e+01 -1.220330148935317993e-01
4.400000000000000000e+01 -1.092660129070281982e-01
4.500000000000000000e+01 -9.653283655643463135e-02
4.600000000000000000e+01 -8.383415639400482178e-02
4.700000000000000000e+01 -7.187028229236602783e-02
4.800000000000000000e+01 -6.013029441237449646e-02
4.900000000000000000e+01 -4.883481562137603760e-02
5.000000000000000000e+01 -3.797961398959159851e-02
5.100000000000000000e+01 -2.729886025190353394e-02
5.200000000000000000e+01 -1.726958900690078735e-02
5.300000000000000000e+01 -7.939605042338371277e-03
5.400000000000000000e+01 5.519181140698492527e-04
5.500000000000000000e+01 8.667424321174621582e-03
5.600000000000000000e+01 1.617729291319847107e-02
5.700000000000000000e+01 2.319615893065929413e-02
5.800000000000000000e+01 2.954230643808841705e-02
5.900000000000000000e+01 3.535104542970657349e-02
6.000000000000000000e+01 4.038028419017791748e-02
6.100000000000000000e+01 4.481390863656997681e-02
6.200000000000000000e+01 4.846984893083572388e-02
6.300000000000000000e+01 5.154616758227348328e-02
6.400000000000000000e+01 5.359949171543121338e-02
6.500000000000000000e+01 5.523939803242683411e-02
6.600000000000000000e+01 5.628716573119163513e-02
6.700000000000000000e+01 5.722286179661750793e-02
6.800000000000000000e+01 5.765025690197944641e-02
6.900000000000000000e+01 5.765742808580398560e-02
7.000000000000000000e+01 5.692542344331741333e-02
7.100000000000000000e+01 5.566627904772758484e-02
7.200000000000000000e+01 5.407499521970748901e-02
7.300000000000000000e+01 5.202703550457954407e-02
7.400000000000000000e+01 4.982467368245124817e-02
7.500000000000000000e+01 4.777893424034118652e-02
7.600000000000000000e+01 4.506220296025276184e-02
7.700000000000000000e+01 4.193666204810142517e-02
7.800000000000000000e+01 3.935147821903228760e-02
7.900000000000000000e+01 3.667150437831878662e-02
8.000000000000000000e+01 3.412136062979698181e-02
8.100000000000000000e+01 3.120928443968296051e-02
8.200000000000000000e+01 2.825090102851390839e-02
8.300000000000000000e+01 2.553264237940311432e-02
8.400000000000000000e+01 2.281959541141986847e-02
8.500000000000000000e+01 2.046211622655391693e-02
8.600000000000000000e+01 1.791239343583583832e-02
8.700000000000000000e+01 1.526746433228254318e-02
8.800000000000000000e+01 1.257427036762237549e-02
8.900000000000000000e+01 1.042659673839807510e-02
9.000000000000000000e+01 8.191110566258430481e-03
9.100000000000000000e+01 6.220191251486539841e-03
9.200000000000000000e+01 4.044734407216310501e-03
9.300000000000000000e+01 2.037303056567907333e-03
9.400000000000000000e+01 4.325235495343804359e-04
9.500000000000000000e+01 -1.142996712587773800e-03
9.600000000000000000e+01 -1.516417600214481354e-03
9.700000000000000000e+01 -2.327958587557077408e-03
9.800000000000000000e+01 -4.001458175480365753e-03
9.900000000000000000e+01 -4.295540042221546173e-03
