1.000000000000000000e+00 1.000000000000000000e+00
2.000000000000000000e+00 8.699117898941040039e-01
3.000000000000000000e+00 7.715530991554260254e-01
4.000000000000000000e+00 6.881448626518249512e-01
5.000000000000000000e+00 6.136832833290100098e-01
6.000000000000000000e+00 5.457231998443603516e-01
7.000000000000000000e+00 4.829015433788299561e-01
8.000000000000000000e+00 4.244035184383392334e-01
9.000000000000000000e+00 3.695310652256011963e-01
1.000000000000000000e+01 3.175552189350128174e-01
1.100000000000000000e+01 2.681954205036163330e-01
1.200000000000000000e+01 2.212173789739608765e-01
1.300000000000000000e+01 1.764628738164901733e-01
1.400000000000000000e+01 1.334115415811538696e-01
1.500000000000000000e+01 9.246105700731277466e-02
1.600000000000000000e+01 5.358469113707542419e-02
1.700000000000000000e+01 1.680469512939453125e-02
1.800000000000000000e+01 -1.777655817568302155e-02
1.900000000000000000e+01 -4.992475733160972595e-02
2.000000000000000000e+01 -7.970105111598968506e-02
2.100000000000000000e+01 -1.066735163331031799e-01
2.200000000000000000e+01 -1.309698373079299927e-01
2.300000000000000000e+01 -1.524718701839447021e-01
2.400000000000000000e+01 -1.711520999670028687e-01
2.500000000000000000e+01 -1.868159770965576172e-01
2.600000000000000000e+01 -1.994414329528808594e-01
2.700000000000000000e+01 -2.094180881977081299e-01
2.800000000000000000e+01 -2.165472060441970825e-01
2.900000000000000000e+01 -2.208547145128250122e-01
3.000000000000000000e+01 -2.229620516300201416e-01
3.100000000000000000e+01 -2.225845307111740112e-01
3.200000000000000000e+01 -2.201458811759948730e-01
3.300000000000000000e+01 -2.159982025623321533e-01
3.400000000000000000e+01 -2.101180404424667358e-01
3.500000000000000000e+01 -2.026326507329940796e-01
3.600000000000000000e+01 -1.937156766653060913e-01
3.700000000000000000e+01 -1.837498098611831665e-01
3.800000000000000000e+01 -1.733721196651458740e-01
3.900000000000000000e+01 -1.620823144912719727e-01
4.000000000000000000e+01 -1.503753066062927246e-01
4.100000000000000000e+01 -1.381867229938507080e-01
4.200000000000000000e+01 -1.258818060159683228e-01
4.300000000000000000e+01 -1.133295521140098572e-01
4.400000000000000000e+01 -1.008808836340904236e-01
4.500000000000000000e+01 -8.878236263990402222e-02
4.600000000000000000e+01 -7.676567882299423218e-02
4.700000000000000000e+01 -6.484271585941314697e-02
4.800000000000000000e+01 -5.327781289815902710e-02
4.900000000000000000e+01 -4.244761541485786438e-02
5.000000000000000000e+01 -3.217777982354164124e-02
5.100000000000000000e+01 -2.264755405485630035e-02
5.200000000000000000e+01 -1.317647565156221390e-02
5.300000000000000000e+01 -4.413963761180639267e-03
5.400000000000000000e+01 3.584064543247222900e-03
5.500000000000000000e+01 1.102588325738906860e-02
5.600000000000000000e+01 1.791353337466716766e-02
5.700000000000000000e+01 2.440398186445236206e-02
5.800000000000000000e+01 3.012055903673171997e-02
5.900000000000000000e+01 3.525517880916595459e-02
6.000000000000000000e+01 3.968213498592376709e-02
6.100000000000000000e+01 4.356036335229873657e-02
6.200000000000000000e+01 4.698295146226882935e-02
6.300000000000000000e+01 4.976319149136543274e-02
6.400000000000000000e+01 5.208648368716239929e-02
6.500000000000000000e+01 5.376959964632987976e-02
6.600000000000000000e+01 5.493760481476783752e-02
6.700000000000000000e+01 5.573217943310737610e-02
6.800000000000000000e+01 5.572519451379776001e-02
6.900000000000000000e+01 5.534310266375541687e-02
7.000000000000000000e+01 5.460469052195549011e-02
7.100000000000000000e+01 5.340315029025077820e-02
7.200000000000000000e+01 5.184115841984748840e-02
7.300000000000000000e+01 4.970159381628036499e-02
7.400000000000000000e+01 4.719792306423187256e-02
7.500000000000000000e+01 4.474561288952827454e-02
7.600000000000000000e+01 4.224881902337074280e-02
7.700000000000000000e+01 3.947528079152107239e-02
7.800000000000000000e+01 3.726809844374656677e-02
7.900000000000000000e+01 3.499033302068710327e-02
8.000000000000000000e+01 3.256309404969215393e-02
8.100000000000000000e+01 2.986568585038185120e-02
8.200000000000000000e+01 2.681747823953628540e-02
8.300000000000000000e+01 2.382612414658069611e-02
8.400000000000000000e+01 2.132583223283290863e-02
8.500000000000000000e+01 1.856883615255355835e-02
8.600000000000000000e+01 1.609277538955211639e-02
8.700000000000000000e+01 1.406794972717761993e-02
8.800000000000000000e+01 1.199354324489831924e-02
8.900000000000000000e+01 9.307926520705223083e-03
9.000000000000000000e+01 7.140052970498800278e-03
9.100000000000000000e+01 4.352076444774866104e-03
9.200000000000000000e+01 1.759445178322494030e-03
9.300000000000000000e+01 -7.071650470606982708e-04
9.400000000000000000e+01 -2.602721331641077995e-03
9.500000000000000000e+01 -3.243053564801812172e-03
9.600000000000000000e+01 -4.536607302725315094e-03
9.700000000000000000e+01 -6.753961555659770966e-03
9.800000000000000000e+01 -7.473741192370653152e-03
9.900000000000000000e+01 -5.852026399224996567e-03
