1.000000000000000000e+00 1.000000000000000000e+00
2.000000000000000000e+00 8.647672533988952637e-01
3.000000000000000000e+00 7.629503011703491211e-01
4.000000000000000000e+00 6.772165298461914062e-01
5.000000000000000000e+00 6.009606122970581055e-01
6.000000000000000000e+00 5.314550995826721191e-01
7.000000000000000000e+00 4.672851264476776123e-01
8.000000000000000000e+00 4.078099727630615234e-01
9.000000000000000000e+00 3.523553907871246338e-01
1.000000000000000000e+01 3.001336753368377686e-01
1.100000000000000000e+01 2.507643699645996094e-01
1.200000000000000000e+01 2.040257155895233154e-01
1.300000000000000000e+01 1.594578623771667480e-01
1.400000000000000000e+01 1.172999367117881775e-01
1.500000000000000000e+01 7.723787426948547363e-02
1.600000000000000000e+01 3.942113742232322693e-02
1.700000000000000000e+01 4.077606834471225739e-03
1.800000000000000000e+01 -2.890009991824626923e-02
1.900000000000000000e+01 -5.939090624451637268e-02
2.000000000000000000e+01 -8.731500804424285889e-02
2.100000000000000000e+01 -1.123817414045333862e-01
2.200000000000000000e+01 -1.345736980438232422e-01
2.300000000000000000e+01 -1.538614928722381592e-01
2.400000000000000000e+01 -1.702356338500976562e-01
2.500000000000000000e+01 -1.837804168462753296e-01
2.600000000000000000e+01 -1.943835318088531494e-01
2.700000000000000000e+01 -2.019434124231338501e-01
2.800000000000000000e+01 -2.069082856178283691e-01
2.900000000000000000e+01 -2.093948125839233398e-01
3.000000000000000000e+01 -2.097294032573699951e-01
3.100000000000000000e+01 -2.077936530113220215e-01
3.200000000000000000e+01 -2.040338516235351562e-01
3.300000000000000000e+01 -1.985165625810623169e-01
3.400000000000000000e+01 -1.916209757328033447e-01
3.500000000000000000e+01 -1.834832280874252319e-01
3.600000000000000000e+01 -1.744472384452819824e-01
3.700000000000000000e+01 -1.646173447370529175e-01
3.800000000000000000e+01 -1.538985818624496460e-01
3.900000000000000000e+01 -1.428027600049972534e-01
4.000000000000000000e+01 -1.313091367483139038e-01
4.100000000000000000e+01 -1.197763085365295410e-01
4.200000000000000000e+01 -1.080932766199111938e-01
4.300000000000000000e+01 -9.631070494651794434e-02
4.400000000000000000e+01 -8.477765321731567383e-02
4.500000000000000000e+01 -7.365956902503967285e-02
4.600000000000000000e+01 -6.291806697845458984e-02
4.700000000000000000e+01 -5.224452912807464600e-02
4.800000000000000000e+01 -4.183908179402351379e-02
4.900000000000000000e+01 -3.181568160653114319e-02
5.000000000000000000e+01 -2.234250493347644806e-02
5.100000000000000000e+01 -1.345231104642152786e-02
5.200000000000000000e+01 -5.143841728568077087e-03
5.300000000000000000e+01 2.639056416228413582e-03
5.400000000000000000e+01 9.509116411209106445e-03
5.500000000000000000e+01 1.575889997184276581e-02
5.600000000000000000e+01 2.166341058909893036e-02
5.700000000000000000e+01 2.714086137712001801e-02
5.800000000000000000e+01 3.230905532836914062e-02
5.900000000000000000e+01 3.690317645668983459e-02
6.000000000000000000e+01 4.085702821612358093e-02
6.100000000000000000e+01 4.412844404578208923e-02
6.200000000000000000e+01 4.650146514177322388e-02
6.300000000000000000e+01 4.859464243054389954e-02
6.400000000000000000e+01 5.044645071029663086e-02
6.500000000000000000e+01 5.133381858468055725e-02
6.600000000000000000e+01 5.174173414707183838e-02
6.700000000000000000e+01 5.132481828331947327e-02
6.800000000000000000e+01 5.081561580300331116e-02
6.900000000000000000e+01 4.971554502844810486e-02
7.000000000000000000e+01 4.836535081267356873e-02
7.100000000000000000e+01 4.662229865789413452e-02
7.200000000000000000e+01 4.459689185023307800e-02
7.300000000000000000e+01 4.233262315392494202e-02
7.400000000000000000e+01 3.981132805347442627e-02
7.500000000000000000e+01 3.706734627485275269e-02
7.600000000000000000e+01 3.457507863640785217e-02
7.700000000000000000e+01 3.156995028257369995e-02
7.800000000000000000e+01 2.866398915648460388e-02
7.900000000000000000e+01 2.577134966850280762e-02
8.000000000000000000e+01 2.320959232747554779e-02
8.100000000000000000e+01 2.038328722119331360e-02
8.200000000000000000e+01 1.744646206498146057e-02
8.300000000000000000e+01 1.428801100701093674e-02
8.400000000000000000e+01 1.166206318885087967e-02
8.500000000000000000e+01 9.960671886801719666e-03
8.600000000000000000e+01 7.824165746569633484e-03
8.700000000000000000e+01 5.723268724977970123e-03
8.800000000000000000e+01 3.671211423352360725e-03
8.900000000000000000e+01 1.219971105456352234e-03
9.000000000000000000e+01 -1.189638627693057060e-03
9.100000000000000000e+01 -3.424286609515547752e-03
9.200000000000000000e+01 -5.852580536156892776e-03
9.300000000000000000e+01 -7.090329192578792572e-03
9.400000000000000000e+01 -8.198802359402179718e-03
9.500000000000000000e+01 -1.029761601239442825e-02
9.600000000000000000e+01 -1.172712352126836777e-02
9.700000000000000000e+01 -1.390183623880147934e-02
9.800000000000000000e+01 -1.519703958183526993e-02
9.900000000000000000e+01 -1.327738910913467407e-02
