1.000000000000000000e+00 1.000000000000000000e+00
2.000000000000000000e+00 8.717098832130432129e-01
3.000000000000000000e+00 7.745211124420166016e-01
4.000000000000000000e+00 6.922056674957275391e-01
5.000000000000000000e+00 6.188612580299377441e-01
6.000000000000000000e+00 5.516867637634277344e-01
7.000000000000000000e+00 4.894631505012512207e-01
8.000000000000000000e+00 4.313581883907318115e-01
9.000000000000000000e+00 3.766080737113952637e-01
1.000000000000000000e+01 3.247098326683044434e-01
1.100000000000000000e+01 2.752753496170043945e-01
1.200000000000000000e+01 2.282310575246810913e-01
1.300000000000000000e+01 1.832078248262405396e-01
1.400000000000000000e+01 1.400783956050872803e-01
1.500000000000000000e+01 9.862840920686721802e-02
1.600000000000000000e+01 5.936851352453231812e-02
1.700000000000000000e+01 2.204672619700431824e-02
1.800000000000000000e+01 -1.310845930129289627e-02
1.900000000000000000e+01 -4.590644314885139465e-02
2.000000000000000000e+01 -7.621289789676666260e-02
2.100000000000000000e+01 -1.039688959717750549e-01
2.200000000000000000e+01 -1.290338635444641113e-01
2.300000000000000000e+01 -1.514436900615692139e-01
2.400000000000000000e+01 -1.708900481462478638e-01
2.500000000000000000e+01 -1.875660270452499390e-01
2.600000000000000000e+01 -2.011912018060684204e-01
2.700000000000000000e+01 -2.118653208017349243e-01
2.800000000000000000e+01 -2.198266088962554932e-01
2.900000000000000000e+01 -2.253162413835525513e-01
3.000000000000000000e+01 -2.282087951898574829e-01
3.100000000000000000e+01 -2.285670936107635498e-01
3.200000000000000000e+01 -2.266692370176315308e-01
3.300000000000000000e+01 -2.226834446191787720e-01
3.400000000000000000e+01 -2.168416976928710938e-01
3.500000000000000000e+01 -2.095072418451309204e-01
3.600000000000000000e+01 -2.008234411478042603e-01
3.700000000000000000e+01 -1.910127401351928711e-01
3.800000000000000000e+01 -1.802633255720138550e-01
3.900000000000000000e+01 -1.691337227821350098e-01
4.000000000000000000e+01 -1.573248058557510376e-01
4.100000000000000000e+01 -1.452211588621139526e-01
4.200000000000000000e+01 -1.328003555536270142e-01
4.300000000000000000e+01 -1.201725304126739502e-01
4.400000000000000000e+01 -1.077580079436302185e-01
4.500000000000000000e+01 -9.510695934295654297e-02
4.600000000000000000e+01 -8.269685506820678711e-02
4.700000000000000000e+01 -7.050224393606185913e-02
4.800000000000000000e+01 -5.849506333470344543e-02
4.900000000000000000e+01 -4.675560072064399719e-02
5.000000000000000000e+01 -3.577455878257751465e-02
5.100000000000000000e+01 -2.548349462449550629e-02
5.200000000000000000e+01 -1.572671160101890564e-02
5.300000000000000000e+01 -6.465446669608354568e-03
5.400000000000000000e+01 1.945795374922454357e-03
5.500000000000000000e+01 9.632037952542304993e-03
5.600000000000000000e+01 1.687686517834663391e-02
5.700000000000000000e+01 2.360410988330841064e-02
5.800000000000000000e+01 2.983785793185234070e-02
5.900000000000000000e+01 3.540076315402984619e-02
6.000000000000000000e+01 4.046058654785156250e-02
6.100000000000000000e+01 4.476469010114669800e-02
6.200000000000000000e+01 4.864596948027610779e-02
6.300000000000000000e+01 5.190851539373397827e-02
6.400000000000000000e+01 5.416243895888328552e-02
6.500000000000000000e+01 5.615513399243354797e-02
6.600000000000000000e+01 5.724546313285827637e-02
6.700000000000000000e+01 5.769036337733268738e-02
6.800000000000000000e+01 5.786580219864845276e-02
6.900000000000000000e+01 5.755530670285224915e-02
7.000000000000000000e+01 5.675770342350006104e-02
7.100000000000000000e+01 5.566138774156570435e-02
7.200000000000000000e+01 5.370390415191650391e-02
7.300000000000000000e+01 5.170691013336181641e-02
7.400000000000000000e+01 4.925441369414329529e-02
7.500000000000000000e+01 4.665834084153175354e-02
7.600000000000000000e+01 4.423945024609565735e-02
7.700000000000000000e+01 4.165606200695037842e-02
7.800000000000000000e+01 3.888150677084922791e-02
7.900000000000000000e+01 3.611497208476066589e-02
8.000000000000000000e+01 3.357983008027076721e-02
8.100000000000000000e+01 3.106114082038402557e-02
8.200000000000000000e+01 2.889991365373134613e-02
8.300000000000000000e+01 2.722120657563209534e-02
8.400000000000000000e+01 2.513741701841354370e-02
8.500000000000000000e+01 2.321986481547355652e-02
8.600000000000000000e+01 2.105335891246795654e-02
8.700000000000000000e+01 1.860115677118301392e-02
8.800000000000000000e+01 1.645891740918159485e-02
8.900000000000000000e+01 1.334134303033351898e-02
9.000000000000000000e+01 1.040067896246910095e-02
9.100000000000000000e+01 7.898190058767795563e-03
9.200000000000000000e+01 5.289179738610982895e-03
9.300000000000000000e+01 3.000431926921010017e-03
9.400000000000000000e+01 4.823668277822434902e-04
9.500000000000000000e+01 -2.930410439148545265e-03
9.600000000000000000e+01 -5.296001210808753967e-03
9.700000000000000000e+01 -7.172392681241035461e-03
9.800000000000000000e+01 -8.244338445365428925e-03
9.900000000000000000e+01 -7.931010797619819641e-03
