1.000000000000000000e+00 1.000000000000000000e+00
2.000000000000000000e+00 8.713671565055847168e-01
3.000000000000000000e+00 7.742936015129089355e-01
4.000000000000000000e+00 6.920951008796691895e-01
5.000000000000000000e+00 6.186425685882568359e-01
6.000000000000000000e+00 5.513955354690551758e-01
7.000000000000000000e+00 4.889084398746490479e-01
8.000000000000000000e+00 4.307539761066436768e-01
9.000000000000000000e+00 3.761999905109405518e-01
1.000000000000000000e+01 3.244798183441162109e-01
1.100000000000000000e+01 2.750880122184753418e-01
1.200000000000000000e+01 2.278995513916015625e-01
1.300000000000000000e+01 1.827202886343002319e-01
1.400000000000000000e+01 1.394561976194381714e-01
1.500000000000000000e+01 9.825198352336883545e-02
1.600000000000000000e+01 5.914752557873725891e-02
1.700000000000000000e+01 2.195958048105239868e-02
1.800000000000000000e+01 -1.308771222829818726e-02
1.900000000000000000e+01 -4.587228968739509583e-02
2.000000000000000000e+01 -7.626860588788986206e-02
2.100000000000000000e+01 -1.039781421422958374e-01
2.200000000000000000e+01 -1.289595514535903931e-01
2.300000000000000000e+01 -1.512370258569717407e-01
2.400000000000000000e+01 -1.707230508327484131e-01
2.500000000000000000e+01 -1.873045861721038818e-01
2.600000000000000000e+01 -2.008378952741622925e-01
2.700000000000000000e+01 -2.116352319717407227e-01
2.800000000000000000e+01 -2.196522802114486694e-01
2.900000000000000000e+01 -2.251439243555068970e-01
3.000000000000000000e+01 -2.279385477304458618e-01
3.100000000000000000e+01 -2.282253205776214600e-01
3.200000000000000000e+01 -2.260801196098327637e-01
3.300000000000000000e+01 -2.220928221940994263e-01
3.400000000000000000e+01 -2.165655791759490967e-01
3.500000000000000000e+01 -2.092839479446411133e-01
3.600000000000000000e+01 -2.007265537977218628e-01
3.700000000000000000e+01 -1.910572648048400879e-01
3.800000000000000000e+01 -1.803234815597534180e-01
3.900000000000000000e+01 -1.691220402717590332e-01
4.000000000000000000e+01 -1.574447900056838989e-01
4.100000000000000000e+01 -1.451650261878967285e-01
4.200000000000000000e+01 -1.326647698879241943e-01
4.300000000000000000e+01 -1.201269179582595825e-01
4.400000000000000000e+01 -1.073280200362205505e-01
4.500000000000000000e+01 -9.464128315448760986e-02
4.600000000000000000e+01 -8.208158612251281738e-02
4.700000000000000000e+01 -6.982093304395675659e-02
4.800000000000000000e+01 -5.807570740580558777e-02
4.900000000000000000e+01 -4.668094217777252197e-02
5.000000000000000000e+01 -3.577613830566406250e-02
5.100000000000000000e+01 -2.535164356231689453e-02
5.200000000000000000e+01 -1.573962531983852386e-02
5.300000000000000000e+01 -6.782094947993755341e-03
5.400000000000000000e+01 1.896635629236698151e-03
5.500000000000000000e+01 9.993427433073520660e-03
5.600000000000000000e+01 1.767135597765445709e-02
5.700000000000000000e+01 2.432126924395561218e-02
5.800000000000000000e+01 3.025714121758937836e-02
5.900000000000000000e+01 3.554592281579971313e-02
6.000000000000000000e+01 4.049472510814666748e-02
6.100000000000000000e+01 4.482304677367210388e-02
6.200000000000000000e+01 4.876153543591499329e-02
6.300000000000000000e+01 5.198432877659797668e-02
6.400000000000000000e+01 5.446192994713783264e-02
6.500000000000000000e+01 5.623839423060417175e-02
6.600000000000000000e+01 5.748863890767097473e-02
6.700000000000000000e+01 5.811742320656776428e-02
6.800000000000000000e+01 5.866508185863494873e-02
6.900000000000000000e+01 5.805509537458419800e-02
7.000000000000000000e+01 5.700560659170150757e-02
7.100000000000000000e+01 5.531827732920646667e-02
7.200000000000000000e+01 5.329947918653488159e-02
7.300000000000000000e+01 5.122154578566551208e-02
7.400000000000000000e+01 4.913108795881271362e-02
7.500000000000000000e+01 4.627585783600807190e-02
7.600000000000000000e+01 4.349941387772560120e-02
7.700000000000000000e+01 4.037436470389366150e-02
7.800000000000000000e+01 3.761778399348258972e-02
7.900000000000000000e+01 3.471196815371513367e-02
8.000000000000000000e+01 3.204080462455749512e-02
8.100000000000000000e+01 2.924024686217308044e-02
8.200000000000000000e+01 2.651463449001312256e-02
8.300000000000000000e+01 2.383716218173503876e-02
8.400000000000000000e+01 2.098511718213558197e-02
8.500000000000000000e+01 1.875145919620990753e-02
8.600000000000000000e+01 1.620345003902912140e-02
8.700000000000000000e+01 1.397929526865482330e-02
8.800000000000000000e+01 1.153183076530694962e-02
8.900000000000000000e+01 9.597482159733772278e-03
9.000000000000000000e+01 8.314247243106365204e-03
9.100000000000000000e+01 6.501036696135997772e-03
9.200000000000000000e+01 5.299408920109272003e-03
9.300000000000000000e+01 3.475057892501354218e-03
9.400000000000000000e+01 2.490495680831372738e-04
9.500000000000000000e+01 -3.241174854338169098e-03
9.600000000000000000e+01 -5.282346159219741821e-03
9.700000000000000000e+01 -5.371723789721727371e-03
9.800000000000000000e+01 -5.202523898333311081e-03
9.900000000000000000e+01 -7.064254023134708405e-03
