,time,b_0,persistence_length,persistence_length_err
0,0.0,0.4967408776283264,1.9920928974084633,0.15304752175657357
1,1200000.0,0.4968562126159668,2.2278307628717937,0.16847143074033938
2,2400000.0,0.496852844953537,2.3875946572467512,0.172261260183304
3,3600000.0,0.49694114923477173,2.6007291695977135,0.17724479215261635
4,4800000.0,0.4969680905342102,2.8402875244237835,0.18152162498956115
5,6000000.0,0.49702948331832886,3.0406631866433873,0.18708755374656447
6,7200000.0,0.49700456857681274,3.201626924731995,0.19110934715233147
7,8400000.0,0.4970599412918091,3.3360216104622276,0.19487139696141798
8,9600000.0,0.4970698654651642,3.4401488117162122,0.19714720194166385
9,10800000.0,0.4970833659172058,3.5241682240578744,0.19924003544202715
10,12000000.0,0.4970930814743042,3.5992717419638485,0.20114046008553046
11,13200000.0,0.4970944821834564,3.659625571373556,0.20194346549375775
12,14400000.0,0.49711012840270996,3.7157135187466084,0.20369446872137825
13,15600000.0,0.49709901213645935,3.7589701903197072,0.2038550206037214
14,16800000.0,0.4970974922180176,3.793470559014919,0.2049489961997611
15,18000000.0,0.4971220791339874,3.8308611391510525,0.20565185876434397
16,19200000.0,0.49712103605270386,3.8580865322786324,0.2068957803290607
17,20400000.0,0.4971351623535156,3.8931385785927377,0.2074224425803528
18,21600000.0,0.4971490204334259,3.916599978130461,0.20761933159770274
19,22800000.0,0.49714285135269165,3.934089304693524,0.20793883069727054
20,24000000.0,0.49713772535324097,3.959956257713686,0.20937172242022728
21,25200000.0,0.49713075160980225,3.9802388080409328,0.208254468586932
22,26400000.0,0.49713924527168274,3.9962393933950695,0.2089954229772145
23,27600000.0,0.4971354603767395,4.013298763681135,0.21025436024923674
24,28800000.0,0.4971509277820587,4.030185588493538,0.21021637777927787
25,30000000.0,0.4971195459365845,4.0452219011752275,0.20976723416354268
26,31200000.0,0.4971572160720825,4.069787578990891,0.2107736009927464
27,32400000.0,0.4971656799316406,4.0778781003358535,0.2096225021936155
28,33600000.0,0.49717313051223755,4.089488879970086,0.21025131220490292
29,34800000.0,0.49714258313179016,4.105259925050881,0.21096899021415216
30,36000000.0,0.49713847041130066,4.117740730871213,0.2116490442067342
31,37200000.0,0.49715134501457214,4.126571626085387,0.2110439779904008
32,38400000.0,0.4971519708633423,4.134819456452197,0.21168263399817308
33,39600000.0,0.4971441328525543,4.1477818388759555,0.21172535860422784
34,40800000.0,0.4971502125263214,4.153711299215459,0.21146150297158658
35,42000000.0,0.49716463685035706,4.162755019729202,0.21179721709565036
36,43200000.0,0.4971618354320526,4.1755245335021804,0.2125974584578305
37,44400000.0,0.4971630275249481,4.184828840642052,0.2126502331351998
38,45600000.0,0.49715012311935425,4.195667456183253,0.21233280459387105
39,46800000.0,0.4971546232700348,4.20109795682673,0.21192945256910575
40,48000000.0,0.4971313178539276,4.210393692321793,0.21292603681223304
41,49200000.0,0.49717268347740173,4.2190907515218345,0.21266530151385502
42,50400000.0,0.49716365337371826,4.221374308375188,0.21231456996300055
43,51600000.0,0.4971659183502197,4.227609286845387,0.21250252882543338
44,52800000.0,0.4971725642681122,4.233051322771035,0.2131448660375599
45,54000000.0,0.4971573054790497,4.241533091279842,0.21340061578020897
46,55200000.0,0.4971599876880646,4.249458438660965,0.21276597762794014
47,56400000.0,0.49715396761894226,4.251671503906483,0.21330972283255195
48,57600000.0,0.4971568286418915,4.257502477828604,0.2137563570658114
49,58800000.0,0.4971589744091034,4.264832881546688,0.21332351911434916
50,60000000.0,0.4971783459186554,4.265724970195105,0.21337848626263195
51,61200000.0,0.4971413016319275,4.274399521932898,0.2132011567764599
52,62400000.0,0.4971592426300049,4.2796096671519654,0.21333643409888176
53,63600000.0,0.4971850514411926,4.291859931938395,0.21417042872449166
54,64800000.0,0.4971461594104767,4.292787267556007,0.21312376531716437
55,66000000.0,0.497158944606781,4.30002631030205,0.21316119497359562
56,67200000.0,0.4971563518047333,4.298673111673386,0.21297167381520463
57,68400000.0,0.4971758723258972,4.301615677936226,0.21360291462741607
58,69600000.0,0.4971543550491333,4.308782558530361,0.21404267685281778
59,70800000.0,0.4971534013748169,4.3108627100796175,0.21404702994896724
60,72000000.0,0.49718284606933594,4.318341845415339,0.21336858255348015
61,73200000.0,0.4971659183502197,4.32786645309762,0.2135733437109306
62,74400000.0,0.4971460998058319,4.327431399401001,0.21352610783102532
63,75600000.0,0.49716049432754517,4.339760939258203,0.2134386781251026
64,76800000.0,0.49716201424598694,4.341733252866955,0.21366312852534522
65,78000000.0,0.49717429280281067,4.34495399209822,0.21307569993651923
66,79200000.0,0.49716806411743164,4.348328621950404,0.21422472306893806
67,80400000.0,0.4971609115600586,4.360173360358144,0.21368674118300102
68,81600000.0,0.49718302488327026,4.3620794210480875,0.21318676510859214
69,82800000.0,0.4971725046634674,4.362451944916126,0.21312224129403837
70,84000000.0,0.4971752166748047,4.3708909796281725,0.2134444498460259
71,85200000.0,0.4971615970134735,4.3692028869902435,0.21363020994601584
72,86400000.0,0.4971778094768524,4.377203037623873,0.21384453728868857
73,87600000.0,0.49717459082603455,4.382513811551443,0.21406982196629323
74,88800000.0,0.49717068672180176,4.387189943335231,0.2130884923606597
75,90000000.0,0.4971769154071808,4.389103857494085,0.2142522431254154
76,91200000.0,0.49717819690704346,4.393066862077544,0.21426970620924474
77,92400000.0,0.497174471616745,4.398130484523078,0.213676898565801
78,93600000.0,0.4971654713153839,4.400189496607445,0.21369553424055573
79,94800000.0,0.4971825182437897,4.405012230889253,0.21340478499724555
80,96000000.0,0.4971824288368225,4.409827134715209,0.214098779457649
81,97200000.0,0.4971662163734436,4.408349971060528,0.21382220403722774
82,98400000.0,0.4971940517425537,4.414321177360118,0.21420858047013133
83,99600000.0,0.49717649817466736,4.415183295266989,0.21425645394810097
84,100800000.0,0.49717143177986145,4.421651380949083,0.21395212485831053
85,102000000.0,0.4971771538257599,4.420974124178474,0.21403944809924
86,103200000.0,0.4972003996372223,4.42710996908234,0.21476040659162338
87,104400000.0,0.49715563654899597,4.431860244715654,0.21297315310008524
88,105600000.0,0.4971674978733063,4.4305583428160755,0.21442729035852945
89,106800000.0,0.4971577227115631,4.431102827392319,0.21389531360459535
90,108000000.0,0.4971630275249481,4.430511772633763,0.213859545481668
91,109200000.0,0.4971609115600586,4.435283639490099,0.21491107077039912
92,110400000.0,0.4971868097782135,4.43979317528245,0.21360980378277802
93,111600000.0,0.49714845418930054,4.44226035219963,0.21346404396638896
94,112800000.0,0.4971825182437897,4.444594552751651,0.21378647818871563
95,114000000.0,0.49717986583709717,4.449540055462418,0.21373610662649734
96,115200000.0,0.49720558524131775,4.45465541269937,0.21375248098933233
97,116400000.0,0.4971756339073181,4.454126534627451,0.21374252310725564
98,117600000.0,0.4971939027309418,4.455382436803126,0.21323950889628643
99,118800000.0,0.49716904759407043,4.455252401401629,0.21416899343933174
