0 0.0006106248727864848
1200000 0.012314268267860777
2400000 0.04488092814980663
3600000 0.10248320781599837
0 0.0006106248727864848
1200000 0.012314268267860777
2400000 0.04488092814980663
3600000 0.10248320781599837
4800000 0.16151027885202524
6000000 0.2112253205780582
7200000 0.24865153673926318
8400000 0.2714227559535925
9600000 0.2918278037858742
10800000 0.3068644412782414
12000000 0.32225727661306736
13200000 0.33291776918379806
14400000 0.3417718298392021
15600000 0.34950641156116424
16800000 0.35721555058009363
18000000 0.3597852635864034
19200000 0.3671127620598412
20400000 0.3718451048239365
21600000 0.3762721351516385
22800000 0.3798849989822919
24000000 0.3840576022796662
25200000 0.3875941380012212
26400000 0.39085080398941585
27600000 0.39293710563810297
28800000 0.39474353755342967
30000000 0.3980765316507226
31200000 0.39774577651129656
32400000 0.4024272338693263
33600000 0.40100244249949113
34800000 0.4047934052513739
36000000 0.40733767555465095
37200000 0.40754121717891306
38400000 0.4091695501730104
39600000 0.41143395074292693
40800000 0.413418481579483
42000000 0.413749236718909
43200000 0.4157592102584979
44400000 0.41438530429472825
45600000 0.4174893140647262
46800000 0.4182017097496438
48000000 0.42130571951964174
49200000 0.41815082434357825
50400000 0.4205933238347242
51600000 0.42201811520455934
52800000 0.42089863627111745
54000000 0.42471504172603297
55200000 0.4246132709139019
56400000 0.4244097292896397
57600000 0.42697944229594953
58800000 0.4255546509261144
60000000 0.4293964990840627
61200000 0.43163545695094646
62400000 0.4302361082841441
63600000 0.43242418074496236
64800000 0.4314573580297171
66000000 0.4310757174842255
67200000 0.43344188886627316
68400000 0.4330348056177488
69600000 0.4315336861388154
70800000 0.4330348056177488
72000000 0.43463769590881335
73200000 0.4358843883574191
74400000 0.43646957052717283
75600000 0.4366476694484022
76800000 0.4379452473030735
78000000 0.43771626297577854
79200000 0.4367494402605333
80400000 0.43649501323020556
81600000 0.4380979035212701
82800000 0.43858131487889274
84000000 0.4378180337879096
85200000 0.4406421738245471
86400000 0.4396499084062691
87600000 0.4387594138001221
88800000 0.44033686138815387
90000000 0.4409474862609404
91200000 0.44051496030938325
92400000 0.4408966008548748
93600000 0.44216873600651335
94800000 0.44234683492774274
96000000 0.4417870954610218
97200000 0.4427284754732343
98400000 0.441430897618563
99600000 0.4433899857520863
100800000 0.4437716262975779
102000000 0.4424486057398738
103200000 0.44420415224913495
104400000 0.4448147771219214
105600000 0.44621412578872377
106800000 0.44489110523101977
108000000 0.44626501119478934
109200000 0.44715550580093627
110400000 0.44613779767962547
111600000 0.4476643598615917
112800000 0.4466212090372481
114000000 0.44713006309790354
115200000 0.4475371463464278
116400000 0.44725727661306736
117600000 0.4484276409525748
118800000 0.4486566252798697
120000000 0.44819865662527986
121200000 0.4486057398738042
122400000 0.4496488906981478
123600000 0.44896193771626297
124800000 0.4495980052920822
126000000 0.45079381233462246
127200000 0.44908915123142684
128400000 0.45020863016486873
129600000 0.4512517809892123
130800000 0.4503104009769998
132000000 0.4504121717891309
133200000 0.45188784856503156
134400000 0.451836963158966
135600000 0.45117545288011396
136800000 0.45216771829839203
138000000 0.45092102584978627
139200000 0.45145532261347443
140400000 0.452727457765113
141600000 0.45198961937716264
142800000 0.4534907388560961
144000000 0.4529564420924079
145200000 0.4525239161408508
146400000 0.4532108691227356
147600000 0.45104823936495014
148800000 0.4534652961530633
150000000 0.4548392021168329
151200000 0.45695094646855283
152400000 0.4557042540199471
153600000 0.4546356604925707
154800000 0.45394870751068594
156000000 0.45501730103806226
157200000 0.45511907185019335
157200000 0.45511907185019335
158400000 0.4572562589049461
159600000 0.4556788113169143
