 time crystallinity "clusters w/ >= 2 members" "   independent clusters" "mean size cryst domains" "crystalline grid elements"
0 0.0 0.002114812032167404 4.0 73.0 1.0410958904109588 76.0
1 1200000.0 0.033475248351281406 176.0 667.0 1.8035982008995501 1203.0
2 2400000.0 0.10351448367977294 351.0 837.0 4.444444444444445 3720.0
3 3600000.0 0.17767203717616942 328.0 714.0 8.942577030812325 6385.0
4 4800000.0 0.23555110331969836 282.0 617.0 13.719611021069692 8465.0
5 6000000.0 0.2770403762139299 233.0 502.0 19.83266932270916 9956.0
6 7200000.0 0.30675905056070346 206.0 436.0 25.28440366972477 11024.0
7 8400000.0 0.32868631215738653 177.0 405.0 29.165432098765432 11812.0
8 9600000.0 0.3463839496897348 167.0 353.0 35.26345609065156 12448.0
9 10800000.0 0.36224503993099033 148.0 338.0 38.514792899408285 13018.0
10 12000000.0 0.37290257951414973 138.0 308.0 43.50974025974026 13401.0
11 13200000.0 0.3834488132008793 124.0 286.0 48.18181818181818 13780.0
12 14400000.0 0.38895845507415755 119.0 265.0 52.74716981132075 13978.0
13 15600000.0 0.3961933383420987 113.0 271.0 52.53874538745387 14238.0
14 16800000.0 0.4031777833430726 111.0 250.0 57.956 14489.0
15 18000000.0 0.4071847956145477 107.0 246.0 59.483739837398375 14633.0
16 19200000.0 0.41185964326460195 110.0 241.0 61.4149377593361 14801.0
17 20400000.0 0.41647883796644125 80.0 213.0 70.26760563380282 14967.0
18 21600000.0 0.42056932966023874 92.0 221.0 68.38914027149322 15114.0
19 22800000.0 0.4244372095611765 91.0 218.0 69.96788990825688 15253.0
20 24000000.0 0.4278320394022873 80.0 216.0 71.18055555555556 15375.0
21 25200000.0 0.43028076912374436 88.0 231.0 66.93939393939394 15463.0
22 26400000.0 0.4361799816345271 82.0 198.0 79.16666666666667 15675.0
23 27600000.0 0.434204301972897 79.0 183.0 85.26775956284153 15604.0
24 28800000.0 0.4387121907783065 90.0 207.0 76.16425120772946 15766.0
25 30000000.0 0.43971394384617524 79.0 197.0 80.21319796954315 15802.0
26 31200000.0 0.4408826557586888 84.0 193.0 82.09326424870466 15844.0
27 32400000.0 0.44380443553997273 75.0 169.0 94.37278106508876 15949.0
28 33600000.0 0.4444722709185519 81.0 195.0 81.91282051282052 15973.0
29 34800000.0 0.44561315635695803 88.0 203.0 78.88669950738917 16014.0
30 36000000.0 0.446865347691794 90.0 196.0 81.93367346938776 16059.0
31 37200000.0 0.44981495394718535 78.0 185.0 87.37837837837837 16165.0
32 38400000.0 0.45195759245346023 76.0 192.0 84.59375 16242.0
33 39600000.0 0.4531819573141887 72.0 177.0 92.01129943502825 16286.0
34 40800000.0 0.45398892506330524 79.0 179.0 91.14525139664805 16315.0
35 42000000.0 0.45590895177672036 73.0 193.0 84.89119170984456 16384.0
36 43200000.0 0.4588307315580043 74.0 181.0 91.09944751381215 16489.0
37 44400000.0 0.4591368227731864 76.0 168.0 98.21428571428571 16500.0
38 45600000.0 0.4595542198847984 64.0 161.0 102.5776397515528 16515.0
39 46800000.0 0.4593594345660461 70.0 165.0 100.04848484848485 16508.0
40 48000000.0 0.4616968583910733 64.0 143.0 116.02797202797203 16592.0
41 49200000.0 0.4629768762000167 60.0 166.0 100.2289156626506 16638.0
42 50400000.0 0.46470211759467955 60.0 157.0 106.36942675159236 16700.0
43 51600000.0 0.46292122325180174 64.0 161.0 103.32919254658385 16636.0
44 52800000.0 0.46653866488577234 65.0 171.0 98.046783625731 16766.0
45 54000000.0 0.4677630297465008 56.0 147.0 114.35374149659864 16810.0
46 55200000.0 0.4702952388902802 70.0 165.0 102.43030303030304 16901.0
47 56400000.0 0.46912652697776663 66.0 162.0 104.0679012345679 16859.0
48 57600000.0 0.4697943623563458 57.0 148.0 114.07432432432432 16883.0
49 58800000.0 0.4715752566992236 67.0 165.0 102.7090909090909 16947.0
50 60000000.0 0.4714639508027938 72.0 164.0 103.3109756097561 16943.0
51 61200000.0 0.4719370008626207 65.0 164.0 103.41463414634147 16960.0
52 62400000.0 0.4720483067590506 75.0 164.0 103.4390243902439 16964.0
53 63600000.0 0.47296658040459694 75.0 183.0 92.87978142076503 16997.0
54 64800000.0 0.47474747474747475 55.0 162.0 105.31481481481481 17061.0
55 66000000.0 0.4759718396082032 66.0 169.0 101.21301775147928 17105.0
56 67200000.0 0.47313353924924173 56.0 157.0 108.29936305732484 17003.0
57 68400000.0 0.475777054289451 68.0 174.0 98.26436781609195 17098.0
58 69600000.0 0.47716837799482426 63.0 175.0 97.98857142857143 17148.0
59 70800000.0 0.4774744692100064 57.0 151.0 113.63576158940397 17159.0
60 72000000.0 0.4781423045885856 58.0 133.0 129.1954887218045 17183.0
61 73200000.0 0.4776136015805437 59.0 131.0 131.0229007633588 17164.0
62 74400000.0 0.4761666249269555 73.0 165.0 103.7090909090909 17112.0
63 75600000.0 0.4798675459832485 61.0 147.0 117.31292517006803 17245.0
64 76800000.0 0.47867100759662745 64.0 157.0 109.56687898089172 17202.0
65 78000000.0 0.48134234911094415 59.0 142.0 121.8169014084507 17298.0
66 79200000.0 0.4803962489912903 57.0 139.0 124.20143884892086 17264.0
67 80400000.0 0.48114756379219187 50.0 138.0 125.29710144927536 17291.0
68 81600000.0 0.48303976403149956 61.0 147.0 118.08843537414965 17359.0
69 82800000.0 0.48468152600384007 55.0 139.0 125.30935251798562 17418.0
70 84000000.0 0.4826780198681025 72.0 148.0 117.20270270270271 17346.0
71 85200000.0 0.48320672287614436 62.0 155.0 112.03225806451613 17365.0
72 86400000.0 0.48354064056543394 52.0 125.0 139.016 17377.0
73 87600000.0 0.4834293346690041 56.0 139.0 124.98561151079137 17373.0
74 88800000.0 0.48534936138241924 61.0 161.0 108.33540372670808 17442.0
75 90000000.0 0.48607284970921333 54.0 154.0 113.42857142857143 17468.0
76 91200000.0 0.4837354258841862 54.0 153.0 113.62091503267973 17384.0
77 92400000.0 0.48507109664134457 66.0 146.0 119.3972602739726 17432.0
78 93600000.0 0.48476500542616247 53.0 162.0 107.53703703703704 17421.0
79 94800000.0 0.4865180732949328 52.0 164.0 106.60975609756098 17484.0
80 96000000.0 0.4858502379163536 47.0 130.0 134.30769230769232 17460.0
81 97200000.0 0.4848763113225923 56.0 140.0 124.46428571428571 17425.0
82 98400000.0 0.4871024292511896 50.0 141.0 124.14893617021276 17505.0
83 99600000.0 0.4863232879761805 53.0 136.0 128.50735294117646 17477.0
84 100800000.0 0.4869354704065448 52.0 142.0 123.23239436619718 17499.0
85 102000000.0 0.4868241645101149 47.0 139.0 125.86330935251799 17495.0
86 103200000.0 0.4882154882154882 51.0 136.0 129.00735294117646 17545.0
87 104400000.0 0.487965049948521 51.0 146.0 120.10958904109589 17536.0
88 105600000.0 0.4880485293708434 52.0 130.0 134.91538461538462 17539.0
89 106800000.0 0.48963463839496896 51.0 136.0 129.38235294117646 17596.0
90 108000000.0 0.4909146562039124 55.0 143.0 123.37062937062937 17642.0
91 109200000.0 0.49202771516821103 51.0 139.0 127.20863309352518 17682.0
92 110400000.0 0.49158249158249157 59.0 145.0 121.8344827586207 17666.0
93 111600000.0 0.48910593538692715 52.0 131.0 134.17557251908397 17577.0
94 112800000.0 0.4925842446503603 49.0 132.0 134.1060606060606 17702.0
95 114000000.0 0.4948103625789576 55.0 123.0 144.5691056910569 17782.0
96 115200000.0 0.4941703536744859 50.0 129.0 137.66666666666666 17759.0
97 116400000.0 0.4948103625789576 48.0 117.0 151.98290598290598 17782.0
98 117600000.0 0.49572863622450397 45.0 134.0 132.94776119402985 17815.0
99 118800000.0 0.4950886273200323 48.0 128.0 139.0 17792.0
