0.0 0.0031443915741436405
1200000.0 0.026685588669059745
2400000.0 0.046414558811253025
3600000.0 0.06302696385341014
4800000.0 0.08178200740184212
6000000.0 0.09892311545204108
7200000.0 0.11233547597183961
8400000.0 0.12508000111305898
9600000.0 0.13576536717032583
10800000.0 0.14514288894454183
12000000.0 0.15516041962322955
13200000.0 0.16576230625817404
14400000.0 0.17313632189665248
15600000.0 0.18031555221637866
16800000.0 0.1879400061218243
18000000.0 0.19331051562456522
19200000.0 0.202437599131814
20400000.0 0.20594373486935472
21600000.0 0.21340122993015556
22800000.0 0.21590561259982746
24000000.0 0.2206917661463116
25200000.0 0.22597879622673012
26400000.0 0.2308762556696441
27600000.0 0.2364972034393522
28800000.0 0.2422851100537051
30000000.0 0.2460973370064279
31200000.0 0.24849041377967
32400000.0 0.25219133483596295
33600000.0 0.25633747947797536
34800000.0 0.2574227119681665
36000000.0 0.26179146840303863
37200000.0 0.26660544842363026
38400000.0 0.26930461641205444
39600000.0 0.27125246959957705
40800000.0 0.2727550992013802
42000000.0 0.2750925230264073
43200000.0 0.28035172663271835
44400000.0 0.2828282828282828
45600000.0 0.2851378801792025
46800000.0 0.2873918245819072
48000000.0 0.2889779336060328
49200000.0 0.2877257422711968
50400000.0 0.2921501516542839
51600000.0 0.2936806077301945
52800000.0 0.2948214931686006
54000000.0 0.2975484876311323
55200000.0 0.29674151988201575
56400000.0 0.2998580849820519
57600000.0 0.2997189526115146
58800000.0 0.30283551771155076
60000000.0 0.3046720650026435
61200000.0 0.30464423852853606
62400000.0 0.30881820964465595
63600000.0 0.30951387149734255
64800000.0 0.3100704009794919
66000000.0 0.3102930127723516
67200000.0 0.31313131313131315
68400000.0 0.3166931018170688
69600000.0 0.31580265464562984
70800000.0 0.3184739961599466
72000000.0 0.3213957759412305
73200000.0 0.31947574922781535
74400000.0 0.32167404068230515
75600000.0 0.3204218493474692
76800000.0 0.3244845145671592
78000000.0 0.32387233213679495
79200000.0 0.324651473411804
80400000.0 0.32534713526449066
81600000.0 0.32598714416896235
82800000.0 0.32679411191807883
84000000.0 0.330745471241339
85200000.0 0.3318307037315302
86400000.0 0.3308567771377689
87600000.0 0.33230375379135707
88800000.0 0.3325541920583243
90000000.0 0.33472465703870663
91200000.0 0.33689512201908894
92400000.0 0.3367838161226591
93600000.0 0.3369507749673039
94800000.0 0.3378968750869577
96000000.0 0.3393160252664385
97200000.0 0.34042908423073714
98400000.0 0.3418760608843254
99600000.0 0.34243259036647467
100800000.0 0.34265520215933437
102000000.0 0.34279433452987174
103200000.0 0.34482566713971674
104400000.0 0.34465870829507195
105600000.0 0.3463004702674124
106800000.0 0.3484431087736873
108000000.0 0.34719091743885133
109200000.0 0.3500848707460278
110400000.0 0.3503631354871024
111600000.0 0.34961182068620084
112800000.0 0.3496674736344158
114000000.0 0.3507248796504995
115200000.0 0.35094749144335924
116400000.0 0.35050226785763977
117600000.0 0.3520605504076578
118800000.0 0.3533962211648162
120000000.0 0.35155967387372344
121200000.0 0.35409188301750283
122400000.0 0.3542588418621476
123600000.0 0.35492667724072685
124800000.0 0.35342404763892366
126000000.0 0.35498233018894176
127200000.0 0.3567632245318196
128400000.0 0.358043242340763
129600000.0 0.3562623479978852
130800000.0 0.35693018337646437
132000000.0 0.3580988952889779
133200000.0 0.3598241366836408
134400000.0 0.35937891309792136
135600000.0 0.3587667306675571
136800000.0 0.3599076161059632
138000000.0 0.3604641455881125
139200000.0 0.3611319809666917
140400000.0 0.36232851935331273
141600000.0 0.36149372513008876
142800000.0 0.36166068397473355
144000000.0 0.36179981634527086
145200000.0 0.36185546929348583
146400000.0 0.36179981634527086
147600000.0 0.36435985196315773
148800000.0 0.3627459164649247
150000000.0 0.3633302724211815
151200000.0 0.3649163814453071
