 time crystallinity "clusters w/ >= 2 members" "   independent clusters" "mean size cryst domains" "crystalline grid elements" "total volume"
0 0.0 0.00047305005982691933 1.0 17.0 1.0 17.0 303829.1441273404
1 1200000.0 0.009822745359935443 28.0 285.0 1.2385964912280703 353.0 302496.1680489425
2 2400000.0 0.04663717060411275 179.0 759.0 2.2081686429512515 1676.0 301259.90728975635
3 3600000.0 0.11383810557364277 296.0 971.0 4.21318228630278 4091.0 298967.40887816215
4 4800000.0 0.1913626624370426 352.0 1055.0 6.518483412322275 6877.0 296380.43356883473
5 6000000.0 0.25252525252525254 324.0 945.0 9.603174603174603 9075.0 294443.96290074434
6 7200000.0 0.29704761109719785 306.0 946.0 11.284355179704017 10675.0 293083.5709527968
7 8400000.0 0.32829674151988203 291.0 892.0 13.22645739910314 11798.0 292141.17377479386
8 9600000.0 0.35122575618443386 290.0 885.0 14.262146892655368 12622.0 291456.1959590841
9 10800000.0 0.36981384088822106 272.0 852.0 15.598591549295774 13290.0 290888.7968199967
10 12000000.0 0.3820018365472911 274.0 842.0 16.304038004750595 13728.0 290423.0405063361
11 13200000.0 0.3926593761304505 282.0 820.0 17.208536585365852 14111.0 290187.51912917895
12 14400000.0 0.4027882127055681 290.0 826.0 17.524213075060533 14475.0 289881.2197190062
13 15600000.0 0.40988396360297186 262.0 800.0 18.4125 14730.0 289706.09787557484
14 16800000.0 0.4136127111333723 251.0 735.0 20.22312925170068 14864.0 289509.77560889925
15 18000000.0 0.42001280017808945 247.0 728.0 20.733516483516482 15094.0 289326.64877039945
16 19200000.0 0.4239363330272421 253.0 728.0 20.927197802197803 15235.0 289186.68087606103
17 20400000.0 0.42944597490052033 239.0 755.0 20.441059602649005 15433.0 289053.912394981
18 21600000.0 0.4318668781478699 245.0 766.0 20.261096605744125 15520.0 288967.24053932837
19 22800000.0 0.4385174054595542 235.0 746.0 21.12466487935657 15759.0 288799.8837451516
20 24000000.0 0.4420513676712024 224.0 710.0 22.374647887323945 15886.0 288701.24658103334
21 25200000.0 0.4427192030497816 234.0 721.0 22.066574202496533 15910.0 288674.74382595223
22 26400000.0 0.44808971255252245 229.0 726.0 22.18044077134986 16103.0 288569.7610678668
23 27600000.0 0.4478949272337702 223.0 711.0 22.638537271448662 16096.0 288495.79043451254
24 28800000.0 0.4506219216963019 222.0 722.0 22.429362880886426 16194.0 288451.7092569759
25 30000000.0 0.45454545454545453 224.0 671.0 24.34426229508197 16335.0 288332.5663482766
26 31200000.0 0.4535158750034783 223.0 663.0 24.582202111613878 16298.0 288253.4437207116
27 32400000.0 0.45602025767315024 201.0 677.0 24.20679468242245 16388.0 288240.0532111177
28 33600000.0 0.4571889695856638 216.0 687.0 23.9155749636099 16430.0 288226.3770677625
29 34800000.0 0.4592759551437237 225.0 711.0 23.213783403656823 16505.0 288041.9930424958
30 36000000.0 0.46172468486518076 213.0 679.0 24.43740795287187 16593.0 288063.17085914355
31 37200000.0 0.4657316971366558 228.0 706.0 23.706798866855525 16737.0 288003.71521958214
32 38400000.0 0.46447950580181985 201.0 651.0 25.640552995391705 16692.0 287978.04096207407
33 39600000.0 0.4658986559813006 216.0 628.0 26.660828025477706 16743.0 287951.82970237324
34 40800000.0 0.4662325736705902 208.0 646.0 25.936532507739937 16755.0 287908.4957733373
35 42000000.0 0.4674847650054262 200.0 615.0 27.317073170731707 16800.0 287884.4460761881
36 43200000.0 0.4722430920778028 205.0 643.0 26.393468118195955 16971.0 287787.1047986756
37 44400000.0 0.4702117594679578 196.0 608.0 27.792763157894736 16898.0 287799.57929535443
38 45600000.0 0.47274396861173723 207.0 674.0 25.206231454005934 16989.0 287789.93803258665
39 46800000.0 0.47279962155995214 203.0 622.0 27.316720257234728 16991.0 287733.31078351766
40 48000000.0 0.4739126805242508 199.0 637.0 26.736263736263737 17031.0 287705.4178083709
41 49200000.0 0.474107465843003 207.0 621.0 27.436392914653783 17038.0 287678.08138742327
42 50400000.0 0.4755822689706987 201.0 626.0 27.30191693290735 17091.0 287598.5149089887
43 51600000.0 0.47725185741714665 197.0 616.0 27.842532467532468 17151.0 287579.3881849273
44 52800000.0 0.47855970170019757 208.0 613.0 28.05546492659054 17198.0 287626.94252668065
45 54000000.0 0.479422322397529 204.0 640.0 26.9203125 17229.0 287528.2799329465
46 55200000.0 0.4799231989314634 188.0 627.0 27.507177033492823 17247.0 287527.1851107367
47 56400000.0 0.47922753707877674 192.0 609.0 28.279146141215108 17222.0 287504.5734765285
48 57600000.0 0.4783927428555528 196.0 582.0 29.539518900343644 17192.0 287528.19905876234
49 58800000.0 0.48290063166096225 192.0 617.0 28.12641815235008 17354.0 287522.1665128253
50 60000000.0 0.47613525390625 193.0 538.0 29.0 15602.0 287487.79323935707
51 61200000.0 0.4794921875 181.0 514.0 30.56809338521401 15712.0 287459.6075776459
52 62400000.0 0.479888916015625 177.0 524.0 30.009541984732824 15725.0 287421.72131726047
53 63600000.0 0.47845458984375 181.0 538.0 29.141263940520446 15678.0 287332.4492993117
54 64800000.0 0.479217529296875 174.0 510.0 30.79019607843137 15703.0 287327.6227512169
55 66000000.0 0.47833251953125 172.0 504.0 31.099206349206348 15674.0 287313.3262228923
56 67200000.0 0.481353759765625 179.0 506.0 31.17193675889328 15773.0 287265.84537258314
57 68400000.0 0.4815673828125 179.0 462.0 34.15584415584416 15780.0 287229.8510262754
58 69600000.0 0.483123779296875 181.0 522.0 30.32758620689655 15831.0 287263.6400477493
59 70800000.0 0.483306884765625 167.0 524.0 30.22328244274809 15837.0 287344.9609209619
60 72000000.0 0.483245849609375 195.0 491.0 32.25050916496945 15835.0 287249.85620904213
61 73200000.0 0.4835205078125 180.0 504.0 31.436507936507937 15844.0 287155.80325189873
62 74400000.0 0.4835205078125 171.0 529.0 29.950850661625708 15844.0 287224.79781785904
63 75600000.0 0.48583984375 183.0 500.0 31.84 15920.0 287187.52115730545
64 76800000.0 0.48358154296875 177.0 507.0 31.254437869822485 15846.0 287163.84012771223
65 78000000.0 0.48822021484375 177.0 498.0 32.12449799196787 15998.0 287175.4297012157
66 79200000.0 0.48760986328125 174.0 498.0 32.08433734939759 15978.0 287173.9777591844
67 80400000.0 0.48876953125 178.0 507.0 31.58974358974359 16016.0 287157.26922974776
68 81600000.0 0.48822021484375 172.0 500.0 31.996 15998.0 287144.59045143676
69 82800000.0 0.491119384765625 175.0 491.0 32.775967413441954 16093.0 287121.0002976805
70 84000000.0 0.4901123046875 178.0 481.0 33.38877338877339 16060.0 287128.8837290032
71 85200000.0 0.491363525390625 176.0 509.0 31.63261296660118 16101.0 287089.39063987386
72 86400000.0 0.49200439453125 177.0 487.0 33.1047227926078 16122.0 287072.0252390732
73 87600000.0 0.490447998046875 164.0 511.0 31.450097847358123 16071.0 287063.52694720874
74 88800000.0 0.49176025390625 173.0 463.0 34.803455723542115 16114.0 287045.24701095064
75 90000000.0 0.4918212890625 166.0 515.0 31.293203883495146 16116.0 287017.13494667923
76 91200000.0 0.4952392578125 170.0 498.0 32.5863453815261 16228.0 287048.7221401975
77 92400000.0 0.4951171875 172.0 482.0 33.6597510373444 16224.0 286969.17293962615
78 93600000.0 0.4951171875 173.0 504.0 32.19047619047619 16224.0 286988.29179076565
79 94800000.0 0.498626708984375 176.0 484.0 33.75826446280992 16339.0 286982.28531703015
80 96000000.0 0.4964599609375 161.0 514.0 31.64980544747082 16268.0 286962.7945352873
81 97200000.0 0.497283935546875 180.0 492.0 33.11991869918699 16295.0 286945.4144018039
82 98400000.0 0.49627685546875 175.0 529.0 30.741020793950852 16262.0 286941.1305754962
83 99600000.0 0.497650146484375 173.0 497.0 32.81086519114688 16307.0 286955.95785149315
84 100800000.0 0.4949951171875 156.0 464.0 34.956896551724135 16220.0 286971.30309763347
85 102000000.0 0.495849609375 179.0 483.0 33.63975155279503 16248.0 286929.6567084018
86 103200000.0 0.497039794921875 168.0 515.0 31.625242718446604 16287.0 286906.76689150766
87 104400000.0 0.494873046875 167.0 500.0 32.432 16216.0 286907.97961755254
88 105600000.0 0.49871826171875 172.0 491.0 33.283095723014256 16342.0 286896.78983981564
89 106800000.0 0.498443603515625 166.0 484.0 33.74586776859504 16333.0 286868.5075444851
90 108000000.0 0.4996337890625 183.0 497.0 32.94164989939638 16372.0 286797.2613644593
91 109200000.0 0.49835205078125 169.0 470.0 34.744680851063826 16330.0 286909.91412332
92 110400000.0 0.498626708984375 175.0 508.0 32.16338582677165 16339.0 286818.1050271911
93 111600000.0 0.50079345703125 177.0 464.0 35.366379310344826 16410.0 286861.75011147215
94 112800000.0 0.499603271484375 174.0 482.0 33.96473029045643 16371.0 286769.0283897675
95 114000000.0 0.500885009765625 181.0 514.0 31.93190661478599 16413.0 286837.08360112936
96 115200000.0 0.501129150390625 176.0 487.0 33.718685831622174 16421.0 286769.2870592948
97 116400000.0 0.501190185546875 172.0 513.0 32.01364522417154 16423.0 286830.53506474936
98 117600000.0 0.500885009765625 185.0 500.0 32.826 16413.0 286780.3916215562
99 118800000.0 0.50213623046875 172.0 492.0 33.44308943089431 16454.0 286737.7200962339
100 120000000.0 0.50213623046875 167.0 486.0 33.8559670781893 16454.0 286744.49455571605
101 121200000.0 0.502899169921875 165.0 501.0 32.89221556886228 16479.0 286755.5474656272
102 122400000.0 0.503173828125 168.0 495.0 33.30909090909091 16488.0 286728.7502854015
103 123600000.0 0.500823974609375 158.0 483.0 33.97722567287785 16411.0 286704.49477478483
104 124800000.0 0.50213623046875 170.0 499.0 32.97394789579158 16454.0 286737.1800835675
105 126000000.0 0.505462646484375 163.0 511.0 32.41291585127202 16563.0 286613.2538999116
106 127200000.0 0.504150390625 168.0 509.0 32.45579567779961 16520.0 286721.18482347176
107 128400000.0 0.503936767578125 166.0 466.0 35.43562231759657 16513.0 286682.43683720747
108 129600000.0 0.50390625 161.0 476.0 34.6890756302521 16512.0 286737.4046045817
109 130800000.0 0.504241943359375 181.0 475.0 34.78526315789474 16523.0 286622.1957457803
110 132000000.0 0.503021240234375 167.0 468.0 35.22008547008547 16483.0 286681.8907521348
111 133200000.0 0.504180908203125 177.0 471.0 35.07643312101911 16521.0 286629.58383420703
112 134400000.0 0.50531005859375 158.0 457.0 36.23194748358862 16558.0 286600.3395489792
113 135600000.0 0.50494384765625 165.0 466.0 35.506437768240346 16546.0 286640.23788795224
114 136800000.0 0.50689697265625 173.0 467.0 35.56745182012848 16610.0 286622.896806681
115 138000000.0 0.5062255859375 163.0 482.0 34.4149377593361 16588.0 286626.92774162366
116 139200000.0 0.5068359375 172.0 488.0 34.032786885245905 16608.0 286630.7045892391
117 140400000.0 0.507659912109375 161.0 480.0 34.65625 16635.0 286626.7684188886
118 141600000.0 0.50726318359375 171.0 500.0 33.244 16622.0 286546.6139475255
119 142800000.0 0.508056640625 166.0 485.0 34.32577319587629 16648.0 286538.4858766184
120 144000000.0 0.50823974609375 163.0 469.0 35.50959488272921 16654.0 286608.66129351855
121 145200000.0 0.509765625 161.0 470.0 35.54042553191489 16704.0 286545.7904054238
122 146400000.0 0.50946044921875 168.0 462.0 36.134199134199136 16694.0 286565.3171286234
123 147600000.0 0.5072021484375 165.0 474.0 35.063291139240505 16620.0 286627.63304656604
124 148800000.0 0.508209228515625 166.0 465.0 35.81290322580645 16653.0 286579.45396964514
125 150000000.0 0.50946044921875 160.0 467.0 35.74732334047109 16694.0 286513.8265891086
126 151200000.0 0.510467529296875 165.0 468.0 35.74145299145299 16727.0 286601.90777119645
127 152400000.0 0.51031494140625 179.0 484.0 34.549586776859506 16722.0 286481.93104099244
128 153600000.0 0.5087890625 161.0 465.0 35.85376344086021 16672.0 286450.2440760998
129 154800000.0 0.5111083984375 163.0 452.0 37.05309734513274 16748.0 286452.0530372926
130 156000000.0 0.51007080078125 160.0 477.0 35.0398322851153 16714.0 286508.20475350344
131 157200000.0 0.50994873046875 164.0 467.0 35.78158458244111 16710.0 286528.7263327566
132 158400000.0 0.511749267578125 168.0 516.0 32.498062015503876 16769.0 286493.26597320667
133 159600000.0 0.51031494140625 170.0 499.0 33.51102204408818 16722.0 286483.51540029637
134 160800000.0 0.511962890625 158.0 498.0 33.68674698795181 16776.0 286484.81384204916
135 162000000.0 0.511077880859375 174.0 491.0 34.10794297352342 16747.0 286508.18367036275
136 163200000.0 0.511932373046875 171.0 498.0 33.68473895582329 16775.0 286458.4809677638
137 164400000.0 0.512451171875 173.0 490.0 34.26938775510204 16792.0 286421.8828763612
138 165600000.0 0.51116943359375 173.0 500.0 33.5 16750.0 286413.27842296363
139 166800000.0 0.5126953125 168.0 471.0 35.6687898089172 16800.0 286429.5245748817
140 168000000.0 0.513336181640625 172.0 493.0 34.11967545638945 16821.0 286448.19400380034
141 169200000.0 0.514892578125 174.0 483.0 34.93167701863354 16872.0 286436.5834593594
142 170400000.0 0.512847900390625 164.0 496.0 33.881048387096776 16805.0 286462.13089909573
143 171600000.0 0.513458251953125 168.0 500.0 33.65 16825.0 286435.7841327237
144 172800000.0 0.51446533203125 176.0 493.0 34.1947261663286 16858.0 286459.755332503
145 174000000.0 0.513580322265625 166.0 504.0 33.39087301587302 16829.0 286413.1445046441
146 175200000.0 0.5123291015625 170.0 470.0 35.719148936170214 16788.0 286440.92040527536
147 176400000.0 0.5145263671875 172.0 487.0 34.620123203285424 16860.0 286404.75567396963
148 177600000.0 0.516754150390625 166.0 488.0 34.69877049180328 16933.0 286359.3608401698
149 178800000.0 0.516357421875 168.0 504.0 33.57142857142857 16920.0 286397.5200500134
150 180000000.0 0.51629638671875 172.0 503.0 33.634194831013914 16918.0 286397.9685063793
151 181200000.0 0.5159912109375 152.0 475.0 35.59578947368421 16908.0 286313.3296072728
152 182400000.0 0.515899658203125 157.0 444.0 38.07432432432432 16905.0 286325.6219977649
153 183600000.0 0.515625 164.0 492.0 34.34146341463415 16896.0 286426.1007620568
154 184800000.0 0.51641845703125 168.0 490.0 34.53469387755102 16922.0 286357.48374238523
155 186000000.0 0.515289306640625 165.0 464.0 36.390086206896555 16885.0 286339.07417312055
156 187200000.0 0.515655517578125 162.0 459.0 36.812636165577345 16897.0 286262.3191362029
157 188400000.0 0.517822265625 167.0 469.0 36.17910447761194 16968.0 286387.39165404503
158 189600000.0 0.51580810546875 158.0 468.0 36.11538461538461 16902.0 286377.2217513288
159 190800000.0 0.51715087890625 164.0 454.0 37.32599118942731 16946.0 286368.76715821266
160 192000000.0 0.51544189453125 168.0 441.0 38.29931972789116 16890.0 286328.3490644196
161 193200000.0 0.51495361328125 169.0 479.0 35.22755741127349 16874.0 286343.02430705266
162 194400000.0 0.5189208984375 173.0 483.0 35.20496894409938 17004.0 286314.3854206352
163 195600000.0 0.517578125 181.0 481.0 35.25987525987526 16960.0 286344.0643980808
164 196800000.0 0.518310546875 173.0 518.0 32.78764478764479 16984.0 286324.6446803699
165 198000000.0 0.5174560546875 180.0 513.0 33.05263157894737 16956.0 286327.3278692585
166 199200000.0 0.519134521484375 160.0 504.0 33.75198412698413 17011.0 286346.05035873456
167 200400000.0 0.51812744140625 164.0 481.0 35.2972972972973 16978.0 286334.00299354014
168 201600000.0 0.5186767578125 163.0 481.0 35.33471933471934 16996.0 286346.07184827316
169 202800000.0 0.51904296875 168.0 455.0 37.38021978021978 17008.0 286294.2118332148
170 204000000.0 0.518768310546875 157.0 451.0 37.69179600886918 16999.0 286265.2347794512
171 205200000.0 0.519287109375 155.0 476.0 35.747899159663866 17016.0 286288.1106926932
172 206400000.0 0.517913818359375 165.0 460.0 36.893478260869564 16971.0 286213.37820220646
173 207600000.0 0.517578125 160.0 466.0 36.39484978540773 16960.0 286263.0204325339
174 208800000.0 0.51837158203125 174.0 473.0 35.911205073995774 16986.0 286382.51148627076
