0 0.00047305005982691933
1200000 0.009822745359935443
2400000 0.04663717060411275
3600000 0.11383810557364277
4800000 0.1913626624370426
6000000 0.25252525252525254
7200000 0.29704761109719785
8400000 0.32829674151988203
9600000 0.35122575618443386
10800000 0.36981384088822106
12000000 0.3820018365472911
13200000 0.3926593761304505
14400000 0.4027882127055681
15600000 0.40988396360297186
16800000 0.4136127111333723
18000000 0.42001280017808945
19200000 0.4239363330272421
20400000 0.42944597490052033
21600000 0.4318668781478699
22800000 0.4385174054595542
24000000 0.4420513676712024
25200000 0.4427192030497816
26400000 0.44808971255252245
27600000 0.4478949272337702
28800000 0.4506219216963019
30000000 0.45454545454545453
31200000 0.4535158750034783
32400000 0.45602025767315024
33600000 0.4571889695856638
34800000 0.4592759551437237
36000000 0.46172468486518076
37200000 0.4657316971366558
38400000 0.46447950580181985
39600000 0.4658986559813006
40800000 0.4662325736705902
42000000 0.4674847650054262
43200000 0.4722430920778028
44400000 0.4702117594679578
45600000 0.47274396861173723
46800000 0.47279962155995214
48000000 0.4739126805242508
49200000 0.474107465843003
50400000 0.4755822689706987
51600000 0.47725185741714665
52800000 0.47855970170019757
54000000 0.479422322397529
55200000 0.4799231989314634
56400000 0.47922753707877674
57600000 0.4783927428555528
58800000 0.48290063166096225
60000000 0.47613525390625
61200000 0.4794921875
62400000 0.479888916015625
63600000 0.47845458984375
64800000 0.479217529296875
66000000 0.47833251953125
67200000 0.481353759765625
68400000 0.4815673828125
69600000 0.483123779296875
70800000 0.483306884765625
72000000 0.483245849609375
73200000 0.4835205078125
74400000 0.4835205078125
75600000 0.48583984375
76800000 0.48358154296875
78000000 0.48822021484375
79200000 0.48760986328125
80400000 0.48876953125
81600000 0.48822021484375
82800000 0.491119384765625
84000000 0.4901123046875
85200000 0.491363525390625
86400000 0.49200439453125
87600000 0.490447998046875
88800000 0.49176025390625
90000000 0.4918212890625
91200000 0.4952392578125
92400000 0.4951171875
93600000 0.4951171875
94800000 0.498626708984375
96000000 0.4964599609375
97200000 0.497283935546875
98400000 0.49627685546875
99600000 0.497650146484375
100800000 0.4949951171875
102000000 0.495849609375
103200000 0.497039794921875
104400000 0.494873046875
105600000 0.49871826171875
106800000 0.498443603515625
108000000 0.4996337890625
109200000 0.49835205078125
110400000 0.498626708984375
111600000 0.50079345703125
112800000 0.499603271484375
114000000 0.500885009765625
115200000 0.501129150390625
116400000 0.501190185546875
117600000 0.500885009765625
118800000 0.50213623046875
120000000 0.50213623046875
121200000 0.502899169921875
122400000 0.503173828125
123600000 0.500823974609375
124800000 0.50213623046875
126000000 0.505462646484375
127200000 0.504150390625
128400000 0.503936767578125
129600000 0.50390625
130800000 0.504241943359375
132000000 0.503021240234375
133200000 0.504180908203125
134400000 0.50531005859375
135600000 0.50494384765625
136800000 0.50689697265625
138000000 0.5062255859375
139200000 0.5068359375
140400000 0.507659912109375
141600000 0.50726318359375
142800000 0.508056640625
144000000 0.50823974609375
145200000 0.509765625
146400000 0.50946044921875
147600000 0.5072021484375
148800000 0.508209228515625
150000000 0.50946044921875
151200000 0.510467529296875
152400000 0.51031494140625
153600000 0.5087890625
154800000 0.5111083984375
156000000 0.51007080078125
157200000 0.50994873046875
158400000 0.511749267578125
159600000 0.51031494140625
160800000 0.511962890625
162000000 0.511077880859375
163200000 0.511932373046875
164400000 0.512451171875
165600000 0.51116943359375
166800000 0.5126953125
168000000 0.513336181640625
169200000 0.514892578125
170400000 0.512847900390625
171600000 0.513458251953125
172800000 0.51446533203125
174000000 0.513580322265625
175200000 0.5123291015625
176400000 0.5145263671875
177600000 0.516754150390625
178800000 0.516357421875
180000000 0.51629638671875
181200000 0.5159912109375
182400000 0.515899658203125
183600000 0.515625
184800000 0.51641845703125
186000000 0.515289306640625
187200000 0.515655517578125
188400000 0.517822265625
189600000 0.51580810546875
190800000 0.51715087890625
192000000 0.51544189453125
193200000 0.51495361328125
194400000 0.5189208984375
195600000 0.517578125
196800000 0.518310546875
198000000 0.5174560546875
199200000 0.519134521484375
200400000 0.51812744140625
201600000 0.5186767578125
202800000 0.51904296875
204000000 0.518768310546875
205200000 0.519287109375
206400000 0.517913818359375
207600000 0.517578125
208800000 0.51837158203125
