,time,b_0,persistence_length,persistence_length_err
0,0.0,0.49679774045944214,1.9867368358238682,0.05993471901770973
1,1200000.0,0.4968602657318115,2.2415873098144408,0.06875694572429486
2,2400000.0,0.49690112471580505,2.406300717889694,0.07632859194277809
3,3600000.0,0.4969484806060791,2.6300726123297125,0.10244140117828274
4,4800000.0,0.4970100224018097,2.8596313275131697,0.14074871100670552
5,6000000.0,0.49703913927078247,3.030769967464618,0.1784880696914434
6,7200000.0,0.4970776438713074,3.148774756807508,0.20916241611406627
7,8400000.0,0.49710845947265625,3.227959355029755,0.229849335806954
8,9600000.0,0.4970976710319519,3.290470248856752,0.24761466762311382
9,10800000.0,0.49713975191116333,3.336167784215967,0.26153213443332823
10,12000000.0,0.4971121847629547,3.3755010607544995,0.2718914323226008
11,13200000.0,0.49714022874832153,3.3959961634254854,0.27854370320791366
12,14400000.0,0.49714699387550354,3.4227415807545154,0.286953633577875
13,15600000.0,0.4971105456352234,3.4438974417691504,0.2918750393233572
14,16800000.0,0.49716106057167053,3.46664096941669,0.2963229825634283
15,18000000.0,0.4971363842487335,3.4802072805990956,0.3005296322122176
16,19200000.0,0.4971553087234497,3.494644171074042,0.3065387998420834
17,20400000.0,0.497182160615921,3.5071932747373635,0.31035141033512226
18,21600000.0,0.4971467852592468,3.5171416197895855,0.3134014357000898
19,22800000.0,0.49719110131263733,3.53722146954677,0.31722041268664936
20,24000000.0,0.49713629484176636,3.549178818964741,0.32222013277975337
21,25200000.0,0.49716320633888245,3.5540289907059326,0.32386978777006503
22,26400000.0,0.4971848726272583,3.56012378706926,0.32326756679144447
23,27600000.0,0.49715912342071533,3.568612138388004,0.3257050913424919
24,28800000.0,0.49715936183929443,3.5783046363999023,0.3282288860446301
25,30000000.0,0.4971543252468109,3.582973625485314,0.3297823365616062
26,31200000.0,0.4971807599067688,3.5914548808248825,0.33091718284908456
27,32400000.0,0.49713459610939026,3.598816156667788,0.3331735737700718
28,33600000.0,0.4971776306629181,3.6056840027742414,0.335385891287625
29,34800000.0,0.49716833233833313,3.6123834433458133,0.33806947923729713
30,36000000.0,0.49717867374420166,3.6120246481944087,0.3404749208603159
31,37200000.0,0.49715456366539,3.619453978795758,0.3415026870196529
32,38400000.0,0.49718180298805237,3.6223606092291125,0.34336893549380904
33,39600000.0,0.4971696138381958,3.630050270687614,0.3447986537535878
34,40800000.0,0.4971691370010376,3.6343731140986266,0.34555977995076326
35,42000000.0,0.4971442222595215,3.6395091640049877,0.34599476205712765
36,43200000.0,0.4971882402896881,3.649044053747704,0.3471496938538553
37,44400000.0,0.4971965253353119,3.653691670460659,0.34852328739671695
38,45600000.0,0.4971802532672882,3.655894088688147,0.3479725090123567
39,46800000.0,0.49722129106521606,3.655878828328268,0.34943168634567623
40,48000000.0,0.4971606135368347,3.6620498588581087,0.35122337465918235
41,49200000.0,0.49714699387550354,3.6690719141437165,0.3535297437499927
42,50400000.0,0.49717047810554504,3.6725142258837344,0.35294760368035416
43,51600000.0,0.4971816837787628,3.6770861659821343,0.35600416096897236
44,52800000.0,0.49718034267425537,3.6805254634609375,0.3551153378210271
45,54000000.0,0.4971902668476105,3.6860425030179367,0.35696464181139337
46,55200000.0,0.49718350172042847,3.689180626337824,0.3570046287993238
47,56400000.0,0.4971887767314911,3.688012846928581,0.3570289244949131
48,57600000.0,0.4971456825733185,3.692254407810409,0.3574926849879634
49,58800000.0,0.4971880316734314,3.697216210967349,0.35837891765684127
50,60000000.0,0.4971649646759033,3.7035168596170633,0.3607332779381761
51,61200000.0,0.49715563654899597,3.702165700081667,0.36168062064692674
52,62400000.0,0.4972088932991028,3.7031298489669173,0.36156625562576195
53,63600000.0,0.4971718490123749,3.705730340580147,0.3620397231801194
54,64800000.0,0.4971998929977417,3.7082425399141687,0.3635930139095469
55,66000000.0,0.4971889853477478,3.710645995602571,0.3646828095188875
56,67200000.0,0.4971655309200287,3.710577901159253,0.3647209015670495
57,68400000.0,0.4971785545349121,3.7144025979446007,0.36520016753213025
58,69600000.0,0.4971921443939209,3.7172296817424737,0.3678495570563165
59,70800000.0,0.49719342589378357,3.7238449260421946,0.3681752461199292
60,72000000.0,0.49720147252082825,3.726477202707186,0.3685931992344048
61,73200000.0,0.497200071811676,3.7311395411852866,0.3686447290874389
62,74400000.0,0.4971863627433777,3.7284611134159875,0.3698084525637043
63,75600000.0,0.49718788266181946,3.732108538830275,0.37167936159735315
64,76800000.0,0.4971867501735687,3.732637148900497,0.37241403816002766
65,78000000.0,0.49716150760650635,3.731410327067998,0.3715958004534653
66,79200000.0,0.4971894323825836,3.7357583003545782,0.37270638281060037
67,80400000.0,0.49718689918518066,3.7395459122638433,0.37344185708152877
68,81600000.0,0.4971786141395569,3.737837865838751,0.37421175246460525
69,82800000.0,0.49718692898750305,3.7434225551084124,0.37444123594044715
70,84000000.0,0.4972034692764282,3.7436999360088863,0.3752986147980006
71,85200000.0,0.4972071051597595,3.7489560564907323,0.3765633450965035
72,86400000.0,0.49718302488327026,3.7484368035299673,0.3758539571813075
73,87600000.0,0.49717023968696594,3.751080252852167,0.37602792071798086
74,88800000.0,0.49720507860183716,3.748236959046885,0.37702284762722177
75,90000000.0,0.4971815347671509,3.7504366943541547,0.3763566143650755
76,91200000.0,0.4971984624862671,3.7545286958714312,0.3782715786765685
77,92400000.0,0.49720919132232666,3.756365736243368,0.3784188942896224
78,93600000.0,0.49719011783599854,3.756687862138265,0.38014919939708186
79,94800000.0,0.49718227982521057,3.7611766434435925,0.3812819816566371
80,96000000.0,0.49721065163612366,3.7618024700408865,0.38175623636891154
81,97200000.0,0.4971587359905243,3.7654665401712863,0.38158584048197625
82,98400000.0,0.4971792995929718,3.765687676001908,0.3819885616818494
83,99600000.0,0.4972072243690491,3.768492834019354,0.3832236303996728
84,100800000.0,0.4972102642059326,3.7727367915404986,0.38399815882593474
85,102000000.0,0.4971940815448761,3.7717583052498864,0.3828489809179893
86,103200000.0,0.4972045421600342,3.7729281431723813,0.38328666793171606
87,104400000.0,0.4971766173839569,3.7766604243007857,0.3851775374104939
88,105600000.0,0.49721187353134155,3.775815745367159,0.38522501646893087
89,106800000.0,0.4971873164176941,3.779245788899456,0.38490710941117495
90,108000000.0,0.4971957504749298,3.783083185494422,0.3851689494034822
91,109200000.0,0.4971577227115631,3.779852136381834,0.38584382889034385
92,110400000.0,0.49720796942710876,3.7872593113871322,0.3862455861608554
93,111600000.0,0.4971860647201538,3.7851917637830215,0.38704633611516587
94,112800000.0,0.49719464778900146,3.78618579386567,0.3869968438037388
95,114000000.0,0.4972042143344879,3.7895504641224225,0.38676120803662584
96,115200000.0,0.49720868468284607,3.790616878967922,0.38788393685651007
97,116400000.0,0.4971733093261719,3.7938765044495155,0.3886260418633763
98,117600000.0,0.4971935451030731,3.794380361162217,0.38933674290619036
99,118800000.0,0.49721986055374146,3.797521849701228,0.38903459376643995
100,120000000.0,0.4971907138824463,3.7953697944403624,0.39010088658668846
101,121200000.0,0.497184157371521,3.798038212437618,0.38921427176309586
102,122400000.0,0.4971913993358612,3.8015137700485604,0.3916412046468275
103,123600000.0,0.49718648195266724,3.8035397148418046,0.3909521756874362
104,124800000.0,0.49719271063804626,3.802115154575626,0.3911010588107131
105,126000000.0,0.4972274899482727,3.8072181292110647,0.39274063524699687
106,127200000.0,0.4972039759159088,3.8063374366899136,0.3920802944514415
107,128400000.0,0.4971782863140106,3.8089390739184283,0.3924899899738488
108,129600000.0,0.4971865713596344,3.8105141017607647,0.3925874613378849
109,130800000.0,0.4971950948238373,3.8089417234638834,0.39385476035686
110,132000000.0,0.4972069561481476,3.8151337158818803,0.39311077707067243
111,133200000.0,0.49720022082328796,3.814879910522231,0.39415315315776867
112,134400000.0,0.49721068143844604,3.8120970020559524,0.39369256193884716
113,135600000.0,0.49719056487083435,3.8160191299721107,0.39392298506358403
114,136800000.0,0.4971623718738556,3.8178185447400845,0.39490091657882537
115,138000000.0,0.49719128012657166,3.8212388071588235,0.39609382287131467
116,139200000.0,0.49720025062561035,3.823779514584128,0.3974755826357694
117,140400000.0,0.49719661474227905,3.824502800946864,0.3967610307091703
118,141600000.0,0.49721091985702515,3.825354202059789,0.3981295671639866
119,142800000.0,0.49720945954322815,3.828273110108206,0.39760315707975935
120,144000000.0,0.4971871078014374,3.829372003465214,0.3983505289725533
121,145200000.0,0.49719029664993286,3.8303775693739857,0.39777483351036247
122,146400000.0,0.4971816837787628,3.8285145846288406,0.3968683785170853
123,147600000.0,0.49718376994132996,3.8279045632423108,0.397004450802167
124,148800000.0,0.4971839487552643,3.8298063888597036,0.39744537533551344
125,150000000.0,0.4971832036972046,3.831006710952009,0.39736672810025153
126,151200000.0,0.49720096588134766,3.829854694971871,0.39756429416314804
127,152400000.0,0.4971879720687866,3.8325116016105536,0.3988901148143684
128,153600000.0,0.49719706177711487,3.8340955587901826,0.39858877317863495
129,154800000.0,0.49719682335853577,3.838209281830227,0.39817631221234884
130,156000000.0,0.49723321199417114,3.839308355550258,0.3996757623840255
131,157200000.0,0.49720221757888794,3.8387393556428737,0.3999011477933536
132,158400000.0,0.49718284606933594,3.8399205925649853,0.401688102317361
133,159600000.0,0.4971925914287567,3.842166224867395,0.4026012133268696
134,160800000.0,0.4971531331539154,3.8420809349692506,0.40238276560833636
135,162000000.0,0.49717921018600464,3.8354307020618568,0.4016177174133853
136,163200000.0,0.4972423315048218,3.84586525654909,0.40230020607658606
137,164400000.0,0.49722182750701904,3.84846991092834,0.40456540319542245
138,165600000.0,0.4972151219844818,3.845755010134242,0.40518451248072984
139,166800000.0,0.49717360734939575,3.8487386520069027,0.4043247898893831
140,168000000.0,0.4971908628940582,3.8490604312730383,0.404843768102503
141,169200000.0,0.49719035625457764,3.847995465127523,0.40403000894405827
142,170400000.0,0.49720311164855957,3.8489257746030603,0.4049918324897422
143,171600000.0,0.4971998929977417,3.849607240712768,0.40479127167589857
144,172800000.0,0.497163861989975,3.85186667789769,0.4051806271147343
145,174000000.0,0.4972381293773651,3.8529716639816476,0.40588749278678043
146,175200000.0,0.4971919655799866,3.852658769412039,0.4060866216029071
147,176400000.0,0.497200608253479,3.8529168969952106,0.40628425034720256
148,177600000.0,0.4972105920314789,3.854807326306707,0.40651693748969786
149,178800000.0,0.49719157814979553,3.8562924680887813,0.4070355134595305
150,180000000.0,0.49721425771713257,3.853473825713094,0.40687092754017024
151,181200000.0,0.4972151517868042,3.8568195169603796,0.4060898418687268
152,182400000.0,0.49720627069473267,3.855653685688661,0.40795864076279503
153,183600000.0,0.49719101190567017,3.8569532903251416,0.40692743257000913
154,184800000.0,0.4971643090248108,3.854881368382878,0.40867649664470684
155,186000000.0,0.4971741735935211,3.8569730151537485,0.40892159765189146
156,187200000.0,0.4971795678138733,3.859699440795838,0.4083247242126987
157,188400000.0,0.49720147252082825,3.860596136580908,0.40975263938703427
158,189600000.0,0.49718114733695984,3.8602100009034817,0.40917647628075665
159,190800000.0,0.4972018897533417,3.859080190411571,0.41028802294747835
160,192000000.0,0.49718740582466125,3.860493537449276,0.4084786221788352
161,193200000.0,0.49719303846359253,3.8596587779521627,0.40959059176316426
162,194400000.0,0.4972057044506073,3.859504734105493,0.4092271048284753
163,195600000.0,0.4971938133239746,3.8628262605598507,0.40961890263650674
164,196800000.0,0.49720239639282227,3.862834920985823,0.41007396300145876
165,198000000.0,0.4972158670425415,3.863453626043996,0.41145617641193416
166,199200000.0,0.49718448519706726,3.8628261015803127,0.41202968025758085
167,200400000.0,0.49718424677848816,3.858595708799104,0.4103073036660087
168,201600000.0,0.49718499183654785,3.864315794454163,0.4120458023231583
169,202800000.0,0.49719443917274475,3.862596366152955,0.4123502155477815
170,204000000.0,0.4972136318683624,3.8639672296716805,0.4112900827285261
171,205200000.0,0.4971911907196045,3.86551328739767,0.4115161827709843
172,206400000.0,0.4971826374530792,3.865934388474903,0.4134622687711673
173,207600000.0,0.4971979856491089,3.8688436605014793,0.4133500432552779
174,208800000.0,0.4971614480018616,3.867559166427668,0.41301245866041614
