index time total_bonds tie_bonds f_tie n_tie_chains mean_tie_length
0 0 712800 27 3.787878787878788e-05 1 27.0
1 1200000 712800 5134 0.007202581369248036 223 23.022421524663677
2 2400000 712800 41875 0.05874719416386083 1775 23.591549295774648
3 3600000 712800 93355 0.13096941638608306 4101 22.763960009753717
4 4800000 712800 147340 0.20670594837261505 6801 21.66446110866049
5 6000000 712800 166195 0.23315796857463525 8227 20.201166889510148
6 7200000 712800 179494 0.2518153759820426 9424 19.046477079796265
7 8400000 712800 179805 0.2522516835016835 9909 18.14562518922192
8 9600000 712800 183176 0.2569809203142536 10521 17.4105123087159
9 10800000 712800 183466 0.25738776655443324 10874 16.87198822880265
10 12000000 712800 184210 0.25843153759820425 11110 16.580558055805582
11 13200000 712800 183878 0.25796576879910216 11356 16.192145121521662
12 14400000 712800 182324 0.25578563411896743 11380 16.021441124780317
13 15600000 712800 182955 0.2566708754208754 11619 15.746191582752388
14 16800000 712800 180252 0.25287878787878787 11411 15.79633686793445
15 18000000 712800 177935 0.24962822671156004 11427 15.571453574866544
16 19200000 712800 179238 0.25145622895622893 11605 15.44489444205084
17 20400000 712800 176893 0.24816638608305275 11737 15.071398142625885
18 21600000 712800 177552 0.24909090909090909 11785 15.06593126856173
19 22800000 712800 178048 0.24978675645342313 11936 14.916890080428955
20 24000000 712800 173825 0.2438622334455668 11872 14.641593665768195
21 25200000 712800 174776 0.24519640852974187 11841 14.76023984460772
22 26400000 712800 173523 0.24343855218855218 11938 14.535349304741162
23 27600000 712800 172491 0.24199074074074073 11747 14.683834170426492
24 28800000 712800 173356 0.24320426487093152 11927 14.534753081244236
25 30000000 712800 171575 0.24070566778900113 11877 14.445988044118884
26 31200000 712800 173193 0.24297558922558923 11952 14.490712851405622
27 32400000 712800 170279 0.2388874859708193 11803 14.42675590951453
28 33600000 712800 170239 0.2388313692480359 11842 14.375865563249452
29 34800000 712800 172767 0.24237794612794614 12062 14.323246559442879
30 36000000 712800 168956 0.23703142536475869 11982 14.100817893506926
31 37200000 712800 170149 0.2387051066217733 12081 14.08401622382253
32 38400000 712800 168294 0.2361026936026936 11885 14.160201935212452
33 39600000 712800 169062 0.23718013468013469 11860 14.254806070826307
34 40800000 712800 169337 0.2375659371492705 11895 14.235981504833964
35 42000000 712800 166248 0.23323232323232324 11729 14.17409838860943
36 43200000 712800 168417 0.23627525252525253 12001 14.033580534955421
37 44400000 712800 166108 0.23303591470258136 11829 14.042438075915124
38 45600000 712800 168517 0.236415544332211 12141 13.879993410756938
39 46800000 712800 167607 0.2351388888888889 12018 13.946330504243635
40 48000000 712800 166982 0.23426206509539843 12004 13.910529823392203
41 49200000 712800 166235 0.23321408529741863 11777 14.115224590303134
42 50400000 712800 166396 0.23343995510662177 11862 14.027651323554206
43 51600000 712800 164535 0.23082912457912458 11770 13.979184367034835
44 52800000 712800 163168 0.22891133557800225 11778 13.853625403294277
45 54000000 712800 165627 0.2323611111111111 12011 13.789609524602447
46 55200000 712800 165462 0.23212962962962963 11905 13.898530029399412
47 56400000 712800 164600 0.2309203142536476 11748 14.01089547156963
48 57600000 712800 163764 0.22974747474747476 11842 13.829082925181558
49 58800000 712800 162781 0.22836840628507296 11896 13.683675184936114
50 60000000 712800 164620 0.23094837261503928 11746 14.014983824280606
51 61200000 712800 163645 0.22958052749719415 11812 13.854131391804945
52 62400000 712800 163080 0.2287878787878788 11727 13.906369915579432
53 63600000 712800 164813 0.23121913580246914 11936 13.808059651474531
54 64800000 712800 162558 0.22805555555555557 11710 13.88198121263877
55 66000000 712800 162412 0.22785072951739618 11655 13.934963534963535
56 67200000 712800 161901 0.22713383838383838 11735 13.796420962931402
57 68400000 712800 163336 0.22914702581369248 11729 13.925824878506267
58 69600000 712800 162114 0.22743265993265993 11784 13.757128309572302
59 70800000 712800 162085 0.22739197530864197 11753 13.790946992257297
60 72000000 712800 160115 0.22462822671156005 11673 13.716696650389789
61 73200000 712800 159942 0.22438552188552188 11611 13.775040909482387
62 74400000 712800 162126 0.22744949494949496 11779 13.763986756091349
63 75600000 712800 159882 0.2243013468013468 11589 13.796013461040642
64 76800000 712800 161174 0.22611391694725028 11678 13.8015071073814
65 78000000 712800 159168 0.2232996632996633 11668 13.641412410010284
66 79200000 712800 158851 0.22285493827160494 11638 13.649338374291116
67 80400000 712800 161193 0.2261405723905724 11904 13.541078629032258
68 81600000 712800 158114 0.22182098765432098 11749 13.457655970720912
69 82800000 712800 157965 0.22161195286195287 11718 13.480542754736303
70 84000000 712800 159267 0.2234385521885522 11767 13.535055664145492
71 85200000 712800 160196 0.22474186307519642 11866 13.50042137198719
72 86400000 712800 159418 0.22365039281705948 11858 13.44391971664699
73 87600000 712800 159766 0.22413860830527496 11789 13.55212486215964
74 88800000 712800 158747 0.22270903479236812 11646 13.63103211403057
75 90000000 712800 157899 0.22151936026936028 11734 13.456536560422704
76 91200000 712800 158519 0.2223891694725028 11798 13.436090862858112
77 92400000 712800 158709 0.2226557239057239 11741 13.517502768077676
78 93600000 712800 158466 0.22231481481481483 11846 13.377173729528955
79 94800000 712800 155908 0.21872615039281706 11708 13.316364878715408
80 96000000 712800 157892 0.22150953984287317 11814 13.364821398340952
81 97200000 712800 157063 0.22034652076318742 11792 13.319453867028495
82 98400000 712800 158701 0.22264450056116722 11943 13.28820229423093
83 99600000 712800 157158 0.22047979797979797 11797 13.321861490209375
84 100800000 712800 155638 0.21834736251402917 11591 13.427486843240445
85 102000000 712800 158497 0.22235830527497194 11804 13.427397492375466
86 103200000 712800 159491 0.22375280583613916 11837 13.473937653121569
87 104400000 712800 158146 0.2218658810325477 11712 13.50290300546448
88 105600000 712800 156547 0.2196226150392817 11723 13.353834342745031
89 106800000 712800 157352 0.22075196408529743 11883 13.241773962804006
90 108000000 712800 156483 0.21953282828282827 11792 13.270267978290367
91 109200000 712800 157034 0.2203058361391695 11720 13.398805460750854
92 110400000 712800 158244 0.222003367003367 11874 13.326932794340577
93 111600000 712800 157694 0.2212317620650954 11913 13.237135901955847
94 112800000 712800 157789 0.22136503928170595 11904 13.25512432795699
95 114000000 712800 156849 0.2200462962962963 11828 13.260821778829895
96 115200000 712800 154896 0.2173063973063973 11659 13.28553049146582
97 116400000 712800 158172 0.2219023569023569 11949 13.23725834797891
98 117600000 712800 157824 0.22141414141414142 11820 13.35228426395939
99 118800000 712800 157228 0.22057800224466892 11769 13.35950378111989
100 120000000 712800 156731 0.2198807519640853 11888 13.183967025572006
101 121200000 712800 154234 0.21637766554433221 11693 13.190284785769263
102 122400000 712800 157155 0.2204755892255892 11941 13.160958043714931
103 123600000 712800 154821 0.21720117845117845 11612 13.332845332414744
104 124800000 712800 156036 0.2189057239057239 11743 13.287575576939453
105 126000000 712800 153352 0.21514029180695848 11661 13.150844695995197
106 127200000 712800 156908 0.2201290684624018 11858 13.23224827120931
107 128400000 712800 155906 0.21872334455667788 11810 13.201185436071126
108 129600000 712800 155872 0.21867564534231201 11737 13.280395331004515
109 130800000 712800 156322 0.21930695847362514 11723 13.334641303420627
110 132000000 712800 154521 0.21678030303030302 11637 13.278422273781903
111 133200000 712800 154574 0.21685465768799103 11610 13.31386735572782
112 134400000 712800 154307 0.2164800785634119 11701 13.18750534142381
113 135600000 712800 153880 0.21588103254769922 11716 13.134175486514168
114 136800000 712800 152853 0.21444023569023568 11690 13.075534644995724
115 138000000 712800 154522 0.21678170594837262 11840 13.050844594594595
116 139200000 712800 152660 0.21416947250280582 11625 13.132043010752689
117 140400000 712800 152669 0.2141820987654321 11782 12.957817008996775
118 141600000 712800 153634 0.21553591470258138 11780 13.041935483870967
119 142800000 712800 155065 0.21754349046015714 11878 13.054807206600438
120 144000000 712800 153539 0.21540263748597083 11778 13.036084224825947
121 145200000 712800 152575 0.21405022446689112 11705 13.035027765912004
122 146400000 712800 152652 0.21415824915824916 11731 13.012701389480863
123 147600000 712800 152911 0.2145216049382716 11549 13.240193956186683
124 148800000 712800 153270 0.21502525252525254 11657 13.148322896113923
125 150000000 712800 150697 0.211415544332211 11596 12.995601931700586
126 151200000 712800 152948 0.21457351290684623 11674 13.101593284221346
127 152400000 712800 152801 0.21436728395061727 11878 12.864202727731941
128 153600000 712800 153481 0.2153212682379349 11784 13.024524779361846
129 154800000 712800 152798 0.21436307519640854 11758 12.995237285252594
130 156000000 712800 152389 0.21378928170594838 11716 13.006913622396722
131 157200000 712800 151260 0.2122053872053872 11738 12.886352019083319
132 158400000 712800 154217 0.21635381593714928 11956 12.898711943793911
133 159600000 712800 153662 0.21557519640852973 11702 13.131259613741241
134 160800000 712800 152125 0.213418911335578 11752 12.944605173587474
135 162000000 712800 155194 0.21772446689113356 11996 12.937145715238414
136 163200000 712800 151536 0.21259259259259258 11769 12.87586031098649
137 164400000 712800 153051 0.21471801346801347 11833 12.9342516690611
138 165600000 712800 152602 0.21408810325476993 11772 12.96313285762827
139 166800000 712800 152528 0.21398428731762065 11786 12.941455964703886
140 168000000 712800 152752 0.21429854096520765 11827 12.91553225670077
141 169200000 712800 150705 0.21142676767676769 11740 12.836882453151619
142 170400000 712800 151660 0.2127665544332211 11753 12.903939419722624
143 171600000 712800 152359 0.21374719416386084 11799 12.912873972370539
144 172800000 712800 150482 0.2111139169472503 11779 12.775447830885474
145 174000000 712800 150877 0.21166806958473625 11792 12.79486092265943
146 175200000 712800 151016 0.21186307519640854 11676 12.933881466255567
147 176400000 712800 153259 0.21500982042648709 11892 12.88757147662294
148 177600000 712800 152255 0.21360129068462402 11981 12.708037726400134
149 178800000 712800 151415 0.21242283950617283 11745 12.891868880374627
150 180000000 712800 152103 0.21338804713804713 11927 12.752829714094073
151 181200000 712800 150891 0.21168771043771042 11724 12.870266120777892
152 182400000 712800 149937 0.2103493265993266 11643 12.87786652924504
153 183600000 712800 152535 0.21399410774410774 11916 12.800855991943605
154 184800000 712800 150341 0.21091610549943884 11800 12.740762711864408
155 186000000 712800 150862 0.2116470258136925 11757 12.831674746959258
156 187200000 712800 149517 0.209760101010101 11648 12.836280906593407
157 188400000 712800 152098 0.21338103254769922 11905 12.77597648047039
158 189600000 712800 152026 0.21328002244668912 11806 12.87701168897171
159 190800000 712800 151031 0.2118841189674523 11797 12.80249215902348
160 192000000 712800 151314 0.2122811447811448 11699 12.933925976579195
161 193200000 712800 153554 0.21542368125701458 11855 12.952678194854492
162 194400000 712800 152055 0.21332070707070708 11941 12.73385813583452
163 195600000 712800 150647 0.21134539842873176 11773 12.795973838443897
164 196800000 712800 152531 0.2139884960718294 12050 12.658174273858922
165 198000000 712800 152027 0.2132814253647587 11907 12.767867640883514
166 199200000 712800 150204 0.21072390572390573 11959 12.55991303620704
167 200400000 712800 150924 0.21173400673400675 11740 12.855536626916525
168 201600000 712800 150711 0.2114351851851852 11772 12.80249745158002
169 202800000 712800 150867 0.2116540404040404 11866 12.714225518287543
170 204000000 712800 150239 0.21077300785634118 11807 12.724570170237994
171 205200000 712800 149335 0.2095047699214366 11777 12.680224165746795
172 206400000 712800 152013 0.2132617845117845 11961 12.709054426887384
173 207600000 712800 151621 0.2127118406285073 11872 12.77131064690027
174 208800000 712800 151441 0.21245931537598203 11861 12.767979091139027
