1.000000000000000000e+00 1.000000000000000000e+00
2.000000000000000000e+00 8.800188899040222168e-01
3.000000000000000000e+00 7.878566384315490723e-01
4.000000000000000000e+00 7.088763713836669922e-01
5.000000000000000000e+00 6.380394101142883301e-01
6.000000000000000000e+00 5.723073482513427734e-01
7.000000000000000000e+00 5.104919672012329102e-01
8.000000000000000000e+00 4.519701004028320312e-01
9.000000000000000000e+00 3.961330056190490723e-01
1.000000000000000000e+01 3.424702584743499756e-01
1.100000000000000000e+01 2.912284135818481445e-01
1.200000000000000000e+01 2.417568266391754150e-01
1.300000000000000000e+01 1.938052028417587280e-01
1.400000000000000000e+01 1.472461074590682983e-01
1.500000000000000000e+01 1.028829365968704224e-01
1.600000000000000000e+01 6.014422327280044556e-02
1.700000000000000000e+01 1.927366852760314941e-02
1.800000000000000000e+01 -1.940727606415748596e-02
1.900000000000000000e+01 -5.558058246970176697e-02
2.000000000000000000e+01 -8.903782069683074951e-02
2.100000000000000000e+01 -1.194235980510711670e-01
2.200000000000000000e+01 -1.469426155090332031e-01
2.300000000000000000e+01 -1.713245213031768799e-01
2.400000000000000000e+01 -1.925150603055953979e-01
2.500000000000000000e+01 -2.106789946556091309e-01
2.600000000000000000e+01 -2.253692746162414551e-01
2.700000000000000000e+01 -2.367681860923767090e-01
2.800000000000000000e+01 -2.450739741325378418e-01
2.900000000000000000e+01 -2.506158351898193359e-01
3.000000000000000000e+01 -2.528745234012603760e-01
3.100000000000000000e+01 -2.522839307785034180e-01
3.200000000000000000e+01 -2.492532283067703247e-01
3.300000000000000000e+01 -2.440294325351715088e-01
3.400000000000000000e+01 -2.368923723697662354e-01
3.500000000000000000e+01 -2.282968014478683472e-01
3.600000000000000000e+01 -2.183054536581039429e-01
3.700000000000000000e+01 -2.070097774267196655e-01
3.800000000000000000e+01 -1.946806013584136963e-01
3.900000000000000000e+01 -1.819963902235031128e-01
4.000000000000000000e+01 -1.689854115247726440e-01
4.100000000000000000e+01 -1.553920954465866089e-01
4.200000000000000000e+01 -1.417166888713836670e-01
4.300000000000000000e+01 -1.275341957807540894e-01
4.400000000000000000e+01 -1.137289777398109436e-01
4.500000000000000000e+01 -9.992551803588867188e-02
4.600000000000000000e+01 -8.616711944341659546e-02
4.700000000000000000e+01 -7.323662191629409790e-02
4.800000000000000000e+01 -6.083607673645019531e-02
4.900000000000000000e+01 -4.899142682552337646e-02
5.000000000000000000e+01 -3.747533261775970459e-02
5.100000000000000000e+01 -2.624599449336528778e-02
5.200000000000000000e+01 -1.599489152431488037e-02
5.300000000000000000e+01 -6.161876954138278961e-03
5.400000000000000000e+01 3.098110668361186981e-03
5.500000000000000000e+01 1.172734331339597702e-02
5.600000000000000000e+01 1.924809813499450684e-02
5.700000000000000000e+01 2.637628465890884399e-02
5.800000000000000000e+01 3.239525854587554932e-02
5.900000000000000000e+01 3.764262795448303223e-02
6.000000000000000000e+01 4.212729260325431824e-02
6.100000000000000000e+01 4.590186849236488342e-02
6.200000000000000000e+01 4.902665689587593079e-02
6.300000000000000000e+01 5.189994350075721741e-02
6.400000000000000000e+01 5.446994677186012268e-02
6.500000000000000000e+01 5.647970363497734070e-02
6.600000000000000000e+01 5.772159621119499207e-02
6.700000000000000000e+01 5.846503749489784241e-02
6.800000000000000000e+01 5.872773006558418274e-02
6.900000000000000000e+01 5.840720236301422119e-02
7.000000000000000000e+01 5.745065212249755859e-02
7.100000000000000000e+01 5.621606484055519104e-02
7.200000000000000000e+01 5.473421141505241394e-02
7.300000000000000000e+01 5.297973006963729858e-02
7.400000000000000000e+01 5.176525190472602844e-02
7.500000000000000000e+01 4.959642887115478516e-02
7.600000000000000000e+01 4.717254266142845154e-02
7.700000000000000000e+01 4.433755576610565186e-02
7.800000000000000000e+01 4.168467968702316284e-02
7.900000000000000000e+01 3.926732018589973450e-02
8.000000000000000000e+01 3.665550798177719116e-02
8.100000000000000000e+01 3.454017266631126404e-02
8.200000000000000000e+01 3.231959789991378784e-02
8.300000000000000000e+01 3.007004968822002411e-02
8.400000000000000000e+01 2.762343361973762512e-02
8.500000000000000000e+01 2.583908662199974060e-02
8.600000000000000000e+01 2.473766915500164032e-02
8.700000000000000000e+01 2.335848286747932434e-02
8.800000000000000000e+01 2.171966806054115295e-02
8.900000000000000000e+01 1.990661397576332092e-02
9.000000000000000000e+01 1.783613301813602448e-02
9.100000000000000000e+01 1.445134077221155167e-02
9.200000000000000000e+01 1.115557551383972168e-02
9.300000000000000000e+01 8.570223115384578705e-03
9.400000000000000000e+01 6.693629547953605652e-03
9.500000000000000000e+01 5.837089382112026215e-03
9.600000000000000000e+01 6.200540345162153244e-03
9.700000000000000000e+01 7.399824447929859161e-03
9.800000000000000000e+01 7.193295750766992569e-03
9.900000000000000000e+01 3.990904893726110458e-03
