1.000000000000000000e+00 1.000000000000000000e+00
2.000000000000000000e+00 8.748245239257812500e-01
3.000000000000000000e+00 7.790611386299133301e-01
4.000000000000000000e+00 6.971024274826049805e-01
5.000000000000000000e+00 6.234183311462402344e-01
6.000000000000000000e+00 5.553276538848876953e-01
7.000000000000000000e+00 4.917909801006317139e-01
8.000000000000000000e+00 4.319391250610351562e-01
9.000000000000000000e+00 3.756229579448699951e-01
1.000000000000000000e+01 3.216860890388488770e-01
1.100000000000000000e+01 2.702837586402893066e-01
1.200000000000000000e+01 2.205722779035568237e-01
1.300000000000000000e+01 1.724753826856613159e-01
1.400000000000000000e+01 1.264268755912780762e-01
1.500000000000000000e+01 8.250707387924194336e-02
1.600000000000000000e+01 4.096464812755584717e-02
1.700000000000000000e+01 1.666183117777109146e-03
1.800000000000000000e+01 -3.519185259938240051e-02
1.900000000000000000e+01 -6.911829859018325806e-02
2.000000000000000000e+01 -9.982024133205413818e-02
2.100000000000000000e+01 -1.276006698608398438e-01
2.200000000000000000e+01 -1.518830060958862305e-01
2.300000000000000000e+01 -1.733775138854980469e-01
2.400000000000000000e+01 -1.917690783739089966e-01
2.500000000000000000e+01 -2.067567706108093262e-01
2.600000000000000000e+01 -2.185822725296020508e-01
2.700000000000000000e+01 -2.276590317487716675e-01
2.800000000000000000e+01 -2.337314933538436890e-01
2.900000000000000000e+01 -2.368721365928649902e-01
3.000000000000000000e+01 -2.371816188097000122e-01
3.100000000000000000e+01 -2.350540310144424438e-01
3.200000000000000000e+01 -2.305705398321151733e-01
3.300000000000000000e+01 -2.236102670431137085e-01
3.400000000000000000e+01 -2.151967287063598633e-01
3.500000000000000000e+01 -2.055364847183227539e-01
3.600000000000000000e+01 -1.946828663349151611e-01
3.700000000000000000e+01 -1.830716729164123535e-01
3.800000000000000000e+01 -1.705316454172134399e-01
3.900000000000000000e+01 -1.581077575683593750e-01
4.000000000000000000e+01 -1.449316740036010742e-01
4.100000000000000000e+01 -1.312659531831741333e-01
4.200000000000000000e+01 -1.176714003086090088e-01
4.300000000000000000e+01 -1.044169813394546509e-01
4.400000000000000000e+01 -9.132166951894760132e-02
4.500000000000000000e+01 -7.818356901407241821e-02
4.600000000000000000e+01 -6.553619354963302612e-02
4.700000000000000000e+01 -5.302980169653892517e-02
4.800000000000000000e+01 -4.119612649083137512e-02
4.900000000000000000e+01 -3.034003078937530518e-02
5.000000000000000000e+01 -2.059116400778293610e-02
5.100000000000000000e+01 -1.170566864311695099e-02
5.200000000000000000e+01 -3.401588415727019310e-03
5.300000000000000000e+01 4.754228051751852036e-03
5.400000000000000000e+01 1.270577684044837952e-02
5.500000000000000000e+01 1.956530474126338959e-02
5.600000000000000000e+01 2.584064379334449768e-02
5.700000000000000000e+01 3.155648335814476013e-02
5.800000000000000000e+01 3.660377115011215210e-02
5.900000000000000000e+01 4.127707704901695251e-02
6.000000000000000000e+01 4.523246362805366516e-02
6.100000000000000000e+01 4.843419417738914490e-02
6.200000000000000000e+01 5.126236379146575928e-02
6.300000000000000000e+01 5.348375439643859863e-02
6.400000000000000000e+01 5.501976981759071350e-02
6.500000000000000000e+01 5.574152991175651550e-02
6.600000000000000000e+01 5.542324483394622803e-02
6.700000000000000000e+01 5.453637987375259399e-02
6.800000000000000000e+01 5.322290956974029541e-02
6.900000000000000000e+01 5.133724212646484375e-02
7.000000000000000000e+01 4.903888702392578125e-02
7.100000000000000000e+01 4.627048224210739136e-02
7.200000000000000000e+01 4.345656931400299072e-02
7.300000000000000000e+01 3.980817273259162903e-02
7.400000000000000000e+01 3.587173298001289368e-02
7.500000000000000000e+01 3.247974067926406860e-02
7.600000000000000000e+01 2.924997918307781219e-02
7.700000000000000000e+01 2.661465480923652649e-02
7.800000000000000000e+01 2.434910088777542114e-02
7.900000000000000000e+01 2.156883850693702698e-02
8.000000000000000000e+01 1.851698197424411774e-02
8.100000000000000000e+01 1.631501130759716034e-02
8.200000000000000000e+01 1.400633808225393295e-02
8.300000000000000000e+01 1.137691363692283630e-02
8.400000000000000000e+01 8.707438595592975616e-03
8.500000000000000000e+01 7.156837731599807739e-03
8.600000000000000000e+01 5.997471977025270462e-03
8.700000000000000000e+01 4.440955817699432373e-03
8.800000000000000000e+01 3.693101927638053894e-03
8.900000000000000000e+01 2.668322296813130379e-03
9.000000000000000000e+01 8.416550699621438980e-04
9.100000000000000000e+01 -6.095921271480619907e-04
9.200000000000000000e+01 -2.555477432906627655e-03
9.300000000000000000e+01 -3.629419254139065742e-03
9.400000000000000000e+01 -3.912545274943113327e-03
9.500000000000000000e+01 -3.457109211012721062e-03
9.600000000000000000e+01 -3.569853026419878006e-03
9.700000000000000000e+01 -1.634200569242238998e-03
9.800000000000000000e+01 3.583529323805123568e-04
9.900000000000000000e+01 4.617859609425067902e-03
