1.000000000000000000e+00 1.000000000000000000e+00
2.000000000000000000e+00 8.796433210372924805e-01
3.000000000000000000e+00 7.873932123184204102e-01
4.000000000000000000e+00 7.082846164703369141e-01
5.000000000000000000e+00 6.368752717971801758e-01
6.000000000000000000e+00 5.706790089607238770e-01
7.000000000000000000e+00 5.084288120269775391e-01
8.000000000000000000e+00 4.496541023254394531e-01
9.000000000000000000e+00 3.937570154666900635e-01
1.000000000000000000e+01 3.401288688182830811e-01
1.100000000000000000e+01 2.885045707225799561e-01
1.200000000000000000e+01 2.389943897724151611e-01
1.300000000000000000e+01 1.910253465175628662e-01
1.400000000000000000e+01 1.447933465242385864e-01
1.500000000000000000e+01 1.006678193807601929e-01
1.600000000000000000e+01 5.843438580632209778e-02
1.700000000000000000e+01 1.771979965269565582e-02
1.800000000000000000e+01 -2.097426168620586395e-02
1.900000000000000000e+01 -5.725500732660293579e-02
2.000000000000000000e+01 -9.053253382444381714e-02
2.100000000000000000e+01 -1.209764406085014343e-01
2.200000000000000000e+01 -1.482633650302886963e-01
2.300000000000000000e+01 -1.720907241106033325e-01
2.400000000000000000e+01 -1.928162723779678345e-01
2.500000000000000000e+01 -2.104015350341796875e-01
2.600000000000000000e+01 -2.244544476270675659e-01
2.700000000000000000e+01 -2.354241311550140381e-01
2.800000000000000000e+01 -2.431440353393554688e-01
2.900000000000000000e+01 -2.482506781816482544e-01
3.000000000000000000e+01 -2.505954802036285400e-01
3.100000000000000000e+01 -2.501251101493835449e-01
3.200000000000000000e+01 -2.470472753047943115e-01
3.300000000000000000e+01 -2.421205192804336548e-01
3.400000000000000000e+01 -2.347107231616973877e-01
3.500000000000000000e+01 -2.256581038236618042e-01
3.600000000000000000e+01 -2.156943529844284058e-01
3.700000000000000000e+01 -2.043630182743072510e-01
3.800000000000000000e+01 -1.920082420110702515e-01
3.900000000000000000e+01 -1.792371720075607300e-01
4.000000000000000000e+01 -1.656198650598526001e-01
4.100000000000000000e+01 -1.516518741846084595e-01
4.200000000000000000e+01 -1.375262439250946045e-01
4.300000000000000000e+01 -1.231969892978668213e-01
4.400000000000000000e+01 -1.089835986495018005e-01
4.500000000000000000e+01 -9.549247473478317261e-02
4.600000000000000000e+01 -8.245216310024261475e-02
4.700000000000000000e+01 -6.940304487943649292e-02
4.800000000000000000e+01 -5.673011019825935364e-02
4.900000000000000000e+01 -4.494749754667282104e-02
5.000000000000000000e+01 -3.363555669784545898e-02
5.100000000000000000e+01 -2.368301711976528168e-02
5.200000000000000000e+01 -1.441052649170160294e-02
5.300000000000000000e+01 -5.472634453326463699e-03
5.400000000000000000e+01 3.299730829894542694e-03
5.500000000000000000e+01 1.133163645863533020e-02
5.600000000000000000e+01 1.898792386054992676e-02
5.700000000000000000e+01 2.557322196662425995e-02
5.800000000000000000e+01 3.146037459373474121e-02
5.900000000000000000e+01 3.653994947671890259e-02
6.000000000000000000e+01 4.071186110377311707e-02
6.100000000000000000e+01 4.450476169586181641e-02
6.200000000000000000e+01 4.790214449167251587e-02
6.300000000000000000e+01 5.060583353042602539e-02
6.400000000000000000e+01 5.248583480715751648e-02
6.500000000000000000e+01 5.432030931115150452e-02
6.600000000000000000e+01 5.584438890218734741e-02
6.700000000000000000e+01 5.631076917052268982e-02
6.800000000000000000e+01 5.543180927634239197e-02
6.900000000000000000e+01 5.488244444131851196e-02
7.000000000000000000e+01 5.398645997047424316e-02
7.100000000000000000e+01 5.244014784693717957e-02
7.200000000000000000e+01 5.099525675177574158e-02
7.300000000000000000e+01 4.898614436388015747e-02
7.400000000000000000e+01 4.670987650752067566e-02
7.500000000000000000e+01 4.425651952624320984e-02
7.600000000000000000e+01 4.193188995122909546e-02
7.700000000000000000e+01 3.980715572834014893e-02
7.800000000000000000e+01 3.735775873064994812e-02
7.900000000000000000e+01 3.512449935078620911e-02
8.000000000000000000e+01 3.264799341559410095e-02
8.100000000000000000e+01 3.043808229267597198e-02
8.200000000000000000e+01 2.821656502783298492e-02
8.300000000000000000e+01 2.558714710175991058e-02
8.400000000000000000e+01 2.295036241412162781e-02
8.500000000000000000e+01 1.980644837021827698e-02
8.600000000000000000e+01 1.791297830641269684e-02
8.700000000000000000e+01 1.609015651047229767e-02
8.800000000000000000e+01 1.475422456860542297e-02
8.900000000000000000e+01 1.287898793816566467e-02
9.000000000000000000e+01 1.110722124576568604e-02
9.100000000000000000e+01 1.010702084749937057e-02
9.200000000000000000e+01 8.401072584092617035e-03
9.300000000000000000e+01 6.936505436897277832e-03
9.400000000000000000e+01 4.956334363669157028e-03
9.500000000000000000e+01 4.157498478889465332e-03
9.600000000000000000e+01 4.041158128529787064e-03
9.700000000000000000e+01 1.840999000705778599e-03
9.800000000000000000e+01 1.680734421825036407e-04
9.900000000000000000e+01 -1.071763574145734310e-03
