1.000000000000000000e+00 1.000000000000000000e+00
2.000000000000000000e+00 8.726215362548828125e-01
3.000000000000000000e+00 7.753763794898986816e-01
4.000000000000000000e+00 6.920793056488037109e-01
5.000000000000000000e+00 6.176402568817138672e-01
6.000000000000000000e+00 5.486835241317749023e-01
7.000000000000000000e+00 4.845052659511566162e-01
8.000000000000000000e+00 4.243439137935638428e-01
9.000000000000000000e+00 3.672243356704711914e-01
1.000000000000000000e+01 3.128937482833862305e-01
1.100000000000000000e+01 2.613243162631988525e-01
1.200000000000000000e+01 2.119755148887634277e-01
1.300000000000000000e+01 1.647103428840637207e-01
1.400000000000000000e+01 1.195231899619102478e-01
1.500000000000000000e+01 7.685486227273941040e-02
1.600000000000000000e+01 3.649214655160903931e-02
1.700000000000000000e+01 -1.978799235075712204e-03
1.800000000000000000e+01 -3.796501085162162781e-02
1.900000000000000000e+01 -7.075243443250656128e-02
2.000000000000000000e+01 -1.008887812495231628e-01
2.100000000000000000e+01 -1.279406547546386719e-01
2.200000000000000000e+01 -1.519474983215332031e-01
2.300000000000000000e+01 -1.726160943508148193e-01
2.400000000000000000e+01 -1.902103275060653687e-01
2.500000000000000000e+01 -2.043084353208541870e-01
2.600000000000000000e+01 -2.151848375797271729e-01
2.700000000000000000e+01 -2.230845093727111816e-01
2.800000000000000000e+01 -2.281089872121810913e-01
2.900000000000000000e+01 -2.303284853696823120e-01
3.000000000000000000e+01 -2.300304770469665527e-01
3.100000000000000000e+01 -2.270855009555816650e-01
3.200000000000000000e+01 -2.222847193479537964e-01
3.300000000000000000e+01 -2.155838608741760254e-01
3.400000000000000000e+01 -2.075236737728118896e-01
3.500000000000000000e+01 -1.979655623435974121e-01
3.600000000000000000e+01 -1.870016604661941528e-01
3.700000000000000000e+01 -1.752460300922393799e-01
3.800000000000000000e+01 -1.630090177059173584e-01
3.900000000000000000e+01 -1.505606025457382202e-01
4.000000000000000000e+01 -1.377340704202651978e-01
4.100000000000000000e+01 -1.243958026170730591e-01
4.200000000000000000e+01 -1.108512654900550842e-01
4.300000000000000000e+01 -9.763149917125701904e-02
4.400000000000000000e+01 -8.492752164602279663e-02
4.500000000000000000e+01 -7.240869104862213135e-02
4.600000000000000000e+01 -6.001082435250282288e-02
4.700000000000000000e+01 -4.841333627700805664e-02
4.800000000000000000e+01 -3.775713965296745300e-02
4.900000000000000000e+01 -2.813918329775333405e-02
5.000000000000000000e+01 -1.857078261673450470e-02
5.100000000000000000e+01 -9.232376702129840851e-03
5.200000000000000000e+01 -7.557259523309767246e-04
5.300000000000000000e+01 6.824824027717113495e-03
5.400000000000000000e+01 1.392235606908798218e-02
5.500000000000000000e+01 2.017537131905555725e-02
5.600000000000000000e+01 2.572013251483440399e-02
5.700000000000000000e+01 3.124228864908218384e-02
5.800000000000000000e+01 3.620035946369171143e-02
5.900000000000000000e+01 4.054917395114898682e-02
6.000000000000000000e+01 4.373733699321746826e-02
6.100000000000000000e+01 4.634677991271018982e-02
6.200000000000000000e+01 4.819931834936141968e-02
6.300000000000000000e+01 4.953976720571517944e-02
6.400000000000000000e+01 5.005078017711639404e-02
6.500000000000000000e+01 5.053464695811271667e-02
6.600000000000000000e+01 5.066367983818054199e-02
6.700000000000000000e+01 5.026447027921676636e-02
6.800000000000000000e+01 4.926054552197456360e-02
6.900000000000000000e+01 4.758946597576141357e-02
7.000000000000000000e+01 4.563491791486740112e-02
7.100000000000000000e+01 4.414957389235496521e-02
7.200000000000000000e+01 4.183046892285346985e-02
7.300000000000000000e+01 3.920643776655197144e-02
7.400000000000000000e+01 3.646250069141387939e-02
7.500000000000000000e+01 3.345338627696037292e-02
7.600000000000000000e+01 3.075986728072166443e-02
7.700000000000000000e+01 2.809955365955829620e-02
7.800000000000000000e+01 2.558453567326068878e-02
7.900000000000000000e+01 2.345702424645423889e-02
8.000000000000000000e+01 2.167459949851036072e-02
8.100000000000000000e+01 2.036967501044273376e-02
8.200000000000000000e+01 1.885048672556877136e-02
8.300000000000000000e+01 1.730496436357498169e-02
8.400000000000000000e+01 1.587262190878391266e-02
8.500000000000000000e+01 1.392626948654651642e-02
8.600000000000000000e+01 1.129147317260503769e-02
8.700000000000000000e+01 8.333492092788219452e-03
8.800000000000000000e+01 6.448713131248950958e-03
8.900000000000000000e+01 3.693804843351244926e-03
9.000000000000000000e+01 1.855295849964022636e-03
9.100000000000000000e+01 -1.193978125229477882e-03
9.200000000000000000e+01 -4.049019422382116318e-03
9.300000000000000000e+01 -5.683693103492259979e-03
9.400000000000000000e+01 -6.732759997248649597e-03
9.500000000000000000e+01 -9.128960780799388885e-03
9.600000000000000000e+01 -1.078180596232414246e-02
9.700000000000000000e+01 -1.470996718853712082e-02
9.800000000000000000e+01 -1.770886033773422241e-02
9.900000000000000000e+01 -1.793175190687179565e-02
