1.000000000000000000e+00 1.000000000000000000e+00
2.000000000000000000e+00 8.779343962669372559e-01
3.000000000000000000e+00 7.840402126312255859e-01
4.000000000000000000e+00 7.035956382751464844e-01
5.000000000000000000e+00 6.310472488403320312e-01
6.000000000000000000e+00 5.642217397689819336e-01
7.000000000000000000e+00 5.012643933296203613e-01
8.000000000000000000e+00 4.419963955879211426e-01
9.000000000000000000e+00 3.857589662075042725e-01
1.000000000000000000e+01 3.320491909980773926e-01
1.100000000000000000e+01 2.803335487842559814e-01
1.200000000000000000e+01 2.307388633489608765e-01
1.300000000000000000e+01 1.829699426889419556e-01
1.400000000000000000e+01 1.368380039930343628e-01
1.500000000000000000e+01 9.285742044448852539e-02
1.600000000000000000e+01 5.094879120588302612e-02
1.700000000000000000e+01 1.095397118479013443e-02
1.800000000000000000e+01 -2.678367309272289276e-02
1.900000000000000000e+01 -6.161648407578468323e-02
2.000000000000000000e+01 -9.410578757524490356e-02
2.100000000000000000e+01 -1.241098046302795410e-01
2.200000000000000000e+01 -1.505939662456512451e-01
2.300000000000000000e+01 -1.738306879997253418e-01
2.400000000000000000e+01 -1.938316971063613892e-01
2.500000000000000000e+01 -2.105215340852737427e-01
2.600000000000000000e+01 -2.236962169408798218e-01
2.700000000000000000e+01 -2.336614131927490234e-01
2.800000000000000000e+01 -2.404036372900009155e-01
2.900000000000000000e+01 -2.441376149654388428e-01
3.000000000000000000e+01 -2.450969517230987549e-01
3.100000000000000000e+01 -2.436222136020660400e-01
3.200000000000000000e+01 -2.397355735301971436e-01
3.300000000000000000e+01 -2.338655591011047363e-01
3.400000000000000000e+01 -2.258876413106918335e-01
3.500000000000000000e+01 -2.164045125246047974e-01
3.600000000000000000e+01 -2.059154808521270752e-01
3.700000000000000000e+01 -1.942999362945556641e-01
3.800000000000000000e+01 -1.817213743925094604e-01
3.900000000000000000e+01 -1.686028242111206055e-01
4.000000000000000000e+01 -1.548400372266769409e-01
4.100000000000000000e+01 -1.407275795936584473e-01
4.200000000000000000e+01 -1.269523650407791138e-01
4.300000000000000000e+01 -1.134123802185058594e-01
4.400000000000000000e+01 -1.001562178134918213e-01
4.500000000000000000e+01 -8.731187134981155396e-02
4.600000000000000000e+01 -7.483200728893280029e-02
4.700000000000000000e+01 -6.273931264877319336e-02
4.800000000000000000e+01 -5.091856792569160461e-02
4.900000000000000000e+01 -3.980494290590286255e-02
5.000000000000000000e+01 -2.941319160163402557e-02
5.100000000000000000e+01 -1.976678520441055298e-02
5.200000000000000000e+01 -1.072411518543958664e-02
5.300000000000000000e+01 -2.596661448478698730e-03
5.400000000000000000e+01 5.141381639987230301e-03
5.500000000000000000e+01 1.225892174988985062e-02
5.600000000000000000e+01 1.866155676543712616e-02
5.700000000000000000e+01 2.441305108368396759e-02
5.800000000000000000e+01 2.976374886929988861e-02
5.900000000000000000e+01 3.455731645226478577e-02
6.000000000000000000e+01 3.904061019420623779e-02
6.100000000000000000e+01 4.290143027901649475e-02
6.200000000000000000e+01 4.596010223031044006e-02
6.300000000000000000e+01 4.862334206700325012e-02
6.400000000000000000e+01 5.027948319911956787e-02
6.500000000000000000e+01 5.120915547013282776e-02
6.600000000000000000e+01 5.144137889146804810e-02
6.700000000000000000e+01 5.174023658037185669e-02
6.800000000000000000e+01 5.085372924804687500e-02
6.900000000000000000e+01 5.001387372612953186e-02
7.000000000000000000e+01 4.944558441638946533e-02
7.100000000000000000e+01 4.797267913818359375e-02
7.200000000000000000e+01 4.632252827286720276e-02
7.300000000000000000e+01 4.394879192113876343e-02
7.400000000000000000e+01 4.170446842908859253e-02
7.500000000000000000e+01 3.941992297768592834e-02
7.600000000000000000e+01 3.670368716120719910e-02
7.700000000000000000e+01 3.409013152122497559e-02
7.800000000000000000e+01 3.162340074777603149e-02
7.900000000000000000e+01 2.961962856352329254e-02
8.000000000000000000e+01 2.770996652543544769e-02
8.100000000000000000e+01 2.638754993677139282e-02
8.200000000000000000e+01 2.519758418202400208e-02
8.300000000000000000e+01 2.378129586577415466e-02
8.400000000000000000e+01 2.299688756465911865e-02
8.500000000000000000e+01 2.087006159126758575e-02
8.600000000000000000e+01 1.946695521473884583e-02
8.700000000000000000e+01 1.841402798891067505e-02
8.800000000000000000e+01 1.700202748179435730e-02
8.900000000000000000e+01 1.688585616648197174e-02
9.000000000000000000e+01 1.715482212603092194e-02
9.100000000000000000e+01 1.576296612620353699e-02
9.200000000000000000e+01 1.552470494061708450e-02
9.300000000000000000e+01 1.498449500650167465e-02
9.400000000000000000e+01 1.364488247781991959e-02
9.500000000000000000e+01 1.305846776813268661e-02
9.600000000000000000e+01 1.234441250562667847e-02
9.700000000000000000e+01 1.079026795923709869e-02
9.800000000000000000e+01 8.612465113401412964e-03
9.900000000000000000e+01 2.870417665690183640e-03
