1.000000000000000000e+00 1.000000000000000000e+00
2.000000000000000000e+00 8.596689701080322266e-01
3.000000000000000000e+00 7.534402608871459961e-01
4.000000000000000000e+00 6.640774607658386230e-01
5.000000000000000000e+00 5.852200984954833984e-01
6.000000000000000000e+00 5.133845210075378418e-01
7.000000000000000000e+00 4.474833905696868896e-01
8.000000000000000000e+00 3.862337172031402588e-01
9.000000000000000000e+00 3.290057480335235596e-01
1.000000000000000000e+01 2.748363614082336426e-01
1.100000000000000000e+01 2.241077572107315063e-01
1.200000000000000000e+01 1.761128008365631104e-01
1.300000000000000000e+01 1.310087442398071289e-01
1.400000000000000000e+01 8.822342008352279663e-02
1.500000000000000000e+01 4.818707704544067383e-02
1.600000000000000000e+01 1.057473849505186081e-02
1.700000000000000000e+01 -2.395911328494548798e-02
1.800000000000000000e+01 -5.587337538599967957e-02
1.900000000000000000e+01 -8.453218638896942139e-02
2.000000000000000000e+01 -1.102134361863136292e-01
2.100000000000000000e+01 -1.327375769615173340e-01
2.200000000000000000e+01 -1.519538164138793945e-01
2.300000000000000000e+01 -1.680020093917846680e-01
2.400000000000000000e+01 -1.807700544595718384e-01
2.500000000000000000e+01 -1.905231922864913940e-01
2.600000000000000000e+01 -1.973367035388946533e-01
2.700000000000000000e+01 -2.011992186307907104e-01
2.800000000000000000e+01 -2.026841044425964355e-01
2.900000000000000000e+01 -2.017861753702163696e-01
3.000000000000000000e+01 -1.989435404539108276e-01
3.100000000000000000e+01 -1.939237117767333984e-01
3.200000000000000000e+01 -1.870062947273254395e-01
3.300000000000000000e+01 -1.785838603973388672e-01
3.400000000000000000e+01 -1.690099686384201050e-01
3.500000000000000000e+01 -1.584435999393463135e-01
3.600000000000000000e+01 -1.474950313568115234e-01
3.700000000000000000e+01 -1.357702165842056274e-01
3.800000000000000000e+01 -1.237916722893714905e-01
3.900000000000000000e+01 -1.121084168553352356e-01
4.000000000000000000e+01 -1.002454161643981934e-01
4.100000000000000000e+01 -8.864212781190872192e-02
4.200000000000000000e+01 -7.733578979969024658e-02
4.300000000000000000e+01 -6.647326052188873291e-02
4.400000000000000000e+01 -5.603430420160293579e-02
4.500000000000000000e+01 -4.549538344144821167e-02
4.600000000000000000e+01 -3.507985919713973999e-02
4.700000000000000000e+01 -2.509845979511737823e-02
4.800000000000000000e+01 -1.593558490276336670e-02
4.900000000000000000e+01 -7.816835306584835052e-03
5.000000000000000000e+01 -1.918635534821078181e-04
5.100000000000000000e+01 6.270945537835359573e-03
5.200000000000000000e+01 1.246787887066602707e-02
5.300000000000000000e+01 1.763048022985458374e-02
5.400000000000000000e+01 2.207109704613685608e-02
5.500000000000000000e+01 2.636563591659069061e-02
5.600000000000000000e+01 2.959319390356540680e-02
5.700000000000000000e+01 3.250031173229217529e-02
5.800000000000000000e+01 3.467546030879020691e-02
5.900000000000000000e+01 3.680663555860519409e-02
6.000000000000000000e+01 3.814323246479034424e-02
6.100000000000000000e+01 3.879990056157112122e-02
6.200000000000000000e+01 3.916456550359725952e-02
6.300000000000000000e+01 3.911393880844116211e-02
6.400000000000000000e+01 3.862058371305465698e-02
6.500000000000000000e+01 3.778883069753646851e-02
6.600000000000000000e+01 3.684514760971069336e-02
6.700000000000000000e+01 3.546680882573127747e-02
6.800000000000000000e+01 3.389199823141098022e-02
6.900000000000000000e+01 3.156708180904388428e-02
7.000000000000000000e+01 2.939521335065364838e-02
7.100000000000000000e+01 2.718902193009853363e-02
7.200000000000000000e+01 2.452377788722515106e-02
7.300000000000000000e+01 2.123897150158882141e-02
7.400000000000000000e+01 1.860509440302848816e-02
7.500000000000000000e+01 1.624881848692893982e-02
7.600000000000000000e+01 1.403323747217655182e-02
7.700000000000000000e+01 1.228055637329816818e-02
7.800000000000000000e+01 1.081192586570978165e-02
7.900000000000000000e+01 9.490840137004852295e-03
8.000000000000000000e+01 8.085493929684162140e-03
8.100000000000000000e+01 6.052937358617782593e-03
8.200000000000000000e+01 4.598748870193958282e-03
8.300000000000000000e+01 3.503301180899143219e-03
8.400000000000000000e+01 2.080726670101284981e-03
8.500000000000000000e+01 1.262471545487642288e-03
8.600000000000000000e+01 -4.406860898598097265e-05
8.700000000000000000e+01 -1.496841199696063995e-03
8.800000000000000000e+01 -2.979289274662733078e-03
8.900000000000000000e+01 -4.187115468084812164e-03
9.000000000000000000e+01 -4.711391869932413101e-03
9.100000000000000000e+01 -5.130868405103683472e-03
9.200000000000000000e+01 -5.509338341653347015e-03
9.300000000000000000e+01 -5.287976469844579697e-03
9.400000000000000000e+01 -5.634934641420841217e-03
9.500000000000000000e+01 -5.503060761839151382e-03
9.600000000000000000e+01 -6.217096466571092606e-03
9.700000000000000000e+01 -6.194817367941141129e-03
9.800000000000000000e+01 -5.041861906647682190e-03
9.900000000000000000e+01 -6.261455826461315155e-03
