1.000000000000000000e+00 1.000000000000000000e+00
2.000000000000000000e+00 8.757458329200744629e-01
3.000000000000000000e+00 7.807089686393737793e-01
4.000000000000000000e+00 6.994096636772155762e-01
5.000000000000000000e+00 6.259588003158569336e-01
6.000000000000000000e+00 5.579674243927001953e-01
7.000000000000000000e+00 4.945370852947235107e-01
8.000000000000000000e+00 4.347274005413055420e-01
9.000000000000000000e+00 3.780692815780639648e-01
1.000000000000000000e+01 3.241208791732788086e-01
1.100000000000000000e+01 2.722826004028320312e-01
1.200000000000000000e+01 2.225053459405899048e-01
1.300000000000000000e+01 1.749085932970046997e-01
1.400000000000000000e+01 1.294834017753601074e-01
1.500000000000000000e+01 8.583264052867889404e-02
1.600000000000000000e+01 4.419565945863723755e-02
1.700000000000000000e+01 4.589480347931385040e-03
1.800000000000000000e+01 -3.234621509909629822e-02
1.900000000000000000e+01 -6.670586764812469482e-02
2.000000000000000000e+01 -9.820958226919174194e-02
2.100000000000000000e+01 -1.268364638090133667e-01
2.200000000000000000e+01 -1.523938626050949097e-01
2.300000000000000000e+01 -1.746262460947036743e-01
2.400000000000000000e+01 -1.934532225131988525e-01
2.500000000000000000e+01 -2.087980657815933228e-01
2.600000000000000000e+01 -2.210438102483749390e-01
2.700000000000000000e+01 -2.299149036407470703e-01
2.800000000000000000e+01 -2.360455542802810669e-01
2.900000000000000000e+01 -2.393926829099655151e-01
3.000000000000000000e+01 -2.399028539657592773e-01
3.100000000000000000e+01 -2.376950830221176147e-01
3.200000000000000000e+01 -2.331439703702926636e-01
3.300000000000000000e+01 -2.266963422298431396e-01
3.400000000000000000e+01 -2.183747142553329468e-01
3.500000000000000000e+01 -2.086668908596038818e-01
3.600000000000000000e+01 -1.975658833980560303e-01
3.700000000000000000e+01 -1.855998486280441284e-01
3.800000000000000000e+01 -1.728981435298919678e-01
3.900000000000000000e+01 -1.597094833850860596e-01
4.000000000000000000e+01 -1.462157815694808960e-01
4.100000000000000000e+01 -1.324124038219451904e-01
4.200000000000000000e+01 -1.186339706182479858e-01
4.300000000000000000e+01 -1.049207448959350586e-01
4.400000000000000000e+01 -9.133158624172210693e-02
4.500000000000000000e+01 -7.793024182319641113e-02
4.600000000000000000e+01 -6.507400423288345337e-02
4.700000000000000000e+01 -5.308087170124053955e-02
4.800000000000000000e+01 -4.193408787250518799e-02
4.900000000000000000e+01 -3.128468990325927734e-02
5.000000000000000000e+01 -2.109799347817897797e-02
5.100000000000000000e+01 -1.158646959811449051e-02
5.200000000000000000e+01 -2.595917787402868271e-03
5.300000000000000000e+01 5.377956666052341461e-03
5.400000000000000000e+01 1.270582247525453568e-02
5.500000000000000000e+01 1.949246041476726532e-02
5.600000000000000000e+01 2.590631879866123199e-02
5.700000000000000000e+01 3.114266879856586456e-02
5.800000000000000000e+01 3.573469072580337524e-02
5.900000000000000000e+01 3.949398919939994812e-02
6.000000000000000000e+01 4.330716282129287720e-02
6.100000000000000000e+01 4.665039852261543274e-02
6.200000000000000000e+01 4.936617985367774963e-02
6.300000000000000000e+01 5.155787244439125061e-02
6.400000000000000000e+01 5.258172005414962769e-02
6.500000000000000000e+01 5.317216739058494568e-02
6.600000000000000000e+01 5.266702547669410706e-02
6.700000000000000000e+01 5.155151337385177612e-02
6.800000000000000000e+01 4.958411306142807007e-02
6.900000000000000000e+01 4.731018468737602234e-02
7.000000000000000000e+01 4.548157006502151489e-02
7.100000000000000000e+01 4.341891035437583923e-02
7.200000000000000000e+01 4.106946662068367004e-02
7.300000000000000000e+01 3.857956454157829285e-02
7.400000000000000000e+01 3.576216101646423340e-02
7.500000000000000000e+01 3.307485207915306091e-02
7.600000000000000000e+01 3.075609914958477020e-02
7.700000000000000000e+01 2.836631610989570618e-02
7.800000000000000000e+01 2.557358331978321075e-02
7.900000000000000000e+01 2.291404642164707184e-02
8.000000000000000000e+01 2.040129527449607849e-02
8.100000000000000000e+01 1.791299134492874146e-02
8.200000000000000000e+01 1.493579521775245667e-02
8.300000000000000000e+01 1.328715216368436813e-02
8.400000000000000000e+01 1.205455884337425232e-02
8.500000000000000000e+01 1.035402994602918625e-02
8.600000000000000000e+01 8.696865290403366089e-03
8.700000000000000000e+01 6.830806378275156021e-03
8.800000000000000000e+01 5.578744690865278244e-03
8.900000000000000000e+01 4.803234245628118515e-03
9.000000000000000000e+01 4.045194946229457855e-03
9.100000000000000000e+01 3.222312545403838158e-03
9.200000000000000000e+01 2.100754994899034500e-03
9.300000000000000000e+01 1.009645289741456509e-03
9.400000000000000000e+01 1.014890149235725403e-03
9.500000000000000000e+01 1.237756951013579965e-04
9.600000000000000000e+01 1.469781040214002132e-03
9.700000000000000000e+01 1.254530972801148891e-03
9.800000000000000000e+01 -1.208281260915100574e-03
9.900000000000000000e+01 2.672643866389989853e-03
