1.000000000000000000e+00 1.000000000000000000e+00
2.000000000000000000e+00 8.505970835685729980e-01
3.000000000000000000e+00 7.383376955986022949e-01
4.000000000000000000e+00 6.440203189849853516e-01
5.000000000000000000e+00 5.613563060760498047e-01
6.000000000000000000e+00 4.867109358310699463e-01
7.000000000000000000e+00 4.188825488090515137e-01
8.000000000000000000e+00 3.567593395709991455e-01
9.000000000000000000e+00 2.991911768913269043e-01
1.000000000000000000e+01 2.459242641925811768e-01
1.100000000000000000e+01 1.963070034980773926e-01
1.200000000000000000e+01 1.501993685960769653e-01
1.300000000000000000e+01 1.070609837770462036e-01
1.400000000000000000e+01 6.702256947755813599e-02
1.500000000000000000e+01 3.000328317284584045e-02
1.600000000000000000e+01 -3.954256419092416763e-03
1.700000000000000000e+01 -3.489363193511962891e-02
1.800000000000000000e+01 -6.320081651210784912e-02
1.900000000000000000e+01 -8.835119754076004028e-02
2.000000000000000000e+01 -1.104157045483589172e-01
2.100000000000000000e+01 -1.296390295028686523e-01
2.200000000000000000e+01 -1.456407159566879272e-01
2.300000000000000000e+01 -1.584876924753189087e-01
2.400000000000000000e+01 -1.679531931877136230e-01
2.500000000000000000e+01 -1.747158318758010864e-01
2.600000000000000000e+01 -1.788859218358993530e-01
2.700000000000000000e+01 -1.807547509670257568e-01
2.800000000000000000e+01 -1.798090189695358276e-01
2.900000000000000000e+01 -1.769529134035110474e-01
3.000000000000000000e+01 -1.724907457828521729e-01
3.100000000000000000e+01 -1.664337664842605591e-01
3.200000000000000000e+01 -1.591771095991134644e-01
3.300000000000000000e+01 -1.508423686027526855e-01
3.400000000000000000e+01 -1.415515840053558350e-01
3.500000000000000000e+01 -1.315130740404129028e-01
3.600000000000000000e+01 -1.209379881620407104e-01
3.700000000000000000e+01 -1.101122200489044189e-01
3.800000000000000000e+01 -9.890899807214736938e-02
3.900000000000000000e+01 -8.804073184728622437e-02
4.000000000000000000e+01 -7.750784605741500854e-02
4.100000000000000000e+01 -6.699497997760772705e-02
4.200000000000000000e+01 -5.700939521193504333e-02
4.300000000000000000e+01 -4.765281453728675842e-02
4.400000000000000000e+01 -3.840235620737075806e-02
4.500000000000000000e+01 -2.958426810801029205e-02
4.600000000000000000e+01 -2.151597291231155396e-02
4.700000000000000000e+01 -1.371081732213497162e-02
4.800000000000000000e+01 -6.407678592950105667e-03
4.900000000000000000e+01 8.434544724877923727e-05
5.000000000000000000e+01 5.348560865968465805e-03
5.100000000000000000e+01 1.010423619300127029e-02
5.200000000000000000e+01 1.448784582316875458e-02
5.300000000000000000e+01 1.871459744870662689e-02
5.400000000000000000e+01 2.243446744978427887e-02
5.500000000000000000e+01 2.554470486938953400e-02
5.600000000000000000e+01 2.788786590099334717e-02
5.700000000000000000e+01 3.002958931028842926e-02
5.800000000000000000e+01 3.161157295107841492e-02
5.900000000000000000e+01 3.313061222434043884e-02
6.000000000000000000e+01 3.327288478612899780e-02
6.100000000000000000e+01 3.324269875884056091e-02
6.200000000000000000e+01 3.305365890264511108e-02
6.300000000000000000e+01 3.292573243379592896e-02
6.400000000000000000e+01 3.296111524105072021e-02
6.500000000000000000e+01 3.262391313910484314e-02
6.600000000000000000e+01 3.167102113366127014e-02
6.700000000000000000e+01 3.089568205177783966e-02
6.800000000000000000e+01 2.938276901841163635e-02
6.900000000000000000e+01 2.757541090250015259e-02
7.000000000000000000e+01 2.528891526162624359e-02
7.100000000000000000e+01 2.283395268023014069e-02
7.200000000000000000e+01 1.970379985868930817e-02
7.300000000000000000e+01 1.670861616730690002e-02
7.400000000000000000e+01 1.401112973690032959e-02
7.500000000000000000e+01 1.147085800766944885e-02
7.600000000000000000e+01 8.351579308509826660e-03
7.700000000000000000e+01 5.504763219505548477e-03
7.800000000000000000e+01 2.046847483143210411e-03
7.900000000000000000e+01 -1.454164594179019332e-04
8.000000000000000000e+01 -2.057145116850733757e-03
8.100000000000000000e+01 -4.005789756774902344e-03
8.200000000000000000e+01 -6.372846662998199463e-03
8.300000000000000000e+01 -9.068123064935207367e-03
8.400000000000000000e+01 -1.112063787877559662e-02
8.500000000000000000e+01 -1.267924532294273376e-02
8.600000000000000000e+01 -1.416405010968446732e-02
8.700000000000000000e+01 -1.668405532836914062e-02
8.800000000000000000e+01 -1.903533563017845154e-02
8.900000000000000000e+01 -2.095612324774265289e-02
9.000000000000000000e+01 -2.217348478734493256e-02
9.100000000000000000e+01 -2.285283803939819336e-02
9.200000000000000000e+01 -2.309631742537021637e-02
9.300000000000000000e+01 -2.279443852603435516e-02
9.400000000000000000e+01 -2.148224972188472748e-02
9.500000000000000000e+01 -1.919275522232055664e-02
9.600000000000000000e+01 -1.672310382127761841e-02
9.700000000000000000e+01 -1.742288656532764435e-02
9.800000000000000000e+01 -1.835138536989688873e-02
9.900000000000000000e+01 -1.968359015882015228e-02
