1.000000000000000000e+00 1.000000000000000000e+00
2.000000000000000000e+00 8.762010931968688965e-01
3.000000000000000000e+00 7.816027998924255371e-01
4.000000000000000000e+00 7.005096673965454102e-01
5.000000000000000000e+00 6.273834705352783203e-01
6.000000000000000000e+00 5.594961643218994141e-01
7.000000000000000000e+00 4.959420263767242432e-01
8.000000000000000000e+00 4.360162019729614258e-01
9.000000000000000000e+00 3.792191743850708008e-01
1.000000000000000000e+01 3.251973688602447510e-01
1.100000000000000000e+01 2.734057307243347168e-01
1.200000000000000000e+01 2.238429486751556396e-01
1.300000000000000000e+01 1.759782582521438599e-01
1.400000000000000000e+01 1.301924735307693481e-01
1.500000000000000000e+01 8.636582642793655396e-02
1.600000000000000000e+01 4.454896971583366394e-02
1.700000000000000000e+01 5.025045480579137802e-03
1.800000000000000000e+01 -3.197916224598884583e-02
1.900000000000000000e+01 -6.621732562780380249e-02
2.000000000000000000e+01 -9.764207899570465088e-02
2.100000000000000000e+01 -1.264631152153015137e-01
2.200000000000000000e+01 -1.520820558071136475e-01
2.300000000000000000e+01 -1.742503643035888672e-01
2.400000000000000000e+01 -1.931332349777221680e-01
2.500000000000000000e+01 -2.088562995195388794e-01
2.600000000000000000e+01 -2.214640676975250244e-01
2.700000000000000000e+01 -2.306929379701614380e-01
2.800000000000000000e+01 -2.368642985820770264e-01
2.900000000000000000e+01 -2.400803714990615845e-01
3.000000000000000000e+01 -2.408653795719146729e-01
3.100000000000000000e+01 -2.388484925031661987e-01
3.200000000000000000e+01 -2.341990023851394653e-01
3.300000000000000000e+01 -2.275643944740295410e-01
3.400000000000000000e+01 -2.189544737339019775e-01
3.500000000000000000e+01 -2.093229293823242188e-01
3.600000000000000000e+01 -1.984853893518447876e-01
3.700000000000000000e+01 -1.869978308677673340e-01
3.800000000000000000e+01 -1.748588830232620239e-01
3.900000000000000000e+01 -1.620941013097763062e-01
4.000000000000000000e+01 -1.492402106523513794e-01
4.100000000000000000e+01 -1.358671337366104126e-01
4.200000000000000000e+01 -1.220159828662872314e-01
4.300000000000000000e+01 -1.085288673639297485e-01
4.400000000000000000e+01 -9.506534039974212646e-02
4.500000000000000000e+01 -8.211892843246459961e-02
4.600000000000000000e+01 -6.884564459323883057e-02
4.700000000000000000e+01 -5.639521032571792603e-02
4.800000000000000000e+01 -4.456728696823120117e-02
4.900000000000000000e+01 -3.349459171295166016e-02
5.000000000000000000e+01 -2.310329675674438477e-02
5.100000000000000000e+01 -1.328034885227680206e-02
5.200000000000000000e+01 -4.210528451949357986e-03
5.300000000000000000e+01 4.064213950186967850e-03
5.400000000000000000e+01 1.165863126516342163e-02
5.500000000000000000e+01 1.851956360042095184e-02
5.600000000000000000e+01 2.469807304441928864e-02
5.700000000000000000e+01 3.040827251970767975e-02
5.800000000000000000e+01 3.567082807421684265e-02
5.900000000000000000e+01 4.024563357234001160e-02
6.000000000000000000e+01 4.359736293554306030e-02
6.100000000000000000e+01 4.662538692355155945e-02
6.200000000000000000e+01 4.911036044359207153e-02
6.300000000000000000e+01 5.096450820565223694e-02
6.400000000000000000e+01 5.213141441345214844e-02
6.500000000000000000e+01 5.305371433496475220e-02
6.600000000000000000e+01 5.304981768131256104e-02
6.700000000000000000e+01 5.266996100544929504e-02
6.800000000000000000e+01 5.210695415735244751e-02
6.900000000000000000e+01 5.096403881907463074e-02
7.000000000000000000e+01 4.928439855575561523e-02
7.100000000000000000e+01 4.662211239337921143e-02
7.200000000000000000e+01 4.349371045827865601e-02
7.300000000000000000e+01 4.056467488408088684e-02
7.400000000000000000e+01 3.813828900456428528e-02
7.500000000000000000e+01 3.542864695191383362e-02
7.600000000000000000e+01 3.232148662209510803e-02
7.700000000000000000e+01 2.955269999802112579e-02
7.800000000000000000e+01 2.728540264070034027e-02
7.900000000000000000e+01 2.540727332234382629e-02
8.000000000000000000e+01 2.295929379761219025e-02
8.100000000000000000e+01 2.051886916160583496e-02
8.200000000000000000e+01 1.806307211518287659e-02
8.300000000000000000e+01 1.548187434673309326e-02
8.400000000000000000e+01 1.355605013668537140e-02
8.500000000000000000e+01 1.134372036904096603e-02
8.600000000000000000e+01 9.053951129317283630e-03
8.700000000000000000e+01 7.860230281949043274e-03
8.800000000000000000e+01 6.839644163846969604e-03
8.900000000000000000e+01 5.164369940757751465e-03
9.000000000000000000e+01 3.105808282271027565e-03
9.100000000000000000e+01 1.355907530523836613e-03
9.200000000000000000e+01 -5.685713404091075063e-05
9.300000000000000000e+01 -1.335201668553054333e-03
9.400000000000000000e+01 -3.225246444344520569e-03
9.500000000000000000e+01 -3.488085931167006493e-03
9.600000000000000000e+01 -2.159164519980549812e-03
9.700000000000000000e+01 -2.775834640488028526e-03
9.800000000000000000e+01 -4.325087182223796844e-03
9.900000000000000000e+01 -4.446398001164197922e-03
