1.000000000000000000e+00 1.000000000000000000e+00
2.000000000000000000e+00 8.689004182815551758e-01
3.000000000000000000e+00 7.692080736160278320e-01
4.000000000000000000e+00 6.844673752784729004e-01
5.000000000000000000e+00 6.084030270576477051e-01
6.000000000000000000e+00 5.385685563087463379e-01
7.000000000000000000e+00 4.740605056285858154e-01
8.000000000000000000e+00 4.135537445545196533e-01
9.000000000000000000e+00 3.565607964992523193e-01
1.000000000000000000e+01 3.027403652667999268e-01
1.100000000000000000e+01 2.515999674797058105e-01
1.200000000000000000e+01 2.027950584888458252e-01
1.300000000000000000e+01 1.561874449253082275e-01
1.400000000000000000e+01 1.118062138557434082e-01
1.500000000000000000e+01 6.959176063537597656e-02
1.600000000000000000e+01 2.940108999609947205e-02
1.700000000000000000e+01 -7.964517921209335327e-03
1.800000000000000000e+01 -4.317341372370719910e-02
1.900000000000000000e+01 -7.517298310995101929e-02
2.000000000000000000e+01 -1.039584279060363770e-01
2.100000000000000000e+01 -1.300131976604461670e-01
2.200000000000000000e+01 -1.526116579771041870e-01
2.300000000000000000e+01 -1.716994643211364746e-01
2.400000000000000000e+01 -1.873813867568969727e-01
2.500000000000000000e+01 -1.997632682323455811e-01
2.600000000000000000e+01 -2.089956253767013550e-01
2.700000000000000000e+01 -2.153340429067611694e-01
2.800000000000000000e+01 -2.190210819244384766e-01
2.900000000000000000e+01 -2.200356274843215942e-01
3.000000000000000000e+01 -2.188280522823333740e-01
3.100000000000000000e+01 -2.155896127223968506e-01
3.200000000000000000e+01 -2.108844071626663208e-01
3.300000000000000000e+01 -2.039153724908828735e-01
3.400000000000000000e+01 -1.956128925085067749e-01
3.500000000000000000e+01 -1.861268579959869385e-01
3.600000000000000000e+01 -1.754738092422485352e-01
3.700000000000000000e+01 -1.635636836290359497e-01
3.800000000000000000e+01 -1.512019634246826172e-01
3.900000000000000000e+01 -1.387193650007247925e-01
4.000000000000000000e+01 -1.259387433528900146e-01
4.100000000000000000e+01 -1.130307465791702271e-01
4.200000000000000000e+01 -1.002815365791320801e-01
4.300000000000000000e+01 -8.761241286993026733e-02
4.400000000000000000e+01 -7.514125853776931763e-02
4.500000000000000000e+01 -6.344670802354812622e-02
4.600000000000000000e+01 -5.227733030915260315e-02
4.700000000000000000e+01 -4.145312681794166565e-02
4.800000000000000000e+01 -3.100606612861156464e-02
4.900000000000000000e+01 -2.140669152140617371e-02
5.000000000000000000e+01 -1.261309254914522171e-02
5.100000000000000000e+01 -4.152411129325628281e-03
5.200000000000000000e+01 3.730037715286016464e-03
5.300000000000000000e+01 1.047869119793176651e-02
5.400000000000000000e+01 1.632586866617202759e-02
5.500000000000000000e+01 2.157210372388362885e-02
5.600000000000000000e+01 2.700518071651458740e-02
5.700000000000000000e+01 3.140326589345932007e-02
5.800000000000000000e+01 3.534677997231483459e-02
5.900000000000000000e+01 3.896261379122734070e-02
6.000000000000000000e+01 4.198807477951049805e-02
6.100000000000000000e+01 4.429709911346435547e-02
6.200000000000000000e+01 4.605615884065628052e-02
6.300000000000000000e+01 4.711223766207695007e-02
6.400000000000000000e+01 4.704358801245689392e-02
6.500000000000000000e+01 4.618307948112487793e-02
6.600000000000000000e+01 4.493718966841697693e-02
6.700000000000000000e+01 4.325511306524276733e-02
6.800000000000000000e+01 4.151573777198791504e-02
6.900000000000000000e+01 3.967880085110664368e-02
7.000000000000000000e+01 3.767767921090126038e-02
7.100000000000000000e+01 3.582550585269927979e-02
7.200000000000000000e+01 3.363608941435813904e-02
7.300000000000000000e+01 3.133646771311759949e-02
7.400000000000000000e+01 2.876394428312778473e-02
7.500000000000000000e+01 2.609659917652606964e-02
7.600000000000000000e+01 2.402998134493827820e-02
7.700000000000000000e+01 2.149200439453125000e-02
7.800000000000000000e+01 1.941509172320365906e-02
7.900000000000000000e+01 1.769122295081615448e-02
8.000000000000000000e+01 1.597098261117935181e-02
8.100000000000000000e+01 1.444897614419460297e-02
8.200000000000000000e+01 1.247744821012020111e-02
8.300000000000000000e+01 1.071215420961380005e-02
8.400000000000000000e+01 9.287775494158267975e-03
8.500000000000000000e+01 7.762253284454345703e-03
8.600000000000000000e+01 7.121957838535308838e-03
8.700000000000000000e+01 6.208848208189010620e-03
8.800000000000000000e+01 4.763166420161724091e-03
8.900000000000000000e+01 3.130902769044041634e-03
9.000000000000000000e+01 2.787942939903587103e-04
9.100000000000000000e+01 -2.803287236019968987e-03
9.200000000000000000e+01 -6.457255221903324127e-03
9.300000000000000000e+01 -8.492833003401756287e-03
9.400000000000000000e+01 -9.018719196319580078e-03
9.500000000000000000e+01 -8.725258521735668182e-03
9.600000000000000000e+01 -8.617177605628967285e-03
9.700000000000000000e+01 -8.849425241351127625e-03
9.800000000000000000e+01 -1.139446254819631577e-02
9.900000000000000000e+01 -1.088322699069976807e-02
