1.000000000000000000e+00 1.000000000000000000e+00
2.000000000000000000e+00 8.687523007392883301e-01
3.000000000000000000e+00 7.685747742652893066e-01
4.000000000000000000e+00 6.830576062202453613e-01
5.000000000000000000e+00 6.063392162322998047e-01
6.000000000000000000e+00 5.364744663238525391e-01
7.000000000000000000e+00 4.715108871459960938e-01
8.000000000000000000e+00 4.109244644641876221e-01
9.000000000000000000e+00 3.536852896213531494e-01
1.000000000000000000e+01 2.996195852756500244e-01
1.100000000000000000e+01 2.482584565877914429e-01
1.200000000000000000e+01 1.992328763008117676e-01
1.300000000000000000e+01 1.525550782680511475e-01
1.400000000000000000e+01 1.083437204360961914e-01
1.500000000000000000e+01 6.598326563835144043e-02
1.600000000000000000e+01 2.593589201569557190e-02
1.700000000000000000e+01 -1.157600712031126022e-02
1.800000000000000000e+01 -4.621346667408943176e-02
1.900000000000000000e+01 -7.810965180397033691e-02
2.000000000000000000e+01 -1.068755090236663818e-01
2.100000000000000000e+01 -1.322709321975708008e-01
2.200000000000000000e+01 -1.543635427951812744e-01
2.300000000000000000e+01 -1.730456054210662842e-01
2.400000000000000000e+01 -1.886361092329025269e-01
2.500000000000000000e+01 -2.008709758520126343e-01
2.600000000000000000e+01 -2.098828852176666260e-01
2.700000000000000000e+01 -2.158663719892501831e-01
2.800000000000000000e+01 -2.192367315292358398e-01
2.900000000000000000e+01 -2.196657210588455200e-01
3.000000000000000000e+01 -2.182560265064239502e-01
3.100000000000000000e+01 -2.147560417652130127e-01
3.200000000000000000e+01 -2.092074155807495117e-01
3.300000000000000000e+01 -2.016239911317825317e-01
3.400000000000000000e+01 -1.925187855958938599e-01
3.500000000000000000e+01 -1.824138611555099487e-01
3.600000000000000000e+01 -1.714763939380645752e-01
3.700000000000000000e+01 -1.597380787134170532e-01
3.800000000000000000e+01 -1.476302146911621094e-01
3.900000000000000000e+01 -1.347993910312652588e-01
4.000000000000000000e+01 -1.217830702662467957e-01
4.100000000000000000e+01 -1.087510585784912109e-01
4.200000000000000000e+01 -9.586694091558456421e-02
4.300000000000000000e+01 -8.332563936710357666e-02
4.400000000000000000e+01 -7.133539766073226929e-02
4.500000000000000000e+01 -5.974072217941284180e-02
4.600000000000000000e+01 -4.859900847077369690e-02
4.700000000000000000e+01 -3.796096891164779663e-02
4.800000000000000000e+01 -2.780490741133689880e-02
4.900000000000000000e+01 -1.799507439136505127e-02
5.000000000000000000e+01 -8.948776870965957642e-03
5.100000000000000000e+01 -4.253760562278330326e-04
5.200000000000000000e+01 7.003982085734605789e-03
5.300000000000000000e+01 1.397997699677944183e-02
5.400000000000000000e+01 2.001277543604373932e-02
5.500000000000000000e+01 2.502548135817050934e-02
5.600000000000000000e+01 2.940329536795616150e-02
5.700000000000000000e+01 3.336716070771217346e-02
5.800000000000000000e+01 3.645719587802886963e-02
5.900000000000000000e+01 3.900041803717613220e-02
6.000000000000000000e+01 4.116670414805412292e-02
6.100000000000000000e+01 4.312943667173385620e-02
6.200000000000000000e+01 4.398458078503608704e-02
6.300000000000000000e+01 4.479648917913436890e-02
6.400000000000000000e+01 4.501253738999366760e-02
6.500000000000000000e+01 4.446539282798767090e-02
6.600000000000000000e+01 4.387832060456275940e-02
6.700000000000000000e+01 4.267391562461853027e-02
6.800000000000000000e+01 4.132016375660896301e-02
6.900000000000000000e+01 3.943298384547233582e-02
7.000000000000000000e+01 3.650150448083877563e-02
7.100000000000000000e+01 3.309364989399909973e-02
7.200000000000000000e+01 3.018006496131420135e-02
7.300000000000000000e+01 2.727313339710235596e-02
7.400000000000000000e+01 2.419786527752876282e-02
7.500000000000000000e+01 2.134289033710956573e-02
7.600000000000000000e+01 1.865463517606258392e-02
7.700000000000000000e+01 1.635639369487762451e-02
7.800000000000000000e+01 1.411106623709201813e-02
7.900000000000000000e+01 1.162565127015113831e-02
8.000000000000000000e+01 9.692509658634662628e-03
8.100000000000000000e+01 8.320746012032032013e-03
8.200000000000000000e+01 7.406559772789478302e-03
8.300000000000000000e+01 6.616402417421340942e-03
8.400000000000000000e+01 5.771345924586057663e-03
8.500000000000000000e+01 4.905332811176776886e-03
8.600000000000000000e+01 4.774965811520814896e-03
8.700000000000000000e+01 4.698484204709529877e-03
8.800000000000000000e+01 3.853579517453908920e-03
8.900000000000000000e+01 2.397802658379077911e-03
9.000000000000000000e+01 1.381653826683759689e-03
9.100000000000000000e+01 1.758885453455150127e-03
9.200000000000000000e+01 2.394949551671743393e-03
9.300000000000000000e+01 2.289427910000085831e-03
9.400000000000000000e+01 1.652171835303306580e-03
9.500000000000000000e+01 1.702861511148512363e-03
9.600000000000000000e+01 1.038532704114913940e-03
9.700000000000000000e+01 3.540753386914730072e-04
9.800000000000000000e+01 1.116546802222728729e-03
9.900000000000000000e+01 3.113390179350972176e-03
