1.000000000000000000e+00 1.000000000000000000e+00
2.000000000000000000e+00 7.938409447669982910e-01
3.000000000000000000e+00 6.425610184669494629e-01
4.000000000000000000e+00 5.210514664649963379e-01
5.000000000000000000e+00 4.216258227825164795e-01
6.000000000000000000e+00 3.379240632057189941e-01
7.000000000000000000e+00 2.669701874256134033e-01
8.000000000000000000e+00 2.066451311111450195e-01
9.000000000000000000e+00 1.545739918947219849e-01
1.000000000000000000e+01 1.101875454187393188e-01
1.100000000000000000e+01 7.198536396026611328e-02
1.200000000000000000e+01 3.933325409889221191e-02
1.300000000000000000e+01 1.184634026139974594e-02
1.400000000000000000e+01 -1.115169469267129898e-02
1.500000000000000000e+01 -3.034802339971065521e-02
1.600000000000000000e+01 -4.535618424415588379e-02
1.700000000000000000e+01 -5.744234099984169006e-02
1.800000000000000000e+01 -6.665644049644470215e-02
1.900000000000000000e+01 -7.294497638940811157e-02
2.000000000000000000e+01 -7.727290689945220947e-02
2.100000000000000000e+01 -7.987997680902481079e-02
2.200000000000000000e+01 -7.982911914587020874e-02
2.300000000000000000e+01 -7.891850918531417847e-02
2.400000000000000000e+01 -7.691632956266403198e-02
2.500000000000000000e+01 -7.407487183809280396e-02
2.600000000000000000e+01 -7.025553286075592041e-02
2.700000000000000000e+01 -6.601609289646148682e-02
2.800000000000000000e+01 -6.107183545827865601e-02
2.900000000000000000e+01 -5.610929429531097412e-02
3.000000000000000000e+01 -5.078894644975662231e-02
3.100000000000000000e+01 -4.570871219038963318e-02
3.200000000000000000e+01 -4.084618389606475830e-02
3.300000000000000000e+01 -3.625151515007019043e-02
3.400000000000000000e+01 -3.174851462244987488e-02
3.500000000000000000e+01 -2.712045982480049133e-02
3.600000000000000000e+01 -2.261060662567615509e-02
3.700000000000000000e+01 -1.935355924069881439e-02
3.800000000000000000e+01 -1.532263495028018951e-02
3.900000000000000000e+01 -1.175217796117067337e-02
4.000000000000000000e+01 -8.548656478524208069e-03
4.100000000000000000e+01 -5.748352035880088806e-03
4.200000000000000000e+01 -3.283449448645114899e-03
4.300000000000000000e+01 -1.514740637503564358e-03
4.400000000000000000e+01 3.680620575323700905e-04
4.500000000000000000e+01 1.167020061984658241e-03
4.600000000000000000e+01 2.376968739554286003e-03
4.700000000000000000e+01 3.240625839680433273e-03
4.800000000000000000e+01 3.732280572876334190e-03
4.900000000000000000e+01 3.866525599732995033e-03
5.000000000000000000e+01 3.930503968149423599e-03
5.100000000000000000e+01 4.373461473733186722e-03
5.200000000000000000e+01 4.940193146467208862e-03
5.300000000000000000e+01 5.333516281098127365e-03
5.400000000000000000e+01 5.284791812300682068e-03
5.500000000000000000e+01 5.137384403496980667e-03
5.600000000000000000e+01 4.702013917267322540e-03
5.700000000000000000e+01 4.269196651875972748e-03
5.800000000000000000e+01 4.237044602632522583e-03
5.900000000000000000e+01 4.553099628537893295e-03
6.000000000000000000e+01 4.534632433205842972e-03
6.100000000000000000e+01 4.580656532198190689e-03
6.200000000000000000e+01 4.611010663211345673e-03
6.300000000000000000e+01 4.439020063728094101e-03
6.400000000000000000e+01 4.339091479778289795e-03
6.500000000000000000e+01 3.564002225175499916e-03
6.600000000000000000e+01 3.170287702232599258e-03
6.700000000000000000e+01 2.567303134128451347e-03
6.800000000000000000e+01 2.025034744292497635e-03
6.900000000000000000e+01 1.202461658976972103e-03
7.000000000000000000e+01 6.372594507411122322e-04
7.100000000000000000e+01 9.822125866776332259e-05
7.200000000000000000e+01 -1.910828432301059365e-04
7.300000000000000000e+01 -1.583636505529284477e-03
7.400000000000000000e+01 -2.936045406386256218e-03
7.500000000000000000e+01 -3.436477389186620712e-03
7.600000000000000000e+01 -4.530115984380245209e-03
7.700000000000000000e+01 -4.881546366959810257e-03
7.800000000000000000e+01 -4.189792554825544357e-03
7.900000000000000000e+01 -2.241878770291805267e-03
8.000000000000000000e+01 -1.735912053845822811e-03
8.100000000000000000e+01 -5.014875787310302258e-04
8.200000000000000000e+01 -4.478910705074667931e-05
8.300000000000000000e+01 -4.419814504217356443e-04
8.400000000000000000e+01 -2.285296097397804260e-03
8.500000000000000000e+01 -4.135574679821729660e-03
8.600000000000000000e+01 -4.057729151099920273e-03
8.700000000000000000e+01 -4.031912423670291901e-03
8.800000000000000000e+01 -3.562019905075430870e-03
8.900000000000000000e+01 -3.535363124683499336e-03
9.000000000000000000e+01 -3.251645714044570923e-03
9.100000000000000000e+01 -3.394483588635921478e-03
9.200000000000000000e+01 -2.009443007409572601e-03
9.300000000000000000e+01 -2.393057104200124741e-03
9.400000000000000000e+01 -3.179837716743350029e-03
9.500000000000000000e+01 -2.251449506729841232e-03
9.600000000000000000e+01 -3.760159714147448540e-03
9.700000000000000000e+01 -6.828966550529003143e-03
9.800000000000000000e+01 -7.445181254297494888e-03
9.900000000000000000e+01 -7.423947565257549286e-03
