1.000000000000000000e+00 1.000000000000000000e+00
2.000000000000000000e+00 8.757250905036926270e-01
3.000000000000000000e+00 7.806283831596374512e-01
4.000000000000000000e+00 6.992394328117370605e-01
5.000000000000000000e+00 6.262856125831604004e-01
6.000000000000000000e+00 5.589355826377868652e-01
7.000000000000000000e+00 4.956729710102081299e-01
8.000000000000000000e+00 4.356842935085296631e-01
9.000000000000000000e+00 3.790103197097778320e-01
1.000000000000000000e+01 3.253142237663269043e-01
1.100000000000000000e+01 2.735682427883148193e-01
1.200000000000000000e+01 2.237705141305923462e-01
1.300000000000000000e+01 1.761222183704376221e-01
1.400000000000000000e+01 1.302425414323806763e-01
1.500000000000000000e+01 8.620762079954147339e-02
1.600000000000000000e+01 4.436776041984558105e-02
1.700000000000000000e+01 4.666987340897321701e-03
1.800000000000000000e+01 -3.240745887160301208e-02
1.900000000000000000e+01 -6.669375300407409668e-02
2.000000000000000000e+01 -9.839797019958496094e-02
2.100000000000000000e+01 -1.272653788328170776e-01
2.200000000000000000e+01 -1.527615189552307129e-01
2.300000000000000000e+01 -1.748527735471725464e-01
2.400000000000000000e+01 -1.935858428478240967e-01
2.500000000000000000e+01 -2.092455774545669556e-01
2.600000000000000000e+01 -2.217470407485961914e-01
2.700000000000000000e+01 -2.308353483676910400e-01
2.800000000000000000e+01 -2.367471307516098022e-01
2.900000000000000000e+01 -2.399968504905700684e-01
3.000000000000000000e+01 -2.405485659837722778e-01
3.100000000000000000e+01 -2.385239154100418091e-01
3.200000000000000000e+01 -2.342529445886611938e-01
3.300000000000000000e+01 -2.279893606901168823e-01
3.400000000000000000e+01 -2.197494208812713623e-01
3.500000000000000000e+01 -2.103684991598129272e-01
3.600000000000000000e+01 -1.996244937181472778e-01
3.700000000000000000e+01 -1.876663565635681152e-01
3.800000000000000000e+01 -1.751090735197067261e-01
3.900000000000000000e+01 -1.620079725980758667e-01
4.000000000000000000e+01 -1.483278721570968628e-01
4.100000000000000000e+01 -1.344348490238189697e-01
4.200000000000000000e+01 -1.208203583955764771e-01
4.300000000000000000e+01 -1.070727109909057617e-01
4.400000000000000000e+01 -9.358332306146621704e-02
4.500000000000000000e+01 -8.057542890310287476e-02
4.600000000000000000e+01 -6.793818622827529907e-02
4.700000000000000000e+01 -5.565014109015464783e-02
4.800000000000000000e+01 -4.416690021753311157e-02
4.900000000000000000e+01 -3.324848413467407227e-02
5.000000000000000000e+01 -2.347948215901851654e-02
5.100000000000000000e+01 -1.457737199962139130e-02
5.200000000000000000e+01 -5.615497007966041565e-03
5.300000000000000000e+01 2.709174528717994690e-03
5.400000000000000000e+01 1.034213788807392120e-02
5.500000000000000000e+01 1.730682887136936188e-02
5.600000000000000000e+01 2.393613010644912720e-02
5.700000000000000000e+01 2.968831360340118408e-02
5.800000000000000000e+01 3.476947173476219177e-02
5.900000000000000000e+01 3.910578042268753052e-02
6.000000000000000000e+01 4.337806627154350281e-02
6.100000000000000000e+01 4.723676666617393494e-02
6.200000000000000000e+01 5.018284544348716736e-02
6.300000000000000000e+01 5.237358435988426208e-02
6.400000000000000000e+01 5.369884148240089417e-02
6.500000000000000000e+01 5.447963252663612366e-02
6.600000000000000000e+01 5.447497218847274780e-02
6.700000000000000000e+01 5.401197075843811035e-02
6.800000000000000000e+01 5.317685008049011230e-02
6.900000000000000000e+01 5.172432959079742432e-02
7.000000000000000000e+01 5.051325634121894836e-02
7.100000000000000000e+01 4.862762615084648132e-02
7.200000000000000000e+01 4.649645462632179260e-02
7.300000000000000000e+01 4.439723491668701172e-02
7.400000000000000000e+01 4.158787801861763000e-02
7.500000000000000000e+01 3.862754628062248230e-02
7.600000000000000000e+01 3.609836846590042114e-02
7.700000000000000000e+01 3.358200937509536743e-02
7.800000000000000000e+01 3.104237280786037445e-02
7.900000000000000000e+01 2.867445535957813263e-02
8.000000000000000000e+01 2.628075890243053436e-02
8.100000000000000000e+01 2.347025834023952484e-02
8.200000000000000000e+01 2.129976823925971985e-02
8.300000000000000000e+01 1.925610005855560303e-02
8.400000000000000000e+01 1.657303981482982635e-02
8.500000000000000000e+01 1.431863941252231598e-02
8.600000000000000000e+01 1.289690006524324417e-02
8.700000000000000000e+01 1.160381734371185303e-02
8.800000000000000000e+01 9.637174196541309357e-03
8.900000000000000000e+01 8.116092532873153687e-03
9.000000000000000000e+01 6.101497914642095566e-03
9.100000000000000000e+01 4.204304888844490051e-03
9.200000000000000000e+01 2.915827324613928795e-03
9.300000000000000000e+01 1.284166239202022552e-03
9.400000000000000000e+01 -1.480352948419749737e-03
9.500000000000000000e+01 -3.393762279301881790e-03
9.600000000000000000e+01 -7.011363282799720764e-03
9.700000000000000000e+01 -8.362802676856517792e-03
9.800000000000000000e+01 -9.619371965527534485e-03
9.900000000000000000e+01 -1.298328302800655365e-02
