1.000000000000000000e+00 1.000000000000000000e+00
2.000000000000000000e+00 8.721582889556884766e-01
3.000000000000000000e+00 7.746274471282958984e-01
4.000000000000000000e+00 6.916175484657287598e-01
5.000000000000000000e+00 6.174333691596984863e-01
6.000000000000000000e+00 5.487882494926452637e-01
7.000000000000000000e+00 4.846132993698120117e-01
8.000000000000000000e+00 4.242792427539825439e-01
9.000000000000000000e+00 3.671145737171173096e-01
1.000000000000000000e+01 3.127415478229522705e-01
1.100000000000000000e+01 2.611115872859954834e-01
1.200000000000000000e+01 2.117200046777725220e-01
1.300000000000000000e+01 1.644575595855712891e-01
1.400000000000000000e+01 1.195456609129905701e-01
1.500000000000000000e+01 7.688890397548675537e-02
1.600000000000000000e+01 3.645168989896774292e-02
1.700000000000000000e+01 -1.686010044068098068e-03
1.800000000000000000e+01 -3.703858330845832825e-02
1.900000000000000000e+01 -7.008082419633865356e-02
2.000000000000000000e+01 -1.002879738807678223e-01
2.100000000000000000e+01 -1.274671852588653564e-01
2.200000000000000000e+01 -1.513354927301406860e-01
2.300000000000000000e+01 -1.720464974641799927e-01
2.400000000000000000e+01 -1.895944774150848389e-01
2.500000000000000000e+01 -2.040819525718688965e-01
2.600000000000000000e+01 -2.153163105249404907e-01
2.700000000000000000e+01 -2.235585600137710571e-01
2.800000000000000000e+01 -2.283651232719421387e-01
2.900000000000000000e+01 -2.304860204458236694e-01
3.000000000000000000e+01 -2.300733625888824463e-01
3.100000000000000000e+01 -2.271719872951507568e-01
3.200000000000000000e+01 -2.226082533597946167e-01
3.300000000000000000e+01 -2.160847038030624390e-01
3.400000000000000000e+01 -2.077531665563583374e-01
3.500000000000000000e+01 -1.982533782720565796e-01
3.600000000000000000e+01 -1.876475363969802856e-01
3.700000000000000000e+01 -1.760246902704238892e-01
3.800000000000000000e+01 -1.636561453342437744e-01
3.900000000000000000e+01 -1.509078145027160645e-01
4.000000000000000000e+01 -1.377214193344116211e-01
4.100000000000000000e+01 -1.246993839740753174e-01
4.200000000000000000e+01 -1.114368438720703125e-01
4.300000000000000000e+01 -9.808696806430816650e-02
4.400000000000000000e+01 -8.504865318536758423e-02
4.500000000000000000e+01 -7.223046571016311646e-02
4.600000000000000000e+01 -6.021509319543838501e-02
4.700000000000000000e+01 -4.881222918629646301e-02
4.800000000000000000e+01 -3.762729465961456299e-02
4.900000000000000000e+01 -2.715282328426837921e-02
5.000000000000000000e+01 -1.774114556610584259e-02
5.100000000000000000e+01 -8.622935041785240173e-03
5.200000000000000000e+01 -7.280115387402474880e-04
5.300000000000000000e+01 6.769828964024782181e-03
5.400000000000000000e+01 1.387027464807033539e-02
5.500000000000000000e+01 2.035064436495304108e-02
5.600000000000000000e+01 2.634063363075256348e-02
5.700000000000000000e+01 3.159949555993080139e-02
5.800000000000000000e+01 3.619451075792312622e-02
5.900000000000000000e+01 4.034377261996269226e-02
6.000000000000000000e+01 4.366927593946456909e-02
6.100000000000000000e+01 4.649080708622932434e-02
6.200000000000000000e+01 4.882211610674858093e-02
6.300000000000000000e+01 5.052571743726730347e-02
6.400000000000000000e+01 5.133621394634246826e-02
6.500000000000000000e+01 5.150938034057617188e-02
6.600000000000000000e+01 5.118692293763160706e-02
6.700000000000000000e+01 5.063792690634727478e-02
6.800000000000000000e+01 4.922043159604072571e-02
6.900000000000000000e+01 4.762622714042663574e-02
7.000000000000000000e+01 4.614010080695152283e-02
7.100000000000000000e+01 4.410097748041152954e-02
7.200000000000000000e+01 4.236523807048797607e-02
7.300000000000000000e+01 4.009953513741493225e-02
7.400000000000000000e+01 3.756525740027427673e-02
7.500000000000000000e+01 3.539065644145011902e-02
7.600000000000000000e+01 3.282904624938964844e-02
7.700000000000000000e+01 3.055194579064846039e-02
7.800000000000000000e+01 2.875509485602378845e-02
7.900000000000000000e+01 2.672472037374973297e-02
8.000000000000000000e+01 2.373551204800605774e-02
8.100000000000000000e+01 2.100256085395812988e-02
8.200000000000000000e+01 1.833132095634937286e-02
8.300000000000000000e+01 1.567127183079719543e-02
8.400000000000000000e+01 1.378081459552049637e-02
8.500000000000000000e+01 1.139095425605773926e-02
8.600000000000000000e+01 1.053394377231597900e-02
8.700000000000000000e+01 1.003698538988828659e-02
8.800000000000000000e+01 8.768694475293159485e-03
8.900000000000000000e+01 7.669399492442607880e-03
9.000000000000000000e+01 5.314001813530921936e-03
9.100000000000000000e+01 3.259342396631836891e-03
9.200000000000000000e+01 1.085947733372449875e-03
9.300000000000000000e+01 -1.236805226653814316e-03
9.400000000000000000e+01 -4.531975369900465012e-03
9.500000000000000000e+01 -8.297154679894447327e-03
9.600000000000000000e+01 -1.126064546406269073e-02
9.700000000000000000e+01 -1.615562848746776581e-02
9.800000000000000000e+01 -1.757545955479145050e-02
9.900000000000000000e+01 -1.464019995182752609e-02
