1.000000000000000000e+00 1.000000000000000000e+00
2.000000000000000000e+00 8.741403818130493164e-01
3.000000000000000000e+00 7.780165672302246094e-01
4.000000000000000000e+00 6.956617236137390137e-01
5.000000000000000000e+00 6.218781471252441406e-01
6.000000000000000000e+00 5.537534952163696289e-01
7.000000000000000000e+00 4.896608889102935791e-01
8.000000000000000000e+00 4.298002421855926514e-01
9.000000000000000000e+00 3.731898367404937744e-01
1.000000000000000000e+01 3.191183209419250488e-01
1.100000000000000000e+01 2.672763168811798096e-01
1.200000000000000000e+01 2.175697833299636841e-01
1.300000000000000000e+01 1.701178252696990967e-01
1.400000000000000000e+01 1.248606294393539429e-01
1.500000000000000000e+01 8.154166489839553833e-02
1.600000000000000000e+01 4.033518582582473755e-02
1.700000000000000000e+01 1.192308962345123291e-03
1.800000000000000000e+01 -3.529504686594009399e-02
1.900000000000000000e+01 -6.903690099716186523e-02
2.000000000000000000e+01 -9.984432905912399292e-02
2.100000000000000000e+01 -1.274698674678802490e-01
2.200000000000000000e+01 -1.518930345773696899e-01
2.300000000000000000e+01 -1.729450225830078125e-01
2.400000000000000000e+01 -1.905048191547393799e-01
2.500000000000000000e+01 -2.051943093538284302e-01
2.600000000000000000e+01 -2.168554365634918213e-01
2.700000000000000000e+01 -2.257673591375350952e-01
2.800000000000000000e+01 -2.316531389951705933e-01
2.900000000000000000e+01 -2.348130792379379272e-01
3.000000000000000000e+01 -2.351883649826049805e-01
3.100000000000000000e+01 -2.330929338932037354e-01
3.200000000000000000e+01 -2.286495119333267212e-01
3.300000000000000000e+01 -2.223588526248931885e-01
3.400000000000000000e+01 -2.143348157405853271e-01
3.500000000000000000e+01 -2.047803252935409546e-01
3.600000000000000000e+01 -1.939011067152023315e-01
3.700000000000000000e+01 -1.825890839099884033e-01
3.800000000000000000e+01 -1.701528877019882202e-01
3.900000000000000000e+01 -1.566969454288482666e-01
4.000000000000000000e+01 -1.435152292251586914e-01
4.100000000000000000e+01 -1.300793737173080444e-01
4.200000000000000000e+01 -1.164819225668907166e-01
4.300000000000000000e+01 -1.033040210604667664e-01
4.400000000000000000e+01 -9.031637758016586304e-02
4.500000000000000000e+01 -7.765827327966690063e-02
4.600000000000000000e+01 -6.511189043521881104e-02
4.700000000000000000e+01 -5.316742509603500366e-02
4.800000000000000000e+01 -4.163014888763427734e-02
4.900000000000000000e+01 -3.060689941048622131e-02
5.000000000000000000e+01 -2.026548050343990326e-02
5.100000000000000000e+01 -1.072796434164047241e-02
5.200000000000000000e+01 -1.472895499318838120e-03
5.300000000000000000e+01 6.944088730961084366e-03
5.400000000000000000e+01 1.442868448793888092e-02
5.500000000000000000e+01 2.107258699834346771e-02
5.600000000000000000e+01 2.725945599377155304e-02
5.700000000000000000e+01 3.258899599313735962e-02
5.800000000000000000e+01 3.725885599851608276e-02
5.900000000000000000e+01 4.133494943380355835e-02
6.000000000000000000e+01 4.459368064999580383e-02
6.100000000000000000e+01 4.765534400939941406e-02
6.200000000000000000e+01 4.993147030472755432e-02
6.300000000000000000e+01 5.207509547472000122e-02
6.400000000000000000e+01 5.348555743694305420e-02
6.500000000000000000e+01 5.422571673989295959e-02
6.600000000000000000e+01 5.443016439676284790e-02
6.700000000000000000e+01 5.426064506173133850e-02
6.800000000000000000e+01 5.330156534910202026e-02
6.900000000000000000e+01 5.152576044201850891e-02
7.000000000000000000e+01 4.885576665401458740e-02
7.100000000000000000e+01 4.614647477865219116e-02
7.200000000000000000e+01 4.324080795049667358e-02
7.300000000000000000e+01 4.038580879569053650e-02
7.400000000000000000e+01 3.715241700410842896e-02
7.500000000000000000e+01 3.385075926780700684e-02
7.600000000000000000e+01 3.051368705928325653e-02
7.700000000000000000e+01 2.738765440881252289e-02
7.800000000000000000e+01 2.442678622901439667e-02
7.900000000000000000e+01 2.141146548092365265e-02
8.000000000000000000e+01 1.907510124146938324e-02
8.100000000000000000e+01 1.659102924168109894e-02
8.200000000000000000e+01 1.409214176237583160e-02
8.300000000000000000e+01 1.179379504173994064e-02
8.400000000000000000e+01 9.830394759774208069e-03
8.500000000000000000e+01 8.047670125961303711e-03
8.600000000000000000e+01 5.775791127234697342e-03
8.700000000000000000e+01 3.951646387577056885e-03
8.800000000000000000e+01 2.390597714111208916e-03
8.900000000000000000e+01 3.022220043931156397e-04
9.000000000000000000e+01 -1.129396609030663967e-03
9.100000000000000000e+01 -2.278088824823498726e-03
9.200000000000000000e+01 -4.495584871619939804e-03
9.300000000000000000e+01 -6.321171298623085022e-03
9.400000000000000000e+01 -7.354968227446079254e-03
9.500000000000000000e+01 -8.098681457340717316e-03
9.600000000000000000e+01 -8.407940156757831573e-03
9.700000000000000000e+01 -6.953444331884384155e-03
9.800000000000000000e+01 -6.903619039803743362e-03
9.900000000000000000e+01 -4.987860564142465591e-03
