1.000000000000000000e+00 1.000000000000000000e+00
2.000000000000000000e+00 8.757585883140563965e-01
3.000000000000000000e+00 7.805007100105285645e-01
4.000000000000000000e+00 6.988161206245422363e-01
5.000000000000000000e+00 6.252928376197814941e-01
6.000000000000000000e+00 5.570866465568542480e-01
7.000000000000000000e+00 4.933371543884277344e-01
8.000000000000000000e+00 4.333341419696807861e-01
9.000000000000000000e+00 3.767852485179901123e-01
1.000000000000000000e+01 3.225768208503723145e-01
1.100000000000000000e+01 2.707562148571014404e-01
1.200000000000000000e+01 2.211302518844604492e-01
1.300000000000000000e+01 1.732900440692901611e-01
1.400000000000000000e+01 1.274255812168121338e-01
1.500000000000000000e+01 8.358398824930191040e-02
1.600000000000000000e+01 4.188289493322372437e-02
1.700000000000000000e+01 2.403198508545756340e-03
1.800000000000000000e+01 -3.453505784273147583e-02
1.900000000000000000e+01 -6.882344931364059448e-02
2.000000000000000000e+01 -1.002424880862236023e-01
2.100000000000000000e+01 -1.287013143301010132e-01
2.200000000000000000e+01 -1.539676636457443237e-01
2.300000000000000000e+01 -1.758376955986022949e-01
2.400000000000000000e+01 -1.942538321018218994e-01
2.500000000000000000e+01 -2.092420011758804321e-01
2.600000000000000000e+01 -2.208251804113388062e-01
2.700000000000000000e+01 -2.297223210334777832e-01
2.800000000000000000e+01 -2.353612780570983887e-01
2.900000000000000000e+01 -2.385363280773162842e-01
3.000000000000000000e+01 -2.390435636043548584e-01
3.100000000000000000e+01 -2.364842444658279419e-01
3.200000000000000000e+01 -2.317938357591629028e-01
3.300000000000000000e+01 -2.248753011226654053e-01
3.400000000000000000e+01 -2.160017639398574829e-01
3.500000000000000000e+01 -2.057524323463439941e-01
3.600000000000000000e+01 -1.945541650056838989e-01
3.700000000000000000e+01 -1.824391186237335205e-01
3.800000000000000000e+01 -1.695818305015563965e-01
3.900000000000000000e+01 -1.560231000185012817e-01
4.000000000000000000e+01 -1.423361003398895264e-01
4.100000000000000000e+01 -1.286897659301757812e-01
4.200000000000000000e+01 -1.155458465218544006e-01
4.300000000000000000e+01 -1.024902537465095520e-01
4.400000000000000000e+01 -8.948508650064468384e-02
4.500000000000000000e+01 -7.641086727380752563e-02
4.600000000000000000e+01 -6.421318650245666504e-02
4.700000000000000000e+01 -5.256211012601852417e-02
4.800000000000000000e+01 -4.143648222088813782e-02
4.900000000000000000e+01 -3.102393262088298798e-02
5.000000000000000000e+01 -2.082546055316925049e-02
5.100000000000000000e+01 -1.144500076770782471e-02
5.200000000000000000e+01 -2.277615247294306755e-03
5.300000000000000000e+01 6.034798920154571533e-03
5.400000000000000000e+01 1.342332921922206879e-02
5.500000000000000000e+01 1.968887634575366974e-02
5.600000000000000000e+01 2.537092752754688263e-02
5.700000000000000000e+01 3.078183718025684357e-02
5.800000000000000000e+01 3.537758067250251770e-02
5.900000000000000000e+01 3.941764310002326965e-02
6.000000000000000000e+01 4.268687218427658081e-02
6.100000000000000000e+01 4.530789330601692200e-02
6.200000000000000000e+01 4.736272245645523071e-02
6.300000000000000000e+01 4.883390665054321289e-02
6.400000000000000000e+01 4.999361932277679443e-02
6.500000000000000000e+01 5.035400763154029846e-02
6.600000000000000000e+01 4.982516914606094360e-02
6.700000000000000000e+01 4.882493615150451660e-02
6.800000000000000000e+01 4.755552485585212708e-02
6.900000000000000000e+01 4.609146714210510254e-02
7.000000000000000000e+01 4.393995925784111023e-02
7.100000000000000000e+01 4.155696183443069458e-02
7.200000000000000000e+01 3.908139467239379883e-02
7.300000000000000000e+01 3.678684681653976440e-02
7.400000000000000000e+01 3.456575423479080200e-02
7.500000000000000000e+01 3.222545608878135681e-02
7.600000000000000000e+01 2.941014803946018219e-02
7.700000000000000000e+01 2.748105861246585846e-02
7.800000000000000000e+01 2.507531456649303436e-02
7.900000000000000000e+01 2.296054176986217499e-02
8.000000000000000000e+01 2.101875841617584229e-02
8.100000000000000000e+01 1.912370510399341583e-02
8.200000000000000000e+01 1.704929769039154053e-02
8.300000000000000000e+01 1.477811858057975769e-02
8.400000000000000000e+01 1.256918255239725113e-02
8.500000000000000000e+01 1.016847975552082062e-02
8.600000000000000000e+01 8.089111186563968658e-03
8.700000000000000000e+01 6.100528407841920853e-03
8.800000000000000000e+01 4.921379499137401581e-03
8.900000000000000000e+01 3.386841621249914169e-03
9.000000000000000000e+01 2.224315889179706573e-03
9.100000000000000000e+01 -6.829662015661597252e-05
9.200000000000000000e+01 -1.360551919788122177e-03
9.300000000000000000e+01 -1.646324293687939644e-03
9.400000000000000000e+01 -1.630541868507862091e-03
9.500000000000000000e+01 -1.127543509937822819e-03
9.600000000000000000e+01 -1.952015009010210633e-04
9.700000000000000000e+01 -1.893696025945246220e-04
9.800000000000000000e+01 3.888130304403603077e-04
9.900000000000000000e+01 1.819564728066325188e-03
