1.000000000000000000e+00 1.000000000000000000e+00
2.000000000000000000e+00 8.564159274101257324e-01
3.000000000000000000e+00 7.484171390533447266e-01
4.000000000000000000e+00 6.574141979217529297e-01
5.000000000000000000e+00 5.771273970603942871e-01
6.000000000000000000e+00 5.041794776916503906e-01
7.000000000000000000e+00 4.373012483119964600e-01
8.000000000000000000e+00 3.754129111766815186e-01
9.000000000000000000e+00 3.176963925361633301e-01
1.000000000000000000e+01 2.638054192066192627e-01
1.100000000000000000e+01 2.131620645523071289e-01
1.200000000000000000e+01 1.660204380750656128e-01
1.300000000000000000e+01 1.217771470546722412e-01
1.400000000000000000e+01 8.026060461997985840e-02
1.500000000000000000e+01 4.132543876767158508e-02
1.600000000000000000e+01 5.187816452234983444e-03
1.700000000000000000e+01 -2.809692919254302979e-02
1.800000000000000000e+01 -5.881286785006523132e-02
1.900000000000000000e+01 -8.631895482540130615e-02
2.000000000000000000e+01 -1.106988936662673950e-01
2.100000000000000000e+01 -1.320484131574630737e-01
2.200000000000000000e+01 -1.499340534210205078e-01
2.300000000000000000e+01 -1.646293848752975464e-01
2.400000000000000000e+01 -1.764318794012069702e-01
2.500000000000000000e+01 -1.852627396583557129e-01
2.600000000000000000e+01 -1.911633312702178955e-01
2.700000000000000000e+01 -1.942484825849533081e-01
2.800000000000000000e+01 -1.950209438800811768e-01
2.900000000000000000e+01 -1.934739351272583008e-01
3.000000000000000000e+01 -1.895946711301803589e-01
3.100000000000000000e+01 -1.839293092489242554e-01
3.200000000000000000e+01 -1.769017279148101807e-01
3.300000000000000000e+01 -1.682045459747314453e-01
3.400000000000000000e+01 -1.587351709604263306e-01
3.500000000000000000e+01 -1.483380198478698730e-01
3.600000000000000000e+01 -1.371732503175735474e-01
3.700000000000000000e+01 -1.256154030561447144e-01
3.800000000000000000e+01 -1.139737218618392944e-01
3.900000000000000000e+01 -1.020009070634841919e-01
4.000000000000000000e+01 -9.085085988044738770e-02
4.100000000000000000e+01 -8.000047504901885986e-02
4.200000000000000000e+01 -6.946271657943725586e-02
4.300000000000000000e+01 -5.921800807118415833e-02
4.400000000000000000e+01 -4.954469203948974609e-02
4.500000000000000000e+01 -3.998733684420585632e-02
4.600000000000000000e+01 -3.086073696613311768e-02
4.700000000000000000e+01 -2.227898873388767242e-02
4.800000000000000000e+01 -1.427534222602844238e-02
4.900000000000000000e+01 -6.556955166161060333e-03
5.000000000000000000e+01 3.262596728745847940e-04
5.100000000000000000e+01 7.080917712301015854e-03
5.200000000000000000e+01 1.320868916809558868e-02
5.300000000000000000e+01 1.853548549115657806e-02
5.400000000000000000e+01 2.330895885825157166e-02
5.500000000000000000e+01 2.730892226099967957e-02
5.600000000000000000e+01 3.102323971688747406e-02
5.700000000000000000e+01 3.355329483747482300e-02
5.800000000000000000e+01 3.550214320421218872e-02
5.900000000000000000e+01 3.644200041890144348e-02
6.000000000000000000e+01 3.717567771673202515e-02
6.100000000000000000e+01 3.708636760711669922e-02
6.200000000000000000e+01 3.694388642907142639e-02
6.300000000000000000e+01 3.589256107807159424e-02
6.400000000000000000e+01 3.485629707574844360e-02
6.500000000000000000e+01 3.324404731392860413e-02
6.600000000000000000e+01 3.187960013747215271e-02
6.700000000000000000e+01 3.050266578793525696e-02
6.800000000000000000e+01 2.896804735064506531e-02
6.900000000000000000e+01 2.744897082448005676e-02
7.000000000000000000e+01 2.579755336046218872e-02
7.100000000000000000e+01 2.394430153071880341e-02
7.200000000000000000e+01 2.185670845210552216e-02
7.300000000000000000e+01 2.001490443944931030e-02
7.400000000000000000e+01 1.748417876660823822e-02
7.500000000000000000e+01 1.436679158359766006e-02
7.600000000000000000e+01 1.174403820186853409e-02
7.700000000000000000e+01 9.165171533823013306e-03
7.800000000000000000e+01 6.743106991052627563e-03
7.900000000000000000e+01 4.488945007324218750e-03
8.000000000000000000e+01 2.426089486107230186e-03
8.100000000000000000e+01 8.055719663389027119e-04
8.200000000000000000e+01 -5.823532119393348694e-04
8.300000000000000000e+01 -2.562111709266901016e-03
8.400000000000000000e+01 -4.015330690890550613e-03
8.500000000000000000e+01 -5.943791475147008896e-03
8.600000000000000000e+01 -7.257963530719280243e-03
8.700000000000000000e+01 -8.825640194118022919e-03
8.800000000000000000e+01 -1.087800972163677216e-02
8.900000000000000000e+01 -1.323172170668840408e-02
9.000000000000000000e+01 -1.633158698678016663e-02
9.100000000000000000e+01 -1.829838007688522339e-02
9.200000000000000000e+01 -1.986676454544067383e-02
9.300000000000000000e+01 -2.273868583142757416e-02
9.400000000000000000e+01 -2.393571659922599792e-02
9.500000000000000000e+01 -2.399073541164398193e-02
9.600000000000000000e+01 -2.345472387969493866e-02
9.700000000000000000e+01 -2.352962829172611237e-02
9.800000000000000000e+01 -2.252557687461376190e-02
9.900000000000000000e+01 -2.253459766507148743e-02
