1.000000000000000000e+00 1.000000000000000000e+00
2.000000000000000000e+00 8.703113198280334473e-01
3.000000000000000000e+00 7.711663246154785156e-01
4.000000000000000000e+00 6.869642734527587891e-01
5.000000000000000000e+00 6.115950942039489746e-01
6.000000000000000000e+00 5.425927639007568359e-01
7.000000000000000000e+00 4.781205058097839355e-01
8.000000000000000000e+00 4.175030291080474854e-01
9.000000000000000000e+00 3.602744936943054199e-01
1.000000000000000000e+01 3.062217533588409424e-01
1.100000000000000000e+01 2.547973096370697021e-01
1.200000000000000000e+01 2.056469321250915527e-01
1.300000000000000000e+01 1.590169370174407959e-01
1.400000000000000000e+01 1.145609766244888306e-01
1.500000000000000000e+01 7.208006829023361206e-02
1.600000000000000000e+01 3.202071413397789001e-02
1.700000000000000000e+01 -5.833080504089593887e-03
1.800000000000000000e+01 -4.093351215124130249e-02
1.900000000000000000e+01 -7.338597625494003296e-02
2.000000000000000000e+01 -1.030424013733863831e-01
2.100000000000000000e+01 -1.292374581098556519e-01
2.200000000000000000e+01 -1.522006541490554810e-01
2.300000000000000000e+01 -1.716899126768112183e-01
2.400000000000000000e+01 -1.877555102109909058e-01
2.500000000000000000e+01 -2.010466158390045166e-01
2.600000000000000000e+01 -2.111165523529052734e-01
2.700000000000000000e+01 -2.182183861732482910e-01
2.800000000000000000e+01 -2.222966104745864868e-01
2.900000000000000000e+01 -2.235290110111236572e-01
3.000000000000000000e+01 -2.225974053144454956e-01
3.100000000000000000e+01 -2.198024243116378784e-01
3.200000000000000000e+01 -2.149306982755661011e-01
3.300000000000000000e+01 -2.081632912158966064e-01
3.400000000000000000e+01 -1.998844146728515625e-01
3.500000000000000000e+01 -1.904707103967666626e-01
3.600000000000000000e+01 -1.795691102743148804e-01
3.700000000000000000e+01 -1.677834391593933105e-01
3.800000000000000000e+01 -1.557812690734863281e-01
3.900000000000000000e+01 -1.430823653936386108e-01
4.000000000000000000e+01 -1.302880197763442993e-01
4.100000000000000000e+01 -1.168976277112960815e-01
4.200000000000000000e+01 -1.038027554750442505e-01
4.300000000000000000e+01 -9.082637727260589600e-02
4.400000000000000000e+01 -7.809566706418991089e-02
4.500000000000000000e+01 -6.610044091939926147e-02
4.600000000000000000e+01 -5.456063151359558105e-02
4.700000000000000000e+01 -4.366086050868034363e-02
4.800000000000000000e+01 -3.315873071551322937e-02
4.900000000000000000e+01 -2.350822277367115021e-02
5.000000000000000000e+01 -1.426865067332983017e-02
5.100000000000000000e+01 -5.718554370105266571e-03
5.200000000000000000e+01 2.108961110934615135e-03
5.300000000000000000e+01 9.017120115458965302e-03
5.400000000000000000e+01 1.558793801814317703e-02
5.500000000000000000e+01 2.140529267489910126e-02
5.600000000000000000e+01 2.676657401025295258e-02
5.700000000000000000e+01 3.097126632928848267e-02
5.800000000000000000e+01 3.485880047082901001e-02
5.900000000000000000e+01 3.853224590420722961e-02
6.000000000000000000e+01 4.164846986532211304e-02
6.100000000000000000e+01 4.416748136281967163e-02
6.200000000000000000e+01 4.575536400079727173e-02
6.300000000000000000e+01 4.723569378256797791e-02
6.400000000000000000e+01 4.783819243311882019e-02
6.500000000000000000e+01 4.826759546995162964e-02
6.600000000000000000e+01 4.767548292875289917e-02
6.700000000000000000e+01 4.625082015991210938e-02
6.800000000000000000e+01 4.495988786220550537e-02
6.900000000000000000e+01 4.295495525002479553e-02
7.000000000000000000e+01 4.071516916155815125e-02
7.100000000000000000e+01 3.834606707096099854e-02
7.200000000000000000e+01 3.563936054706573486e-02
7.300000000000000000e+01 3.275885805487632751e-02
7.400000000000000000e+01 2.997714094817638397e-02
7.500000000000000000e+01 2.761760726571083069e-02
7.600000000000000000e+01 2.555422484874725342e-02
7.700000000000000000e+01 2.265091985464096069e-02
7.800000000000000000e+01 1.932256296277046204e-02
7.900000000000000000e+01 1.625143550336360931e-02
8.000000000000000000e+01 1.351923495531082153e-02
8.100000000000000000e+01 1.125624869018793106e-02
8.200000000000000000e+01 9.121233597397804260e-03
8.300000000000000000e+01 6.700606085360050201e-03
8.400000000000000000e+01 4.418573342263698578e-03
8.500000000000000000e+01 2.497609006240963936e-03
8.600000000000000000e+01 9.726540884003043175e-04
8.700000000000000000e+01 3.161779313813894987e-04
8.800000000000000000e+01 -7.888940745033323765e-04
8.900000000000000000e+01 -1.628007623367011547e-03
9.000000000000000000e+01 -2.041951287537813187e-03
9.100000000000000000e+01 -3.199541708454489708e-03
9.200000000000000000e+01 -5.024426151067018509e-03
9.300000000000000000e+01 -5.884355865418910980e-03
9.400000000000000000e+01 -6.406528875231742859e-03
9.500000000000000000e+01 -7.652737200260162354e-03
9.600000000000000000e+01 -8.720073848962783813e-03
9.700000000000000000e+01 -1.096213143318891525e-02
9.800000000000000000e+01 -1.442856062203645706e-02
9.900000000000000000e+01 -1.471842266619205475e-02
