1.000000000000000000e+00 1.000000000000000000e+00
2.000000000000000000e+00 8.438669443130493164e-01
3.000000000000000000e+00 7.267841696739196777e-01
4.000000000000000000e+00 6.292307972908020020e-01
5.000000000000000000e+00 5.444282293319702148e-01
6.000000000000000000e+00 4.685860872268676758e-01
7.000000000000000000e+00 4.002622961997985840e-01
8.000000000000000000e+00 3.375680446624755859e-01
9.000000000000000000e+00 2.802421152591705322e-01
1.000000000000000000e+01 2.275077104568481445e-01
1.100000000000000000e+01 1.785607784986495972e-01
1.200000000000000000e+01 1.332098096609115601e-01
1.300000000000000000e+01 9.166968613862991333e-02
1.400000000000000000e+01 5.342053622007369995e-02
1.500000000000000000e+01 1.808986999094486237e-02
1.600000000000000000e+01 -1.427791360765695572e-02
1.700000000000000000e+01 -4.333915561437606812e-02
1.800000000000000000e+01 -6.881739199161529541e-02
1.900000000000000000e+01 -9.141770750284194946e-02
2.000000000000000000e+01 -1.108194366097450256e-01
2.100000000000000000e+01 -1.267169415950775146e-01
2.200000000000000000e+01 -1.397777646780014038e-01
2.300000000000000000e+01 -1.497552245855331421e-01
2.400000000000000000e+01 -1.570822298526763916e-01
2.500000000000000000e+01 -1.616491526365280151e-01
2.600000000000000000e+01 -1.637370586395263672e-01
2.700000000000000000e+01 -1.638481616973876953e-01
2.800000000000000000e+01 -1.618610620498657227e-01
2.900000000000000000e+01 -1.579403877258300781e-01
3.000000000000000000e+01 -1.529552191495895386e-01
3.100000000000000000e+01 -1.464201807975769043e-01
3.200000000000000000e+01 -1.390274763107299805e-01
3.300000000000000000e+01 -1.308125257492065430e-01
3.400000000000000000e+01 -1.218733265995979309e-01
3.500000000000000000e+01 -1.127014085650444031e-01
3.600000000000000000e+01 -1.036681607365608215e-01
3.700000000000000000e+01 -9.410785883665084839e-02
3.800000000000000000e+01 -8.439232409000396729e-02
3.900000000000000000e+01 -7.493955641984939575e-02
4.000000000000000000e+01 -6.619130074977874756e-02
4.100000000000000000e+01 -5.723330378532409668e-02
4.200000000000000000e+01 -4.842256009578704834e-02
4.300000000000000000e+01 -4.028067737817764282e-02
4.400000000000000000e+01 -3.236819431185722351e-02
4.500000000000000000e+01 -2.463754266500473022e-02
4.600000000000000000e+01 -1.741362735629081726e-02
4.700000000000000000e+01 -1.065075676888227463e-02
4.800000000000000000e+01 -4.550661426037549973e-03
4.900000000000000000e+01 1.465480076149106026e-03
5.000000000000000000e+01 6.583822425454854965e-03
5.100000000000000000e+01 1.104549691081047058e-02
5.200000000000000000e+01 1.504288613796234131e-02
5.300000000000000000e+01 1.842794194817543030e-02
5.400000000000000000e+01 2.151744440197944641e-02
5.500000000000000000e+01 2.411537989974021912e-02
5.600000000000000000e+01 2.604261040687561035e-02
5.700000000000000000e+01 2.767061442136764526e-02
5.800000000000000000e+01 2.870476059615612030e-02
5.900000000000000000e+01 2.958111278712749481e-02
6.000000000000000000e+01 3.016299381852149963e-02
6.100000000000000000e+01 3.052099980413913727e-02
6.200000000000000000e+01 3.075434826314449310e-02
6.300000000000000000e+01 3.046698682010173798e-02
6.400000000000000000e+01 2.951703406870365143e-02
6.500000000000000000e+01 2.859340049326419830e-02
6.600000000000000000e+01 2.766818180680274963e-02
6.700000000000000000e+01 2.616282738745212555e-02
6.800000000000000000e+01 2.432817406952381134e-02
6.900000000000000000e+01 2.245843410491943359e-02
7.000000000000000000e+01 2.025248296558856964e-02
7.100000000000000000e+01 1.768340915441513062e-02
7.200000000000000000e+01 1.550062373280525208e-02
7.300000000000000000e+01 1.315334625542163849e-02
7.400000000000000000e+01 1.050007157027721405e-02
7.500000000000000000e+01 7.916978560388088226e-03
7.600000000000000000e+01 5.372830200940370560e-03
7.700000000000000000e+01 2.618761267513036728e-03
7.800000000000000000e+01 6.323279230855405331e-04
7.900000000000000000e+01 -1.469515496864914894e-03
8.000000000000000000e+01 -4.526577424257993698e-03
8.100000000000000000e+01 -7.780420128256082535e-03
8.200000000000000000e+01 -9.841370396316051483e-03
8.300000000000000000e+01 -1.072604674845933914e-02
8.400000000000000000e+01 -1.108515448868274689e-02
8.500000000000000000e+01 -1.190990209579467773e-02
8.600000000000000000e+01 -1.265208981931209564e-02
8.700000000000000000e+01 -1.348842494189739227e-02
8.800000000000000000e+01 -1.374455448240041733e-02
8.900000000000000000e+01 -1.388173084706068039e-02
9.000000000000000000e+01 -1.392028573900461197e-02
9.100000000000000000e+01 -1.410317514091730118e-02
9.200000000000000000e+01 -1.505489833652973175e-02
9.300000000000000000e+01 -1.428964640945196152e-02
9.400000000000000000e+01 -1.579077169299125671e-02
9.500000000000000000e+01 -1.569768413901329041e-02
9.600000000000000000e+01 -1.671278104186058044e-02
9.700000000000000000e+01 -1.710069738328456879e-02
9.800000000000000000e+01 -1.855693385004997253e-02
9.900000000000000000e+01 -1.738918013870716095e-02
