1.000000000000000000e+00 1.000000000000000000e+00
2.000000000000000000e+00 8.736498355865478516e-01
3.000000000000000000e+00 7.769703269004821777e-01
4.000000000000000000e+00 6.947914958000183105e-01
5.000000000000000000e+00 6.207815408706665039e-01
6.000000000000000000e+00 5.525246858596801758e-01
7.000000000000000000e+00 4.892669022083282471e-01
8.000000000000000000e+00 4.292337000370025635e-01
9.000000000000000000e+00 3.723924756050109863e-01
1.000000000000000000e+01 3.183587491512298584e-01
1.100000000000000000e+01 2.667621076107025146e-01
1.200000000000000000e+01 2.175126969814300537e-01
1.300000000000000000e+01 1.700448840856552124e-01
1.400000000000000000e+01 1.246437802910804749e-01
1.500000000000000000e+01 8.092484623193740845e-02
1.600000000000000000e+01 3.959663957357406616e-02
1.700000000000000000e+01 8.527573663741350174e-04
1.800000000000000000e+01 -3.526205569505691528e-02
1.900000000000000000e+01 -6.912469863891601562e-02
2.000000000000000000e+01 -1.000698581337928772e-01
2.100000000000000000e+01 -1.276931911706924438e-01
2.200000000000000000e+01 -1.524080783128738403e-01
2.300000000000000000e+01 -1.738228797912597656e-01
2.400000000000000000e+01 -1.918514072895050049e-01
2.500000000000000000e+01 -2.064075767993927002e-01
2.600000000000000000e+01 -2.178101092576980591e-01
2.700000000000000000e+01 -2.262645661830902100e-01
2.800000000000000000e+01 -2.314657419919967651e-01
2.900000000000000000e+01 -2.339591532945632935e-01
3.000000000000000000e+01 -2.341102957725524902e-01
3.100000000000000000e+01 -2.317148149013519287e-01
3.200000000000000000e+01 -2.271779924631118774e-01
3.300000000000000000e+01 -2.206950634717941284e-01
3.400000000000000000e+01 -2.126102894544601440e-01
3.500000000000000000e+01 -2.029696851968765259e-01
3.600000000000000000e+01 -1.921296417713165283e-01
3.700000000000000000e+01 -1.806639283895492554e-01
3.800000000000000000e+01 -1.685776263475418091e-01
3.900000000000000000e+01 -1.560256630182266235e-01
4.000000000000000000e+01 -1.428795009851455688e-01
4.100000000000000000e+01 -1.293154805898666382e-01
4.200000000000000000e+01 -1.158007457852363586e-01
4.300000000000000000e+01 -1.022852361202239990e-01
4.400000000000000000e+01 -8.904684334993362427e-02
4.500000000000000000e+01 -7.602395862340927124e-02
4.600000000000000000e+01 -6.348726898431777954e-02
4.700000000000000000e+01 -5.099012702703475952e-02
4.800000000000000000e+01 -3.930702805519104004e-02
4.900000000000000000e+01 -2.821223624050617218e-02
5.000000000000000000e+01 -1.800456456840038300e-02
5.100000000000000000e+01 -8.463293313980102539e-03
5.200000000000000000e+01 3.819297999143600464e-04
5.300000000000000000e+01 8.214509114623069763e-03
5.400000000000000000e+01 1.582624576985836029e-02
5.500000000000000000e+01 2.245554141700267792e-02
5.600000000000000000e+01 2.845187671482563019e-02
5.700000000000000000e+01 3.318176418542861938e-02
5.800000000000000000e+01 3.774887323379516602e-02
5.900000000000000000e+01 4.167440533638000488e-02
6.000000000000000000e+01 4.511949047446250916e-02
6.100000000000000000e+01 4.820262268185615540e-02
6.200000000000000000e+01 5.024688690900802612e-02
6.300000000000000000e+01 5.179340392351150513e-02
6.400000000000000000e+01 5.258771404623985291e-02
6.500000000000000000e+01 5.317904800176620483e-02
6.600000000000000000e+01 5.293096229434013367e-02
6.700000000000000000e+01 5.276485905051231384e-02
6.800000000000000000e+01 5.184314399957656860e-02
6.900000000000000000e+01 5.039949715137481689e-02
7.000000000000000000e+01 4.848721250891685486e-02
7.100000000000000000e+01 4.612098261713981628e-02
7.200000000000000000e+01 4.321037605404853821e-02
7.300000000000000000e+01 4.047860950231552124e-02
7.400000000000000000e+01 3.768528252840042114e-02
7.500000000000000000e+01 3.500115126371383667e-02
7.600000000000000000e+01 3.233465179800987244e-02
7.700000000000000000e+01 2.855760604143142700e-02
7.800000000000000000e+01 2.489151060581207275e-02
7.900000000000000000e+01 2.147065103054046631e-02
8.000000000000000000e+01 1.794374175369739532e-02
8.100000000000000000e+01 1.537126488983631134e-02
8.200000000000000000e+01 1.327129267156124115e-02
8.300000000000000000e+01 1.229063514620065689e-02
8.400000000000000000e+01 1.050236914306879044e-02
8.500000000000000000e+01 9.100623428821563721e-03
8.600000000000000000e+01 8.027580566704273224e-03
8.700000000000000000e+01 7.554554846137762070e-03
8.800000000000000000e+01 6.548705510795116425e-03
8.900000000000000000e+01 4.634472075849771500e-03
9.000000000000000000e+01 3.075154731050133705e-03
9.100000000000000000e+01 1.105406903661787510e-03
9.200000000000000000e+01 -7.601409452036023140e-04
9.300000000000000000e+01 -2.140302443876862526e-03
9.400000000000000000e+01 -3.851879620924592018e-03
9.500000000000000000e+01 -4.279453773051500320e-03
9.600000000000000000e+01 -5.070117767900228500e-03
9.700000000000000000e+01 -6.685593165457248688e-03
9.800000000000000000e+01 -9.098661132156848907e-03
9.900000000000000000e+01 -9.702031500637531281e-03
