1.000000000000000000e+00 1.000000000000000000e+00
2.000000000000000000e+00 8.770614266395568848e-01
3.000000000000000000e+00 7.829988002777099609e-01
4.000000000000000000e+00 7.020577788352966309e-01
5.000000000000000000e+00 6.293364167213439941e-01
6.000000000000000000e+00 5.619602203369140625e-01
7.000000000000000000e+00 4.988700449466705322e-01
8.000000000000000000e+00 4.397179186344146729e-01
9.000000000000000000e+00 3.834080994129180908e-01
1.000000000000000000e+01 3.296712338924407959e-01
1.100000000000000000e+01 2.779525220394134521e-01
1.200000000000000000e+01 2.281277626752853394e-01
1.300000000000000000e+01 1.801572442054748535e-01
1.400000000000000000e+01 1.345333307981491089e-01
1.500000000000000000e+01 9.065190702676773071e-02
1.600000000000000000e+01 4.856448993086814880e-02
1.700000000000000000e+01 8.800974115729331970e-03
1.800000000000000000e+01 -2.831381559371948242e-02
1.900000000000000000e+01 -6.306482106447219849e-02
2.000000000000000000e+01 -9.500648826360702515e-02
2.100000000000000000e+01 -1.240741759538650513e-01
2.200000000000000000e+01 -1.501315236091613770e-01
2.300000000000000000e+01 -1.731689870357513428e-01
2.400000000000000000e+01 -1.929164081811904907e-01
2.500000000000000000e+01 -2.090047001838684082e-01
2.600000000000000000e+01 -2.220633029937744141e-01
2.700000000000000000e+01 -2.318456470966339111e-01
2.800000000000000000e+01 -2.386142760515213013e-01
2.900000000000000000e+01 -2.426515668630599976e-01
3.000000000000000000e+01 -2.440424114465713501e-01
3.100000000000000000e+01 -2.426383942365646362e-01
3.200000000000000000e+01 -2.385928928852081299e-01
3.300000000000000000e+01 -2.324411869049072266e-01
3.400000000000000000e+01 -2.243978977203369141e-01
3.500000000000000000e+01 -2.148378193378448486e-01
3.600000000000000000e+01 -2.042120993137359619e-01
3.700000000000000000e+01 -1.925778985023498535e-01
3.800000000000000000e+01 -1.801025867462158203e-01
3.900000000000000000e+01 -1.671810597181320190e-01
4.000000000000000000e+01 -1.539495736360549927e-01
4.100000000000000000e+01 -1.400244683027267456e-01
4.200000000000000000e+01 -1.263463795185089111e-01
4.300000000000000000e+01 -1.129218190908432007e-01
4.400000000000000000e+01 -9.960450232028961182e-02
4.500000000000000000e+01 -8.645300567150115967e-02
4.600000000000000000e+01 -7.364852726459503174e-02
4.700000000000000000e+01 -6.143897771835327148e-02
4.800000000000000000e+01 -4.986507445573806763e-02
4.900000000000000000e+01 -3.892645984888076782e-02
5.000000000000000000e+01 -2.849731966853141785e-02
5.100000000000000000e+01 -1.861166954040527344e-02
5.200000000000000000e+01 -9.516297839581966400e-03
5.300000000000000000e+01 -1.045546727254986763e-03
5.400000000000000000e+01 6.644622422754764557e-03
5.500000000000000000e+01 1.334323268383741379e-02
5.600000000000000000e+01 2.002003602683544159e-02
5.700000000000000000e+01 2.618228457868099213e-02
5.800000000000000000e+01 3.186713159084320068e-02
5.900000000000000000e+01 3.700238838791847229e-02
6.000000000000000000e+01 4.185704514384269714e-02
6.100000000000000000e+01 4.570687189698219299e-02
6.200000000000000000e+01 4.883236438035964966e-02
6.300000000000000000e+01 5.104263871908187866e-02
6.400000000000000000e+01 5.294054746627807617e-02
6.500000000000000000e+01 5.369316041469573975e-02
6.600000000000000000e+01 5.443454533815383911e-02
6.700000000000000000e+01 5.442351847887039185e-02
6.800000000000000000e+01 5.362020432949066162e-02
6.900000000000000000e+01 5.211639776825904846e-02
7.000000000000000000e+01 5.066667869687080383e-02
7.100000000000000000e+01 4.883360490202903748e-02
7.200000000000000000e+01 4.711052775382995605e-02
7.300000000000000000e+01 4.513468593358993530e-02
7.400000000000000000e+01 4.215436428785324097e-02
7.500000000000000000e+01 3.935318440198898315e-02
7.600000000000000000e+01 3.701819106936454773e-02
7.700000000000000000e+01 3.489074110984802246e-02
7.800000000000000000e+01 3.292771428823471069e-02
7.900000000000000000e+01 3.015927597880363464e-02
8.000000000000000000e+01 2.714672498404979706e-02
8.100000000000000000e+01 2.472775056958198547e-02
8.200000000000000000e+01 2.250120975077152252e-02
8.300000000000000000e+01 2.028594911098480225e-02
8.400000000000000000e+01 1.738602481782436371e-02
8.500000000000000000e+01 1.430263370275497437e-02
8.600000000000000000e+01 1.226683985441923141e-02
8.700000000000000000e+01 1.044897269457578659e-02
8.800000000000000000e+01 8.947932161390781403e-03
8.900000000000000000e+01 8.603923954069614410e-03
9.000000000000000000e+01 7.637886796146631241e-03
9.100000000000000000e+01 6.728449370712041855e-03
9.200000000000000000e+01 5.765295121818780899e-03
9.300000000000000000e+01 5.005766171962022781e-03
9.400000000000000000e+01 4.576630424708127975e-03
9.500000000000000000e+01 3.579024923965334892e-03
9.600000000000000000e+01 2.961575752124190331e-03
9.700000000000000000e+01 4.235443659126758575e-03
9.800000000000000000e+01 4.696912132203578949e-03
9.900000000000000000e+01 4.425670951604843140e-03
