1.000000000000000000e+00 1.000000000000000000e+00
2.000000000000000000e+00 8.782821297645568848e-01
3.000000000000000000e+00 7.852873802185058594e-01
4.000000000000000000e+00 7.053946852684020996e-01
5.000000000000000000e+00 6.331159472465515137e-01
6.000000000000000000e+00 5.659600496292114258e-01
7.000000000000000000e+00 5.029405355453491211e-01
8.000000000000000000e+00 4.436935186386108398e-01
9.000000000000000000e+00 3.877664804458618164e-01
1.000000000000000000e+01 3.338052332401275635e-01
1.100000000000000000e+01 2.818921804428100586e-01
1.200000000000000000e+01 2.318295687437057495e-01
1.300000000000000000e+01 1.836359798908233643e-01
1.400000000000000000e+01 1.374215185642242432e-01
1.500000000000000000e+01 9.283445775508880615e-02
1.600000000000000000e+01 5.045991763472557068e-02
1.700000000000000000e+01 1.015535090118646622e-02
1.800000000000000000e+01 -2.780495770275592804e-02
1.900000000000000000e+01 -6.335511803627014160e-02
2.000000000000000000e+01 -9.599451720714569092e-02
2.100000000000000000e+01 -1.254806071519851685e-01
2.200000000000000000e+01 -1.517949104309082031e-01
2.300000000000000000e+01 -1.748508065938949585e-01
2.400000000000000000e+01 -1.946451365947723389e-01
2.500000000000000000e+01 -2.109436839818954468e-01
2.600000000000000000e+01 -2.242840975522994995e-01
2.700000000000000000e+01 -2.344981878995895386e-01
2.800000000000000000e+01 -2.419894635677337646e-01
2.900000000000000000e+01 -2.463226318359375000e-01
3.000000000000000000e+01 -2.476587146520614624e-01
3.100000000000000000e+01 -2.467672973871231079e-01
3.200000000000000000e+01 -2.429172992706298828e-01
3.300000000000000000e+01 -2.367432266473770142e-01
3.400000000000000000e+01 -2.285681366920471191e-01
3.500000000000000000e+01 -2.186903655529022217e-01
3.600000000000000000e+01 -2.078797072172164917e-01
3.700000000000000000e+01 -1.960819512605667114e-01
3.800000000000000000e+01 -1.834059059619903564e-01
3.900000000000000000e+01 -1.703336089849472046e-01
4.000000000000000000e+01 -1.565915942192077637e-01
4.100000000000000000e+01 -1.428170502185821533e-01
4.200000000000000000e+01 -1.293376535177230835e-01
4.300000000000000000e+01 -1.162661537528038025e-01
4.400000000000000000e+01 -1.038060486316680908e-01
4.500000000000000000e+01 -9.099251031875610352e-02
4.600000000000000000e+01 -7.831888645887374878e-02
4.700000000000000000e+01 -6.620091199874877930e-02
4.800000000000000000e+01 -5.414283648133277893e-02
4.900000000000000000e+01 -4.257475957274436951e-02
5.000000000000000000e+01 -3.144023939967155457e-02
5.100000000000000000e+01 -2.109675668179988861e-02
5.200000000000000000e+01 -1.106493733823299408e-02
5.300000000000000000e+01 -1.903079799376428127e-03
5.400000000000000000e+01 6.629672367125749588e-03
5.500000000000000000e+01 1.427067071199417114e-02
5.600000000000000000e+01 2.091669850051403046e-02
5.700000000000000000e+01 2.725017815828323364e-02
5.800000000000000000e+01 3.291422873735427856e-02
5.900000000000000000e+01 3.806125000119209290e-02
6.000000000000000000e+01 4.240142181515693665e-02
6.100000000000000000e+01 4.615145549178123474e-02
6.200000000000000000e+01 4.930997267365455627e-02
6.300000000000000000e+01 5.193296447396278381e-02
6.400000000000000000e+01 5.372400954365730286e-02
6.500000000000000000e+01 5.454414337873458862e-02
6.600000000000000000e+01 5.491885542869567871e-02
6.700000000000000000e+01 5.460881441831588745e-02
6.800000000000000000e+01 5.440023913979530334e-02
6.900000000000000000e+01 5.401023849844932556e-02
7.000000000000000000e+01 5.293956026434898376e-02
7.100000000000000000e+01 5.171145498752593994e-02
7.200000000000000000e+01 4.984661936759948730e-02
7.300000000000000000e+01 4.801888391375541687e-02
7.400000000000000000e+01 4.559951648116111755e-02
7.500000000000000000e+01 4.268479347229003906e-02
7.600000000000000000e+01 3.979780524969100952e-02
7.700000000000000000e+01 3.686847165226936340e-02
7.800000000000000000e+01 3.399445861577987671e-02
7.900000000000000000e+01 3.120617382228374481e-02
8.000000000000000000e+01 2.846722118556499481e-02
8.100000000000000000e+01 2.624624595046043396e-02
8.200000000000000000e+01 2.453270740807056427e-02
8.300000000000000000e+01 2.289416082203388214e-02
8.400000000000000000e+01 2.130059339106082916e-02
8.500000000000000000e+01 2.005536854267120361e-02
8.600000000000000000e+01 1.879677735269069672e-02
8.700000000000000000e+01 1.662983745336532593e-02
8.800000000000000000e+01 1.455592829734086990e-02
8.900000000000000000e+01 1.208301912993192673e-02
9.000000000000000000e+01 9.900134988129138947e-03
9.100000000000000000e+01 8.615522645413875580e-03
9.200000000000000000e+01 6.744455080479383469e-03
9.300000000000000000e+01 5.365330725908279419e-03
9.400000000000000000e+01 4.660970531404018402e-03
9.500000000000000000e+01 5.215275101363658905e-03
9.600000000000000000e+01 5.071286112070083618e-03
9.700000000000000000e+01 3.909907303750514984e-03
9.800000000000000000e+01 3.227171255275607109e-03
9.900000000000000000e+01 3.743248060345649719e-03
