1.000000000000000000e+00 1.000000000000000000e+00
2.000000000000000000e+00 8.774265050888061523e-01
3.000000000000000000e+00 7.832368612289428711e-01
4.000000000000000000e+00 7.024583816528320312e-01
5.000000000000000000e+00 6.298153996467590332e-01
6.000000000000000000e+00 5.625406503677368164e-01
7.000000000000000000e+00 4.996449351310729980e-01
8.000000000000000000e+00 4.404557645320892334e-01
9.000000000000000000e+00 3.841200470924377441e-01
1.000000000000000000e+01 3.303839564323425293e-01
1.100000000000000000e+01 2.786560952663421631e-01
1.200000000000000000e+01 2.291434109210968018e-01
1.300000000000000000e+01 1.814328581094741821e-01
1.400000000000000000e+01 1.355245858430862427e-01
1.500000000000000000e+01 9.154273569583892822e-02
1.600000000000000000e+01 4.951635375618934631e-02
1.700000000000000000e+01 9.815827012062072754e-03
1.800000000000000000e+01 -2.730439789593219757e-02
1.900000000000000000e+01 -6.186325103044509888e-02
2.000000000000000000e+01 -9.397591650485992432e-02
2.100000000000000000e+01 -1.231809407472610474e-01
2.200000000000000000e+01 -1.492876559495925903e-01
2.300000000000000000e+01 -1.722299307584762573e-01
2.400000000000000000e+01 -1.917661130428314209e-01
2.500000000000000000e+01 -2.080121636390686035e-01
2.600000000000000000e+01 -2.211559712886810303e-01
2.700000000000000000e+01 -2.307880967855453491e-01
2.800000000000000000e+01 -2.378523498773574829e-01
2.900000000000000000e+01 -2.418116927146911621e-01
3.000000000000000000e+01 -2.430442720651626587e-01
3.100000000000000000e+01 -2.414072602987289429e-01
3.200000000000000000e+01 -2.376653254032135010e-01
3.300000000000000000e+01 -2.318821549415588379e-01
3.400000000000000000e+01 -2.239363044500350952e-01
3.500000000000000000e+01 -2.147276997566223145e-01
3.600000000000000000e+01 -2.045425772666931152e-01
3.700000000000000000e+01 -1.930604130029678345e-01
3.800000000000000000e+01 -1.807221770286560059e-01
3.900000000000000000e+01 -1.676600426435470581e-01
4.000000000000000000e+01 -1.543444395065307617e-01
4.100000000000000000e+01 -1.411439627408981323e-01
4.200000000000000000e+01 -1.275878101587295532e-01
4.300000000000000000e+01 -1.141498014330863953e-01
4.400000000000000000e+01 -1.010315492749214172e-01
4.500000000000000000e+01 -8.827702701091766357e-02
4.600000000000000000e+01 -7.611267268657684326e-02
4.700000000000000000e+01 -6.439445912837982178e-02
4.800000000000000000e+01 -5.318716540932655334e-02
4.900000000000000000e+01 -4.248625412583351135e-02
5.000000000000000000e+01 -3.191232681274414062e-02
5.100000000000000000e+01 -2.176569774746894836e-02
5.200000000000000000e+01 -1.212212909013032913e-02
5.300000000000000000e+01 -3.232977353036403656e-03
5.400000000000000000e+01 5.047695711255073547e-03
5.500000000000000000e+01 1.263319328427314758e-02
5.600000000000000000e+01 1.938111148774623871e-02
5.700000000000000000e+01 2.544756233692169189e-02
5.800000000000000000e+01 3.098250739276409149e-02
5.900000000000000000e+01 3.607440367341041565e-02
6.000000000000000000e+01 4.034562781453132629e-02
6.100000000000000000e+01 4.392406344413757324e-02
6.200000000000000000e+01 4.666451737284660339e-02
6.300000000000000000e+01 4.899576678872108459e-02
6.400000000000000000e+01 5.108387768268585205e-02
6.500000000000000000e+01 5.271590128540992737e-02
6.600000000000000000e+01 5.354397371411323547e-02
6.700000000000000000e+01 5.316005274653434753e-02
6.800000000000000000e+01 5.270995199680328369e-02
6.900000000000000000e+01 5.221036821603775024e-02
7.000000000000000000e+01 5.110560357570648193e-02
7.100000000000000000e+01 4.973084479570388794e-02
7.200000000000000000e+01 4.818157479166984558e-02
7.300000000000000000e+01 4.631139338016510010e-02
7.400000000000000000e+01 4.420679435133934021e-02
7.500000000000000000e+01 4.146718233823776245e-02
7.600000000000000000e+01 3.861641883850097656e-02
7.700000000000000000e+01 3.605378046631813049e-02
7.800000000000000000e+01 3.343106433749198914e-02
7.900000000000000000e+01 3.120316751301288605e-02
8.000000000000000000e+01 2.903068624436855316e-02
8.100000000000000000e+01 2.667274512350559235e-02
8.200000000000000000e+01 2.455500327050685883e-02
8.300000000000000000e+01 2.274264954030513763e-02
8.400000000000000000e+01 2.095920965075492859e-02
8.500000000000000000e+01 1.890447176992893219e-02
8.600000000000000000e+01 1.704185642302036285e-02
8.700000000000000000e+01 1.503352262079715729e-02
8.800000000000000000e+01 1.332560647279024124e-02
8.900000000000000000e+01 1.197244692593812943e-02
9.000000000000000000e+01 1.143624447286128998e-02
9.100000000000000000e+01 9.967463091015815735e-03
9.200000000000000000e+01 8.778881281614303589e-03
9.300000000000000000e+01 6.465141195803880692e-03
9.400000000000000000e+01 4.110734909772872925e-03
9.500000000000000000e+01 2.657459815964102745e-03
9.600000000000000000e+01 2.626843517646193504e-03
9.700000000000000000e+01 9.836490498855710030e-04
9.800000000000000000e+01 -2.627686772029846907e-04
9.900000000000000000e+01 -5.018134135752916336e-03
