1.000000000000000000e+00 1.000000000000000000e+00
2.000000000000000000e+00 8.789474368095397949e-01
3.000000000000000000e+00 7.859066128730773926e-01
4.000000000000000000e+00 7.060390114784240723e-01
5.000000000000000000e+00 6.338738799095153809e-01
6.000000000000000000e+00 5.670844316482543945e-01
7.000000000000000000e+00 5.044569969177246094e-01
8.000000000000000000e+00 4.451996386051177979e-01
9.000000000000000000e+00 3.888237774372100830e-01
1.000000000000000000e+01 3.347371518611907959e-01
1.100000000000000000e+01 2.831446230411529541e-01
1.200000000000000000e+01 2.334453165531158447e-01
1.300000000000000000e+01 1.854074895381927490e-01
1.400000000000000000e+01 1.390329450368881226e-01
1.500000000000000000e+01 9.441188722848892212e-02
1.600000000000000000e+01 5.185902491211891174e-02
1.700000000000000000e+01 1.115396991372108459e-02
1.800000000000000000e+01 -2.728587575256824493e-02
1.900000000000000000e+01 -6.316661089658737183e-02
2.000000000000000000e+01 -9.606247395277023315e-02
2.100000000000000000e+01 -1.261571794748306274e-01
2.200000000000000000e+01 -1.525944322347640991e-01
2.300000000000000000e+01 -1.756515204906463623e-01
2.400000000000000000e+01 -1.954659670591354370e-01
2.500000000000000000e+01 -2.121807783842086792e-01
2.600000000000000000e+01 -2.254154533147811890e-01
2.700000000000000000e+01 -2.359033077955245972e-01
2.800000000000000000e+01 -2.431365400552749634e-01
2.900000000000000000e+01 -2.471568882465362549e-01
3.000000000000000000e+01 -2.482883185148239136e-01
3.100000000000000000e+01 -2.469780445098876953e-01
3.200000000000000000e+01 -2.433978617191314697e-01
3.300000000000000000e+01 -2.376019209623336792e-01
3.400000000000000000e+01 -2.298587709665298462e-01
3.500000000000000000e+01 -2.206142097711563110e-01
3.600000000000000000e+01 -2.099308073520660400e-01
3.700000000000000000e+01 -1.983609497547149658e-01
3.800000000000000000e+01 -1.858472675085067749e-01
3.900000000000000000e+01 -1.729082465171813965e-01
4.000000000000000000e+01 -1.591984182596206665e-01
4.100000000000000000e+01 -1.451385915279388428e-01
4.200000000000000000e+01 -1.311144232749938965e-01
4.300000000000000000e+01 -1.169150173664093018e-01
4.400000000000000000e+01 -1.030124276876449585e-01
4.500000000000000000e+01 -8.931883424520492554e-02
4.600000000000000000e+01 -7.609874010086059570e-02
4.700000000000000000e+01 -6.314641982316970825e-02
4.800000000000000000e+01 -5.097518116235733032e-02
4.900000000000000000e+01 -3.953562676906585693e-02
5.000000000000000000e+01 -2.888365276157855988e-02
5.100000000000000000e+01 -1.899773441255092621e-02
5.200000000000000000e+01 -9.438191540539264679e-03
5.300000000000000000e+01 -8.263984927907586098e-04
5.400000000000000000e+01 7.210576906800270081e-03
5.500000000000000000e+01 1.469211932271718979e-02
5.600000000000000000e+01 2.163095586001873016e-02
5.700000000000000000e+01 2.740793861448764801e-02
5.800000000000000000e+01 3.284418582916259766e-02
5.900000000000000000e+01 3.764570131897926331e-02
6.000000000000000000e+01 4.172720387578010559e-02
6.100000000000000000e+01 4.546907171607017517e-02
6.200000000000000000e+01 4.823650792241096497e-02
6.300000000000000000e+01 5.040575563907623291e-02
6.400000000000000000e+01 5.168471112847328186e-02
6.500000000000000000e+01 5.226527154445648193e-02
6.600000000000000000e+01 5.210181325674057007e-02
6.700000000000000000e+01 5.163368582725524902e-02
6.800000000000000000e+01 5.126817524433135986e-02
6.900000000000000000e+01 5.064962059259414673e-02
7.000000000000000000e+01 4.961898177862167358e-02
7.100000000000000000e+01 4.801553115248680115e-02
7.200000000000000000e+01 4.598735645413398743e-02
7.300000000000000000e+01 4.476981610059738159e-02
7.400000000000000000e+01 4.257369413971900940e-02
7.500000000000000000e+01 4.065379500389099121e-02
7.600000000000000000e+01 3.915737941861152649e-02
7.700000000000000000e+01 3.733584657311439514e-02
7.800000000000000000e+01 3.551936894655227661e-02
7.900000000000000000e+01 3.348494693636894226e-02
8.000000000000000000e+01 3.136524558067321777e-02
8.100000000000000000e+01 2.940099127590656281e-02
8.200000000000000000e+01 2.732153795659542084e-02
8.300000000000000000e+01 2.509029023349285126e-02
8.400000000000000000e+01 2.276048064231872559e-02
8.500000000000000000e+01 2.072892896831035614e-02
8.600000000000000000e+01 1.944177784025669098e-02
8.700000000000000000e+01 1.814385876059532166e-02
8.800000000000000000e+01 1.745194755494594574e-02
8.900000000000000000e+01 1.665185019373893738e-02
9.000000000000000000e+01 1.545288972556591034e-02
9.100000000000000000e+01 1.406770851463079453e-02
9.200000000000000000e+01 1.272808387875556946e-02
9.300000000000000000e+01 1.266985014081001282e-02
9.400000000000000000e+01 9.839396923780441284e-03
9.500000000000000000e+01 6.255608052015304565e-03
9.600000000000000000e+01 3.898818278685212135e-03
9.700000000000000000e+01 7.474157609976828098e-04
9.800000000000000000e+01 6.158974429126828909e-05
9.900000000000000000e+01 5.757845938205718994e-04
