1.000000000000000000e+00 1.000000000000000000e+00
2.000000000000000000e+00 8.796831369400024414e-01
3.000000000000000000e+00 7.871800065040588379e-01
4.000000000000000000e+00 7.078453898429870605e-01
5.000000000000000000e+00 6.362712979316711426e-01
6.000000000000000000e+00 5.697326660156250000e-01
7.000000000000000000e+00 5.075744986534118652e-01
8.000000000000000000e+00 4.487016797065734863e-01
9.000000000000000000e+00 3.927632570266723633e-01
1.000000000000000000e+01 3.388039767742156982e-01
1.100000000000000000e+01 2.870398163795471191e-01
1.200000000000000000e+01 2.372222542762756348e-01
1.300000000000000000e+01 1.893313527107238770e-01
1.400000000000000000e+01 1.430898010730743408e-01
1.500000000000000000e+01 9.864909201860427856e-02
1.600000000000000000e+01 5.596194043755531311e-02
1.700000000000000000e+01 1.535240933299064636e-02
1.800000000000000000e+01 -2.288853004574775696e-02
1.900000000000000000e+01 -5.883342400193214417e-02
2.000000000000000000e+01 -9.204848110675811768e-02
2.100000000000000000e+01 -1.222478821873664856e-01
2.200000000000000000e+01 -1.492295414209365845e-01
2.300000000000000000e+01 -1.730569452047348022e-01
2.400000000000000000e+01 -1.939434558153152466e-01
2.500000000000000000e+01 -2.113326042890548706e-01
2.600000000000000000e+01 -2.252890616655349731e-01
2.700000000000000000e+01 -2.359139472246170044e-01
2.800000000000000000e+01 -2.436034232378005981e-01
2.900000000000000000e+01 -2.483409494161605835e-01
3.000000000000000000e+01 -2.506544589996337891e-01
3.100000000000000000e+01 -2.501544356346130371e-01
3.200000000000000000e+01 -2.471054941415786743e-01
3.300000000000000000e+01 -2.415249049663543701e-01
3.400000000000000000e+01 -2.341102808713912964e-01
3.500000000000000000e+01 -2.249929457902908325e-01
3.600000000000000000e+01 -2.144438177347183228e-01
3.700000000000000000e+01 -2.028622627258300781e-01
3.800000000000000000e+01 -1.906767338514328003e-01
3.900000000000000000e+01 -1.775505393743515015e-01
4.000000000000000000e+01 -1.639481186866760254e-01
4.100000000000000000e+01 -1.498127728700637817e-01
4.200000000000000000e+01 -1.357495933771133423e-01
4.300000000000000000e+01 -1.217228174209594727e-01
4.400000000000000000e+01 -1.078600361943244934e-01
4.500000000000000000e+01 -9.410348534584045410e-02
4.600000000000000000e+01 -8.075193315744400024e-02
4.700000000000000000e+01 -6.777480244636535645e-02
4.800000000000000000e+01 -5.531700327992439270e-02
4.900000000000000000e+01 -4.321687668561935425e-02
5.000000000000000000e+01 -3.203006461262702942e-02
5.100000000000000000e+01 -2.170653268694877625e-02
5.200000000000000000e+01 -1.218761596828699112e-02
5.300000000000000000e+01 -3.084831405431032181e-03
5.400000000000000000e+01 5.456103011965751648e-03
5.500000000000000000e+01 1.305409800261259079e-02
5.600000000000000000e+01 2.007705159485340118e-02
5.700000000000000000e+01 2.659839019179344177e-02
5.800000000000000000e+01 3.216965869069099426e-02
5.900000000000000000e+01 3.725840151309967041e-02
6.000000000000000000e+01 4.140225052833557129e-02
6.100000000000000000e+01 4.508218541741371155e-02
6.200000000000000000e+01 4.843986034393310547e-02
6.300000000000000000e+01 5.067936331033706665e-02
6.400000000000000000e+01 5.235639959573745728e-02
6.500000000000000000e+01 5.314685776829719543e-02
6.600000000000000000e+01 5.375612899661064148e-02
6.700000000000000000e+01 5.411081388592720032e-02
6.800000000000000000e+01 5.369556322693824768e-02
6.900000000000000000e+01 5.325869843363761902e-02
7.000000000000000000e+01 5.231678113341331482e-02
7.100000000000000000e+01 5.121539905667304993e-02
7.200000000000000000e+01 4.902873560786247253e-02
7.300000000000000000e+01 4.684501886367797852e-02
7.400000000000000000e+01 4.465504363179206848e-02
7.500000000000000000e+01 4.225733131170272827e-02
7.600000000000000000e+01 4.018522426486015320e-02
7.700000000000000000e+01 3.837645053863525391e-02
7.800000000000000000e+01 3.584168851375579834e-02
7.900000000000000000e+01 3.366766870021820068e-02
8.000000000000000000e+01 3.174494579434394836e-02
8.100000000000000000e+01 2.966300211846828461e-02
8.200000000000000000e+01 2.761332504451274872e-02
8.300000000000000000e+01 2.581421472132205963e-02
8.400000000000000000e+01 2.377611212432384491e-02
8.500000000000000000e+01 2.130060084164142609e-02
8.600000000000000000e+01 1.871357671916484833e-02
8.700000000000000000e+01 1.632289402186870575e-02
8.800000000000000000e+01 1.417044922709465027e-02
8.900000000000000000e+01 1.164955645799636841e-02
9.000000000000000000e+01 1.005160249769687653e-02
9.100000000000000000e+01 7.062737829983234406e-03
9.200000000000000000e+01 4.555217456072568893e-03
9.300000000000000000e+01 1.294072950258851051e-03
9.400000000000000000e+01 -1.793995266780257225e-03
9.500000000000000000e+01 -3.455705475062131882e-03
9.600000000000000000e+01 -5.575204268097877502e-03
9.700000000000000000e+01 -5.528609268367290497e-03
9.800000000000000000e+01 -5.069396458566188812e-03
9.900000000000000000e+01 -4.031976684927940369e-03
