1.000000000000000000e+00 1.000000000000000000e+00
2.000000000000000000e+00 8.789989948272705078e-01
3.000000000000000000e+00 7.859334945678710938e-01
4.000000000000000000e+00 7.058632373809814453e-01
5.000000000000000000e+00 6.334353089332580566e-01
6.000000000000000000e+00 5.666562318801879883e-01
7.000000000000000000e+00 5.038494467735290527e-01
8.000000000000000000e+00 4.443919956684112549e-01
9.000000000000000000e+00 3.880265355110168457e-01
1.000000000000000000e+01 3.344612419605255127e-01
1.100000000000000000e+01 2.828299403190612793e-01
1.200000000000000000e+01 2.330038398504257202e-01
1.300000000000000000e+01 1.851117312908172607e-01
1.400000000000000000e+01 1.388498097658157349e-01
1.500000000000000000e+01 9.430728852748870850e-02
1.600000000000000000e+01 5.161918699741363525e-02
1.700000000000000000e+01 1.132449042052030563e-02
1.800000000000000000e+01 -2.645323984324932098e-02
1.900000000000000000e+01 -6.184186413884162903e-02
2.000000000000000000e+01 -9.428286552429199219e-02
2.100000000000000000e+01 -1.236312761902809143e-01
2.200000000000000000e+01 -1.501105874776840210e-01
2.300000000000000000e+01 -1.734900772571563721e-01
2.400000000000000000e+01 -1.933956295251846313e-01
2.500000000000000000e+01 -2.099397629499435425e-01
2.600000000000000000e+01 -2.234402894973754883e-01
2.700000000000000000e+01 -2.337077856063842773e-01
2.800000000000000000e+01 -2.409211248159408569e-01
2.900000000000000000e+01 -2.452666610479354858e-01
3.000000000000000000e+01 -2.466043382883071899e-01
3.100000000000000000e+01 -2.453042566776275635e-01
3.200000000000000000e+01 -2.418022751808166504e-01
3.300000000000000000e+01 -2.361426055431365967e-01
3.400000000000000000e+01 -2.287601977586746216e-01
3.500000000000000000e+01 -2.196234017610549927e-01
3.600000000000000000e+01 -2.091323286294937134e-01
3.700000000000000000e+01 -1.977138072252273560e-01
3.800000000000000000e+01 -1.849983781576156616e-01
3.900000000000000000e+01 -1.718057692050933838e-01
4.000000000000000000e+01 -1.587552428245544434e-01
4.100000000000000000e+01 -1.452943980693817139e-01
4.200000000000000000e+01 -1.317324042320251465e-01
4.300000000000000000e+01 -1.179296672344207764e-01
4.400000000000000000e+01 -1.041931807994842529e-01
4.500000000000000000e+01 -9.084776788949966431e-02
4.600000000000000000e+01 -7.783608883619308472e-02
4.700000000000000000e+01 -6.537898629903793335e-02
4.800000000000000000e+01 -5.330238863825798035e-02
4.900000000000000000e+01 -4.202691093087196350e-02
5.000000000000000000e+01 -3.136664256453514099e-02
5.100000000000000000e+01 -2.123614959418773651e-02
5.200000000000000000e+01 -1.187895704060792923e-02
5.300000000000000000e+01 -2.879307605326175690e-03
5.400000000000000000e+01 5.205688066780567169e-03
5.500000000000000000e+01 1.301880460232496262e-02
5.600000000000000000e+01 2.002096734941005707e-02
5.700000000000000000e+01 2.633536420762538910e-02
5.800000000000000000e+01 3.185369074344635010e-02
5.900000000000000000e+01 3.707645088434219360e-02
6.000000000000000000e+01 4.130719974637031555e-02
6.100000000000000000e+01 4.462547227740287781e-02
6.200000000000000000e+01 4.748283699154853821e-02
6.300000000000000000e+01 5.000719800591468811e-02
6.400000000000000000e+01 5.211993306875228882e-02
6.500000000000000000e+01 5.333846807479858398e-02
6.600000000000000000e+01 5.455433949828147888e-02
6.700000000000000000e+01 5.530129745602607727e-02
6.800000000000000000e+01 5.557332187891006470e-02
6.900000000000000000e+01 5.502726137638092041e-02
7.000000000000000000e+01 5.448293313384056091e-02
7.100000000000000000e+01 5.320120602846145630e-02
7.200000000000000000e+01 5.144589394330978394e-02
7.300000000000000000e+01 4.913336038589477539e-02
7.400000000000000000e+01 4.681792482733726501e-02
7.500000000000000000e+01 4.415305331349372864e-02
7.600000000000000000e+01 4.206607863306999207e-02
7.700000000000000000e+01 3.956583514809608459e-02
7.800000000000000000e+01 3.712798655033111572e-02
7.900000000000000000e+01 3.431364148855209351e-02
8.000000000000000000e+01 3.163103386759757996e-02
8.100000000000000000e+01 2.921744436025619507e-02
8.200000000000000000e+01 2.676269598305225372e-02
8.300000000000000000e+01 2.451466210186481476e-02
8.400000000000000000e+01 2.252267114818096161e-02
8.500000000000000000e+01 2.022287994623184204e-02
8.600000000000000000e+01 1.845651865005493164e-02
8.700000000000000000e+01 1.696831546723842621e-02
8.800000000000000000e+01 1.560109760612249374e-02
8.900000000000000000e+01 1.425217092037200928e-02
9.000000000000000000e+01 1.263940427452325821e-02
9.100000000000000000e+01 1.075704582035541534e-02
9.200000000000000000e+01 9.974874556064605713e-03
9.300000000000000000e+01 9.116154164075851440e-03
9.400000000000000000e+01 8.172247558832168579e-03
9.500000000000000000e+01 7.343369536101818085e-03
9.600000000000000000e+01 6.627989932894706726e-03
9.700000000000000000e+01 4.047011956572532654e-03
9.800000000000000000e+01 1.131904427893459797e-03
9.900000000000000000e+01 -3.396729473024606705e-03
