1.000000000000000000e+00 1.000000000000000000e+00
2.000000000000000000e+00 8.799363970756530762e-01
3.000000000000000000e+00 7.876275181770324707e-01
4.000000000000000000e+00 7.086160182952880859e-01
5.000000000000000000e+00 6.369542479515075684e-01
6.000000000000000000e+00 5.705793499946594238e-01
7.000000000000000000e+00 5.082801580429077148e-01
8.000000000000000000e+00 4.493789672851562500e-01
9.000000000000000000e+00 3.933644890785217285e-01
1.000000000000000000e+01 3.399231433868408203e-01
1.100000000000000000e+01 2.887555062770843506e-01
1.200000000000000000e+01 2.390133440494537354e-01
1.300000000000000000e+01 1.908682286739349365e-01
1.400000000000000000e+01 1.445600390434265137e-01
1.500000000000000000e+01 9.985733032226562500e-02
1.600000000000000000e+01 5.717513710260391235e-02
1.700000000000000000e+01 1.658735051751136780e-02
1.800000000000000000e+01 -2.181118167936801910e-02
1.900000000000000000e+01 -5.760030075907707214e-02
2.000000000000000000e+01 -9.080055356025695801e-02
2.100000000000000000e+01 -1.210129037499427795e-01
2.200000000000000000e+01 -1.484326273202896118e-01
2.300000000000000000e+01 -1.724998503923416138e-01
2.400000000000000000e+01 -1.933851689100265503e-01
2.500000000000000000e+01 -2.110387533903121948e-01
2.600000000000000000e+01 -2.252755910158157349e-01
2.700000000000000000e+01 -2.362374514341354370e-01
2.800000000000000000e+01 -2.444128543138504028e-01
2.900000000000000000e+01 -2.494265735149383545e-01
3.000000000000000000e+01 -2.513435184955596924e-01
3.100000000000000000e+01 -2.510961592197418213e-01
3.200000000000000000e+01 -2.482758909463882446e-01
3.300000000000000000e+01 -2.430681586265563965e-01
3.400000000000000000e+01 -2.361549735069274902e-01
3.500000000000000000e+01 -2.274464666843414307e-01
3.600000000000000000e+01 -2.171007841825485229e-01
3.700000000000000000e+01 -2.055212408304214478e-01
3.800000000000000000e+01 -1.928845494985580444e-01
3.900000000000000000e+01 -1.796924471855163574e-01
4.000000000000000000e+01 -1.658840775489807129e-01
4.100000000000000000e+01 -1.520155221223831177e-01
4.200000000000000000e+01 -1.378360092639923096e-01
4.300000000000000000e+01 -1.237650364637374878e-01
4.400000000000000000e+01 -1.099787652492523193e-01
4.500000000000000000e+01 -9.622075408697128296e-02
4.600000000000000000e+01 -8.303094655275344849e-02
4.700000000000000000e+01 -6.973841786384582520e-02
4.800000000000000000e+01 -5.689215287566184998e-02
4.900000000000000000e+01 -4.467935115098953247e-02
5.000000000000000000e+01 -3.291108459234237671e-02
5.100000000000000000e+01 -2.191412262618541718e-02
5.200000000000000000e+01 -1.187698822468519211e-02
5.300000000000000000e+01 -2.480676863342523575e-03
5.400000000000000000e+01 6.073887925595045090e-03
5.500000000000000000e+01 1.382590923458337784e-02
5.600000000000000000e+01 2.039887569844722748e-02
5.700000000000000000e+01 2.612027339637279510e-02
5.800000000000000000e+01 3.175009042024612427e-02
5.900000000000000000e+01 3.674650564789772034e-02
6.000000000000000000e+01 4.135567694902420044e-02
6.100000000000000000e+01 4.575717076659202576e-02
6.200000000000000000e+01 4.921516031026840210e-02
6.300000000000000000e+01 5.210534483194351196e-02
6.400000000000000000e+01 5.425221100449562073e-02
6.500000000000000000e+01 5.573932081460952759e-02
6.600000000000000000e+01 5.663849785923957825e-02
6.700000000000000000e+01 5.701224133372306824e-02
6.800000000000000000e+01 5.666861310601234436e-02
6.900000000000000000e+01 5.568477883934974670e-02
7.000000000000000000e+01 5.416933447122573853e-02
7.100000000000000000e+01 5.271457135677337646e-02
7.200000000000000000e+01 5.122627690434455872e-02
7.300000000000000000e+01 4.888617619872093201e-02
7.400000000000000000e+01 4.739951714873313904e-02
7.500000000000000000e+01 4.532375559210777283e-02
7.600000000000000000e+01 4.260236769914627075e-02
7.700000000000000000e+01 4.005777090787887573e-02
7.800000000000000000e+01 3.849707916378974915e-02
7.900000000000000000e+01 3.621813282370567322e-02
8.000000000000000000e+01 3.404855728149414062e-02
8.100000000000000000e+01 3.172357752919197083e-02
8.200000000000000000e+01 2.898032590746879578e-02
8.300000000000000000e+01 2.673828788101673126e-02
8.400000000000000000e+01 2.478753030300140381e-02
8.500000000000000000e+01 2.291139587759971619e-02
8.600000000000000000e+01 2.118024788796901703e-02
8.700000000000000000e+01 1.917370781302452087e-02
8.800000000000000000e+01 1.701785624027252197e-02
8.900000000000000000e+01 1.493730302900075912e-02
9.000000000000000000e+01 1.313580479472875595e-02
9.100000000000000000e+01 1.094292011111974716e-02
9.200000000000000000e+01 9.764737449586391449e-03
9.300000000000000000e+01 9.161607362329959869e-03
9.400000000000000000e+01 7.811164017766714096e-03
9.500000000000000000e+01 7.838857360184192657e-03
9.600000000000000000e+01 8.272456936538219452e-03
9.700000000000000000e+01 8.893385529518127441e-03
9.800000000000000000e+01 7.173327263444662094e-03
9.900000000000000000e+01 4.074091557413339615e-03
