1.000000000000000000e+00 1.000000000000000000e+00
2.000000000000000000e+00 8.697574138641357422e-01
3.000000000000000000e+00 7.703099846839904785e-01
4.000000000000000000e+00 6.856233477592468262e-01
5.000000000000000000e+00 6.100918054580688477e-01
6.000000000000000000e+00 5.405648350715637207e-01
7.000000000000000000e+00 4.760410189628601074e-01
8.000000000000000000e+00 4.154648482799530029e-01
9.000000000000000000e+00 3.584149777889251709e-01
1.000000000000000000e+01 3.046299815177917480e-01
1.100000000000000000e+01 2.534297108650207520e-01
1.200000000000000000e+01 2.044204175472259521e-01
1.300000000000000000e+01 1.574996560811996460e-01
1.400000000000000000e+01 1.127380207180976868e-01
1.500000000000000000e+01 6.998082250356674194e-02
1.600000000000000000e+01 2.995419688522815704e-02
1.700000000000000000e+01 -7.452623918652534485e-03
1.800000000000000000e+01 -4.251816496253013611e-02
1.900000000000000000e+01 -7.473156601190567017e-02
2.000000000000000000e+01 -1.038421466946601868e-01
2.100000000000000000e+01 -1.298251748085021973e-01
2.200000000000000000e+01 -1.524839997291564941e-01
2.300000000000000000e+01 -1.718077808618545532e-01
2.400000000000000000e+01 -1.874753534793853760e-01
2.500000000000000000e+01 -1.998728364706039429e-01
2.600000000000000000e+01 -2.093207389116287231e-01
2.700000000000000000e+01 -2.164170742034912109e-01
2.800000000000000000e+01 -2.206475585699081421e-01
2.900000000000000000e+01 -2.222024053335189819e-01
3.000000000000000000e+01 -2.214048504829406738e-01
3.100000000000000000e+01 -2.181622087955474854e-01
3.200000000000000000e+01 -2.131813317537307739e-01
3.300000000000000000e+01 -2.065655142068862915e-01
3.400000000000000000e+01 -1.981666982173919678e-01
3.500000000000000000e+01 -1.883284747600555420e-01
3.600000000000000000e+01 -1.775984168052673340e-01
3.700000000000000000e+01 -1.658787876367568970e-01
3.800000000000000000e+01 -1.535872071981430054e-01
3.900000000000000000e+01 -1.411916315555572510e-01
4.000000000000000000e+01 -1.281752288341522217e-01
4.100000000000000000e+01 -1.152867078781127930e-01
4.200000000000000000e+01 -1.024263277649879456e-01
4.300000000000000000e+01 -8.975727111101150513e-02
4.400000000000000000e+01 -7.734619826078414917e-02
4.500000000000000000e+01 -6.521593779325485229e-02
4.600000000000000000e+01 -5.368144437670707703e-02
4.700000000000000000e+01 -4.284714534878730774e-02
4.800000000000000000e+01 -3.250992298126220703e-02
4.900000000000000000e+01 -2.239506132900714874e-02
5.000000000000000000e+01 -1.263513881713151932e-02
5.100000000000000000e+01 -3.572461428120732307e-03
5.200000000000000000e+01 4.794049076735973358e-03
5.300000000000000000e+01 1.201312243938446045e-02
5.400000000000000000e+01 1.862430386245250702e-02
5.500000000000000000e+01 2.425150200724601746e-02
5.600000000000000000e+01 2.916848845779895782e-02
5.700000000000000000e+01 3.360071405768394470e-02
5.800000000000000000e+01 3.735934197902679443e-02
5.900000000000000000e+01 4.056277498602867126e-02
6.000000000000000000e+01 4.328100383281707764e-02
6.100000000000000000e+01 4.513575136661529541e-02
6.200000000000000000e+01 4.620757699012756348e-02
6.300000000000000000e+01 4.696315899491310120e-02
6.400000000000000000e+01 4.728037118911743164e-02
6.500000000000000000e+01 4.692012816667556763e-02
6.600000000000000000e+01 4.637727141380310059e-02
6.700000000000000000e+01 4.517445713281631470e-02
6.800000000000000000e+01 4.402375966310501099e-02
6.900000000000000000e+01 4.206855222582817078e-02
7.000000000000000000e+01 3.971850872039794922e-02
7.100000000000000000e+01 3.774824365973472595e-02
7.200000000000000000e+01 3.493745997548103333e-02
7.300000000000000000e+01 3.195240721106529236e-02
7.400000000000000000e+01 2.924264781177043915e-02
7.500000000000000000e+01 2.597609534859657288e-02
7.600000000000000000e+01 2.296865545213222504e-02
7.700000000000000000e+01 1.982856355607509613e-02
7.800000000000000000e+01 1.678031310439109802e-02
7.900000000000000000e+01 1.424961164593696594e-02
8.000000000000000000e+01 1.222576759755611420e-02
8.100000000000000000e+01 9.872148744761943817e-03
8.200000000000000000e+01 7.494295947253704071e-03
8.300000000000000000e+01 5.678606685250997543e-03
8.400000000000000000e+01 3.811708884313702583e-03
8.500000000000000000e+01 2.239369321614503860e-03
8.600000000000000000e+01 1.547375926747918129e-03
8.700000000000000000e+01 1.366594224236905575e-03
8.800000000000000000e+01 5.249900859780609608e-04
8.900000000000000000e+01 -8.047468727454543114e-04
9.000000000000000000e+01 -2.178620547056198120e-03
9.100000000000000000e+01 -2.918957732617855072e-03
9.200000000000000000e+01 -3.629911225289106369e-03
9.300000000000000000e+01 -4.670670721679925919e-03
9.400000000000000000e+01 -4.205117467790842056e-03
9.500000000000000000e+01 -5.775643046945333481e-03
9.600000000000000000e+01 -9.049246087670326233e-03
9.700000000000000000e+01 -1.277844607830047607e-02
9.800000000000000000e+01 -1.454182341694831848e-02
9.900000000000000000e+01 -1.449733972549438477e-02
