1.000000000000000000e+00 1.000000000000000000e+00
2.000000000000000000e+00 8.676065802574157715e-01
3.000000000000000000e+00 7.666423916816711426e-01
4.000000000000000000e+00 6.810816526412963867e-01
5.000000000000000000e+00 6.048556566238403320e-01
6.000000000000000000e+00 5.346907973289489746e-01
7.000000000000000000e+00 4.694775938987731934e-01
8.000000000000000000e+00 4.084318280220031738e-01
9.000000000000000000e+00 3.512083292007446289e-01
1.000000000000000000e+01 2.970402836799621582e-01
1.100000000000000000e+01 2.458036392927169800e-01
1.200000000000000000e+01 1.968326419591903687e-01
1.300000000000000000e+01 1.501548290252685547e-01
1.400000000000000000e+01 1.059632748365402222e-01
1.500000000000000000e+01 6.383378058671951294e-02
1.600000000000000000e+01 2.416408061981201172e-02
1.700000000000000000e+01 -1.271430589258670807e-02
1.800000000000000000e+01 -4.687744379043579102e-02
1.900000000000000000e+01 -7.789623737335205078e-02
2.000000000000000000e+01 -1.062246784567832947e-01
2.100000000000000000e+01 -1.312735676765441895e-01
2.200000000000000000e+01 -1.530373692512512207e-01
2.300000000000000000e+01 -1.713079512119293213e-01
2.400000000000000000e+01 -1.865450292825698853e-01
2.500000000000000000e+01 -1.987511813640594482e-01
2.600000000000000000e+01 -2.081238031387329102e-01
2.700000000000000000e+01 -2.142546176910400391e-01
2.800000000000000000e+01 -2.176202237606048584e-01
2.900000000000000000e+01 -2.185616046190261841e-01
3.000000000000000000e+01 -2.172830253839492798e-01
3.100000000000000000e+01 -2.139382809400558472e-01
3.200000000000000000e+01 -2.085932344198226929e-01
3.300000000000000000e+01 -2.012798786163330078e-01
3.400000000000000000e+01 -1.923114061355590820e-01
3.500000000000000000e+01 -1.819036900997161865e-01
3.600000000000000000e+01 -1.702845990657806396e-01
3.700000000000000000e+01 -1.581124961376190186e-01
3.800000000000000000e+01 -1.455137878656387329e-01
3.900000000000000000e+01 -1.325928866863250732e-01
4.000000000000000000e+01 -1.197149306535720825e-01
4.100000000000000000e+01 -1.069916635751724243e-01
4.200000000000000000e+01 -9.456744045019149780e-02
4.300000000000000000e+01 -8.202473819255828857e-02
4.400000000000000000e+01 -6.977998465299606323e-02
4.500000000000000000e+01 -5.820009112358093262e-02
4.600000000000000000e+01 -4.708374664187431335e-02
4.700000000000000000e+01 -3.600585833191871643e-02
4.800000000000000000e+01 -2.570640668272972107e-02
4.900000000000000000e+01 -1.600772142410278320e-02
5.000000000000000000e+01 -7.057133130729198456e-03
5.100000000000000000e+01 8.843095274642109871e-04
5.200000000000000000e+01 8.227636106312274933e-03
5.300000000000000000e+01 1.460879761725664139e-02
5.400000000000000000e+01 2.059437707066535950e-02
5.500000000000000000e+01 2.553364075720310211e-02
5.600000000000000000e+01 3.002632781863212585e-02
5.700000000000000000e+01 3.401884064078330994e-02
5.800000000000000000e+01 3.737398236989974976e-02
5.900000000000000000e+01 4.008155316114425659e-02
6.000000000000000000e+01 4.254564642906188965e-02
6.100000000000000000e+01 4.428532347083091736e-02
6.200000000000000000e+01 4.528463631868362427e-02
6.300000000000000000e+01 4.590250179171562195e-02
6.400000000000000000e+01 4.573788493871688843e-02
6.500000000000000000e+01 4.465705528855323792e-02
6.600000000000000000e+01 4.247296974062919617e-02
6.700000000000000000e+01 4.018396139144897461e-02
6.800000000000000000e+01 3.828108310699462891e-02
6.900000000000000000e+01 3.594973310828208923e-02
7.000000000000000000e+01 3.380188718438148499e-02
7.100000000000000000e+01 3.179139271378517151e-02
7.200000000000000000e+01 2.942622639238834381e-02
7.300000000000000000e+01 2.684114500880241394e-02
7.400000000000000000e+01 2.450943924486637115e-02
7.500000000000000000e+01 2.180712111294269562e-02
7.600000000000000000e+01 1.928520947694778442e-02
7.700000000000000000e+01 1.659453101456165314e-02
7.800000000000000000e+01 1.394287869334220886e-02
7.900000000000000000e+01 1.194103993475437164e-02
8.000000000000000000e+01 1.067608408629894257e-02
8.100000000000000000e+01 9.040790610015392303e-03
8.200000000000000000e+01 8.037945255637168884e-03
8.300000000000000000e+01 7.326827384531497955e-03
8.400000000000000000e+01 6.562616210430860519e-03
8.500000000000000000e+01 5.343510303646326065e-03
8.600000000000000000e+01 4.039443098008632660e-03
8.700000000000000000e+01 3.335245884954929352e-03
8.800000000000000000e+01 2.737597795203328133e-03
8.900000000000000000e+01 1.948101562447845936e-03
9.000000000000000000e+01 1.917761284857988358e-03
9.100000000000000000e+01 1.120993751101195812e-03
9.200000000000000000e+01 -6.520786555483937263e-04
9.300000000000000000e+01 -1.911335624754428864e-03
9.400000000000000000e+01 -2.870335709303617477e-03
9.500000000000000000e+01 -3.840747755020856857e-03
9.600000000000000000e+01 -3.976977895945310593e-03
9.700000000000000000e+01 -4.582594148814678192e-03
9.800000000000000000e+01 -6.205144338309764862e-03
9.900000000000000000e+01 -6.261343602091073990e-03
