1.000000000000000000e+00 1.000000000000000000e+00
2.000000000000000000e+00 8.683386445045471191e-01
3.000000000000000000e+00 7.681483626365661621e-01
4.000000000000000000e+00 6.829845309257507324e-01
5.000000000000000000e+00 6.066769957542419434e-01
6.000000000000000000e+00 5.365136861801147461e-01
7.000000000000000000e+00 4.718343615531921387e-01
8.000000000000000000e+00 4.115541875362396240e-01
9.000000000000000000e+00 3.548364043235778809e-01
1.000000000000000000e+01 3.007789254188537598e-01
1.100000000000000000e+01 2.494271993637084961e-01
1.200000000000000000e+01 2.004809975624084473e-01
1.300000000000000000e+01 1.537263393402099609e-01
1.400000000000000000e+01 1.090287119150161743e-01
1.500000000000000000e+01 6.691374629735946655e-02
1.600000000000000000e+01 2.730648033320903778e-02
1.700000000000000000e+01 -9.832452051341533661e-03
1.800000000000000000e+01 -4.423638805747032166e-02
1.900000000000000000e+01 -7.577551901340484619e-02
2.000000000000000000e+01 -1.043884977698326111e-01
2.100000000000000000e+01 -1.298793852329254150e-01
2.200000000000000000e+01 -1.523673236370086670e-01
2.300000000000000000e+01 -1.712696403264999390e-01
2.400000000000000000e+01 -1.870748996734619141e-01
2.500000000000000000e+01 -1.994498074054718018e-01
2.600000000000000000e+01 -2.086895704269409180e-01
2.700000000000000000e+01 -2.155373841524124146e-01
2.800000000000000000e+01 -2.191709727048873901e-01
2.900000000000000000e+01 -2.200214564800262451e-01
3.000000000000000000e+01 -2.185581624507904053e-01
3.100000000000000000e+01 -2.150736600160598755e-01
3.200000000000000000e+01 -2.097383290529251099e-01
3.300000000000000000e+01 -2.023609429597854614e-01
3.400000000000000000e+01 -1.937873661518096924e-01
3.500000000000000000e+01 -1.843160390853881836e-01
3.600000000000000000e+01 -1.736016869544982910e-01
3.700000000000000000e+01 -1.621074825525283813e-01
3.800000000000000000e+01 -1.501089036464691162e-01
3.900000000000000000e+01 -1.375493854284286499e-01
4.000000000000000000e+01 -1.250016838312149048e-01
4.100000000000000000e+01 -1.121662780642509460e-01
4.200000000000000000e+01 -9.910186380147933960e-02
4.300000000000000000e+01 -8.634901791810989380e-02
4.400000000000000000e+01 -7.396461069583892822e-02
4.500000000000000000e+01 -6.188074126839637756e-02
4.600000000000000000e+01 -5.018352344632148743e-02
4.700000000000000000e+01 -3.935705870389938354e-02
4.800000000000000000e+01 -2.950116805732250214e-02
4.900000000000000000e+01 -2.005587704479694366e-02
5.000000000000000000e+01 -1.119743194431066513e-02
5.100000000000000000e+01 -3.061149036511778831e-03
5.200000000000000000e+01 4.031502641737461090e-03
5.300000000000000000e+01 1.094904076308012009e-02
5.400000000000000000e+01 1.714119128882884979e-02
5.500000000000000000e+01 2.322314307093620300e-02
5.600000000000000000e+01 2.825410105288028717e-02
5.700000000000000000e+01 3.270385414361953735e-02
5.800000000000000000e+01 3.633328527212142944e-02
5.900000000000000000e+01 3.931657597422599792e-02
6.000000000000000000e+01 4.205736145377159119e-02
6.100000000000000000e+01 4.358348995447158813e-02
6.200000000000000000e+01 4.503742232918739319e-02
6.300000000000000000e+01 4.562087357044219971e-02
6.400000000000000000e+01 4.562177136540412903e-02
6.500000000000000000e+01 4.489988088607788086e-02
6.600000000000000000e+01 4.433775320649147034e-02
6.700000000000000000e+01 4.347325488924980164e-02
6.800000000000000000e+01 4.270819202065467834e-02
6.900000000000000000e+01 4.101916402578353882e-02
7.000000000000000000e+01 3.944073617458343506e-02
7.100000000000000000e+01 3.771174699068069458e-02
7.200000000000000000e+01 3.568852320313453674e-02
7.300000000000000000e+01 3.258498013019561768e-02
7.400000000000000000e+01 2.966332808136940002e-02
7.500000000000000000e+01 2.617339417338371277e-02
7.600000000000000000e+01 2.301736548542976379e-02
7.700000000000000000e+01 2.030850946903228760e-02
7.800000000000000000e+01 1.775418594479560852e-02
7.900000000000000000e+01 1.537883095443248749e-02
8.000000000000000000e+01 1.300528459250926971e-02
8.100000000000000000e+01 1.056815870106220245e-02
8.200000000000000000e+01 8.407566696405410767e-03
8.300000000000000000e+01 6.611651740968227386e-03
8.400000000000000000e+01 4.894906189292669296e-03
8.500000000000000000e+01 3.361739451065659523e-03
8.600000000000000000e+01 2.536243991926312447e-03
8.700000000000000000e+01 1.334512489847838879e-03
8.800000000000000000e+01 3.228269633837044239e-04
8.900000000000000000e+01 -7.780867163091897964e-04
9.000000000000000000e+01 -2.341541694477200508e-03
9.100000000000000000e+01 -4.179481416940689087e-03
9.200000000000000000e+01 -5.893217399716377258e-03
9.300000000000000000e+01 -6.040508858859539032e-03
9.400000000000000000e+01 -6.398001220077276230e-03
9.500000000000000000e+01 -7.731980178505182266e-03
9.600000000000000000e+01 -8.144945837557315826e-03
9.700000000000000000e+01 -7.151962723582983017e-03
9.800000000000000000e+01 -7.775506936013698578e-03
9.900000000000000000e+01 -4.017426632344722748e-03
