1.000000000000000000e+00 1.000000000000000000e+00
2.000000000000000000e+00 8.798714876174926758e-01
3.000000000000000000e+00 7.872766256332397461e-01
4.000000000000000000e+00 7.077760100364685059e-01
5.000000000000000000e+00 6.361573934555053711e-01
6.000000000000000000e+00 5.695933103561401367e-01
7.000000000000000000e+00 5.072987675666809082e-01
8.000000000000000000e+00 4.482983350753784180e-01
9.000000000000000000e+00 3.923877477645874023e-01
1.000000000000000000e+01 3.390379548072814941e-01
1.100000000000000000e+01 2.874522805213928223e-01
1.200000000000000000e+01 2.376016974449157715e-01
1.300000000000000000e+01 1.894709914922714233e-01
1.400000000000000000e+01 1.431831717491149902e-01
1.500000000000000000e+01 9.891093522310256958e-02
1.600000000000000000e+01 5.656642839312553406e-02
1.700000000000000000e+01 1.610526442527770996e-02
1.800000000000000000e+01 -2.259863726794719696e-02
1.900000000000000000e+01 -5.851782113313674927e-02
2.000000000000000000e+01 -9.184348583221435547e-02
2.100000000000000000e+01 -1.221735328435897827e-01
2.200000000000000000e+01 -1.494374126195907593e-01
2.300000000000000000e+01 -1.736054718494415283e-01
2.400000000000000000e+01 -1.944473534822463989e-01
2.500000000000000000e+01 -2.117435634136199951e-01
2.600000000000000000e+01 -2.259207516908645630e-01
2.700000000000000000e+01 -2.369354218244552612e-01
2.800000000000000000e+01 -2.447396218776702881e-01
2.900000000000000000e+01 -2.493841052055358887e-01
3.000000000000000000e+01 -2.513460814952850342e-01
3.100000000000000000e+01 -2.510211169719696045e-01
3.200000000000000000e+01 -2.481310516595840454e-01
3.300000000000000000e+01 -2.424032688140869141e-01
3.400000000000000000e+01 -2.349486351013183594e-01
3.500000000000000000e+01 -2.258615493774414062e-01
3.600000000000000000e+01 -2.156034559011459351e-01
3.700000000000000000e+01 -2.038988023996353149e-01
3.800000000000000000e+01 -1.914146691560745239e-01
3.900000000000000000e+01 -1.780509352684020996e-01
4.000000000000000000e+01 -1.643936336040496826e-01
4.100000000000000000e+01 -1.503403037786483765e-01
4.200000000000000000e+01 -1.357992440462112427e-01
4.300000000000000000e+01 -1.215163469314575195e-01
4.400000000000000000e+01 -1.075152382254600525e-01
4.500000000000000000e+01 -9.373190253973007202e-02
4.600000000000000000e+01 -8.043858408927917480e-02
4.700000000000000000e+01 -6.784265488386154175e-02
4.800000000000000000e+01 -5.562106519937515259e-02
4.900000000000000000e+01 -4.392927139997482300e-02
5.000000000000000000e+01 -3.301177173852920532e-02
5.100000000000000000e+01 -2.249313145875930786e-02
5.200000000000000000e+01 -1.319648884236812592e-02
5.300000000000000000e+01 -4.435032140463590622e-03
5.400000000000000000e+01 3.883007913827896118e-03
5.500000000000000000e+01 1.149738859385251999e-02
5.600000000000000000e+01 1.852932944893836975e-02
5.700000000000000000e+01 2.504558488726615906e-02
5.800000000000000000e+01 3.116924688220024109e-02
5.900000000000000000e+01 3.656474500894546509e-02
6.000000000000000000e+01 4.087877646088600159e-02
6.100000000000000000e+01 4.474213346838951111e-02
6.200000000000000000e+01 4.775881022214889526e-02
6.300000000000000000e+01 5.018053948879241943e-02
6.400000000000000000e+01 5.175285041332244873e-02
6.500000000000000000e+01 5.353286489844322205e-02
6.600000000000000000e+01 5.457919090986251831e-02
6.700000000000000000e+01 5.547918379306793213e-02
6.800000000000000000e+01 5.495477467775344849e-02
6.900000000000000000e+01 5.425448715686798096e-02
7.000000000000000000e+01 5.337515100836753845e-02
7.100000000000000000e+01 5.209881812334060669e-02
7.200000000000000000e+01 5.023105069994926453e-02
7.300000000000000000e+01 4.811201989650726318e-02
7.400000000000000000e+01 4.584988951683044434e-02
7.500000000000000000e+01 4.361450299620628357e-02
7.600000000000000000e+01 4.174493998289108276e-02
7.700000000000000000e+01 3.992535546422004700e-02
7.800000000000000000e+01 3.759007155895233154e-02
7.900000000000000000e+01 3.531949222087860107e-02
8.000000000000000000e+01 3.330206871032714844e-02
8.100000000000000000e+01 3.138130903244018555e-02
8.200000000000000000e+01 2.889982983469963074e-02
8.300000000000000000e+01 2.696134708821773529e-02
8.400000000000000000e+01 2.507489919662475586e-02
8.500000000000000000e+01 2.276739105582237244e-02
8.600000000000000000e+01 1.985070481896400452e-02
8.700000000000000000e+01 1.706462912261486053e-02
8.800000000000000000e+01 1.423610281199216843e-02
8.900000000000000000e+01 1.112220995128154755e-02
9.000000000000000000e+01 8.775737136602401733e-03
9.100000000000000000e+01 6.662816740572452545e-03
9.200000000000000000e+01 3.681797301396727562e-03
9.300000000000000000e+01 2.327503869310021400e-03
9.400000000000000000e+01 1.249081105925142765e-03
9.500000000000000000e+01 7.138134678825736046e-04
9.600000000000000000e+01 -3.582202189136296511e-04
9.700000000000000000e+01 -1.513672410510480404e-03
9.800000000000000000e+01 -3.588881343603134155e-03
9.900000000000000000e+01 -8.615883067250251770e-03
