1.000000000000000000e+00 1.000000000000000000e+00
2.000000000000000000e+00 8.790681958198547363e-01
3.000000000000000000e+00 7.864272594451904297e-01
4.000000000000000000e+00 7.068563699722290039e-01
5.000000000000000000e+00 6.351143121719360352e-01
6.000000000000000000e+00 5.685181617736816406e-01
7.000000000000000000e+00 5.059506297111511230e-01
8.000000000000000000e+00 4.470930993556976318e-01
9.000000000000000000e+00 3.910296261310577393e-01
1.000000000000000000e+01 3.375767171382904053e-01
1.100000000000000000e+01 2.859935164451599121e-01
1.200000000000000000e+01 2.362325340509414673e-01
1.300000000000000000e+01 1.883582323789596558e-01
1.400000000000000000e+01 1.423086225986480713e-01
1.500000000000000000e+01 9.810096025466918945e-02
1.600000000000000000e+01 5.553011596202850342e-02
1.700000000000000000e+01 1.516444049775600433e-02
1.800000000000000000e+01 -2.287286333739757538e-02
1.900000000000000000e+01 -5.868567898869514465e-02
2.000000000000000000e+01 -9.140343219041824341e-02
2.100000000000000000e+01 -1.215169429779052734e-01
2.200000000000000000e+01 -1.485012024641036987e-01
2.300000000000000000e+01 -1.720743477344512939e-01
2.400000000000000000e+01 -1.926857531070709229e-01
2.500000000000000000e+01 -2.100041061639785767e-01
2.600000000000000000e+01 -2.240991741418838501e-01
2.700000000000000000e+01 -2.349211573600769043e-01
2.800000000000000000e+01 -2.425833493471145630e-01
2.900000000000000000e+01 -2.470223754644393921e-01
3.000000000000000000e+01 -2.486460506916046143e-01
3.100000000000000000e+01 -2.476567327976226807e-01
3.200000000000000000e+01 -2.444810867309570312e-01
3.300000000000000000e+01 -2.391078472137451172e-01
3.400000000000000000e+01 -2.318262010812759399e-01
3.500000000000000000e+01 -2.232248485088348389e-01
3.600000000000000000e+01 -2.129267901182174683e-01
3.700000000000000000e+01 -2.015806585550308228e-01
3.800000000000000000e+01 -1.891881227493286133e-01
3.900000000000000000e+01 -1.757990717887878418e-01
4.000000000000000000e+01 -1.621055603027343750e-01
4.100000000000000000e+01 -1.482485383749008179e-01
4.200000000000000000e+01 -1.341204643249511719e-01
4.300000000000000000e+01 -1.197992563247680664e-01
4.400000000000000000e+01 -1.061419770121574402e-01
4.500000000000000000e+01 -9.261421114206314087e-02
4.600000000000000000e+01 -7.921235263347625732e-02
4.700000000000000000e+01 -6.648589670658111572e-02
4.800000000000000000e+01 -5.405673012137413025e-02
4.900000000000000000e+01 -4.251627624034881592e-02
5.000000000000000000e+01 -3.193393349647521973e-02
5.100000000000000000e+01 -2.170763164758682251e-02
5.200000000000000000e+01 -1.215760968625545502e-02
5.300000000000000000e+01 -2.951131435111165047e-03
5.400000000000000000e+01 5.463181063532829285e-03
5.500000000000000000e+01 1.321060024201869965e-02
5.600000000000000000e+01 1.975252851843833923e-02
5.700000000000000000e+01 2.573929540812969208e-02
5.800000000000000000e+01 3.109337203204631805e-02
5.900000000000000000e+01 3.588730841875076294e-02
6.000000000000000000e+01 3.966251760721206665e-02
6.100000000000000000e+01 4.295020177960395813e-02
6.200000000000000000e+01 4.573757201433181763e-02
6.300000000000000000e+01 4.810000956058502197e-02
6.400000000000000000e+01 5.049984529614448547e-02
6.500000000000000000e+01 5.207874253392219543e-02
6.600000000000000000e+01 5.305977910757064819e-02
6.700000000000000000e+01 5.329579859972000122e-02
6.800000000000000000e+01 5.321532115340232849e-02
6.900000000000000000e+01 5.243531242012977600e-02
7.000000000000000000e+01 5.133936554193496704e-02
7.100000000000000000e+01 5.002531781792640686e-02
7.200000000000000000e+01 4.869850352406501770e-02
7.300000000000000000e+01 4.663477838039398193e-02
7.400000000000000000e+01 4.435773193836212158e-02
7.500000000000000000e+01 4.195889085531234741e-02
7.600000000000000000e+01 4.004763439297676086e-02
7.700000000000000000e+01 3.776800259947776794e-02
7.800000000000000000e+01 3.582063689827919006e-02
7.900000000000000000e+01 3.416165336966514587e-02
8.000000000000000000e+01 3.264538571238517761e-02
8.100000000000000000e+01 3.026866912841796875e-02
8.200000000000000000e+01 2.792839333415031433e-02
8.300000000000000000e+01 2.574263513088226318e-02
8.400000000000000000e+01 2.421556040644645691e-02
8.500000000000000000e+01 2.194561995565891266e-02
8.600000000000000000e+01 2.028994634747505188e-02
8.700000000000000000e+01 1.884492114186286926e-02
8.800000000000000000e+01 1.705715060234069824e-02
8.900000000000000000e+01 1.600516587495803833e-02
9.000000000000000000e+01 1.397568546235561371e-02
9.100000000000000000e+01 1.246249489486217499e-02
9.200000000000000000e+01 1.006683800369501114e-02
9.300000000000000000e+01 8.206004276871681213e-03
9.400000000000000000e+01 6.307984702289104462e-03
9.500000000000000000e+01 5.804265383630990982e-03
9.600000000000000000e+01 3.251926740631461143e-03
9.700000000000000000e+01 1.590748550370335579e-03
9.800000000000000000e+01 2.118329750373959541e-03
9.900000000000000000e+01 1.571026863530278206e-03
