1.000000000000000000e+00 1.000000000000000000e+00
2.000000000000000000e+00 8.717603087425231934e-01
3.000000000000000000e+00 7.737800478935241699e-01
4.000000000000000000e+00 6.901525855064392090e-01
5.000000000000000000e+00 6.153820753097534180e-01
6.000000000000000000e+00 5.463954806327819824e-01
7.000000000000000000e+00 4.821115136146545410e-01
8.000000000000000000e+00 4.219265580177307129e-01
9.000000000000000000e+00 3.651545941829681396e-01
1.000000000000000000e+01 3.112023174762725830e-01
1.100000000000000000e+01 2.593669593334197998e-01
1.200000000000000000e+01 2.098848521709442139e-01
1.300000000000000000e+01 1.625145375728607178e-01
1.400000000000000000e+01 1.176756769418716431e-01
1.500000000000000000e+01 7.485710829496383667e-02
1.600000000000000000e+01 3.464418277144432068e-02
1.700000000000000000e+01 -3.304751124233007431e-03
1.800000000000000000e+01 -3.873419761657714844e-02
1.900000000000000000e+01 -7.161528617143630981e-02
2.000000000000000000e+01 -1.012105345726013184e-01
2.100000000000000000e+01 -1.274712234735488892e-01
2.200000000000000000e+01 -1.507495343685150146e-01
2.300000000000000000e+01 -1.711455285549163818e-01
2.400000000000000000e+01 -1.883229315280914307e-01
2.500000000000000000e+01 -2.022384852170944214e-01
2.600000000000000000e+01 -2.131516933441162109e-01
2.700000000000000000e+01 -2.210076600313186646e-01
2.800000000000000000e+01 -2.256571799516677856e-01
2.900000000000000000e+01 -2.276490479707717896e-01
3.000000000000000000e+01 -2.271292805671691895e-01
3.100000000000000000e+01 -2.240450382232666016e-01
3.200000000000000000e+01 -2.190149128437042236e-01
3.300000000000000000e+01 -2.123331129550933838e-01
3.400000000000000000e+01 -2.041301429271697998e-01
3.500000000000000000e+01 -1.944931894540786743e-01
3.600000000000000000e+01 -1.839117556810379028e-01
3.700000000000000000e+01 -1.726449131965637207e-01
3.800000000000000000e+01 -1.605863273143768311e-01
3.900000000000000000e+01 -1.479120850563049316e-01
4.000000000000000000e+01 -1.349250078201293945e-01
4.100000000000000000e+01 -1.215771213173866272e-01
4.200000000000000000e+01 -1.082553490996360779e-01
4.300000000000000000e+01 -9.499801695346832275e-02
4.400000000000000000e+01 -8.236914128065109253e-02
4.500000000000000000e+01 -7.027146965265274048e-02
4.600000000000000000e+01 -5.889216065406799316e-02
4.700000000000000000e+01 -4.787899181246757507e-02
4.800000000000000000e+01 -3.749357163906097412e-02
4.900000000000000000e+01 -2.785633318126201630e-02
5.000000000000000000e+01 -1.910797320306301117e-02
5.100000000000000000e+01 -1.092503033578395844e-02
5.200000000000000000e+01 -3.279199358075857162e-03
5.300000000000000000e+01 4.188119899481534958e-03
5.400000000000000000e+01 1.091870386153459549e-02
5.500000000000000000e+01 1.719226315617561340e-02
5.600000000000000000e+01 2.302967756986618042e-02
5.700000000000000000e+01 2.788387238979339600e-02
5.800000000000000000e+01 3.263292834162712097e-02
5.900000000000000000e+01 3.695240989327430725e-02
6.000000000000000000e+01 4.038760811090469360e-02
6.100000000000000000e+01 4.315854609012603760e-02
6.200000000000000000e+01 4.502222314476966858e-02
6.300000000000000000e+01 4.667179659008979797e-02
6.400000000000000000e+01 4.777183756232261658e-02
6.500000000000000000e+01 4.840974509716033936e-02
6.600000000000000000e+01 4.874876514077186584e-02
6.700000000000000000e+01 4.832166433334350586e-02
6.800000000000000000e+01 4.703050851821899414e-02
6.900000000000000000e+01 4.541238397359848022e-02
7.000000000000000000e+01 4.383742436766624451e-02
7.100000000000000000e+01 4.218864068388938904e-02
7.200000000000000000e+01 4.061451181769371033e-02
7.300000000000000000e+01 3.874392807483673096e-02
7.400000000000000000e+01 3.689855337142944336e-02
7.500000000000000000e+01 3.456692770123481750e-02
7.600000000000000000e+01 3.241109102964401245e-02
7.700000000000000000e+01 3.018132783472537994e-02
7.800000000000000000e+01 2.771589159965515137e-02
7.900000000000000000e+01 2.559200301766395569e-02
8.000000000000000000e+01 2.297429554164409637e-02
8.100000000000000000e+01 2.086708694696426392e-02
8.200000000000000000e+01 1.931622810661792755e-02
8.300000000000000000e+01 1.670755632221698761e-02
8.400000000000000000e+01 1.512509677559137344e-02
8.500000000000000000e+01 1.341640017926692963e-02
8.600000000000000000e+01 1.152156852185726166e-02
8.700000000000000000e+01 9.241792373359203339e-03
8.800000000000000000e+01 6.094237323850393295e-03
8.900000000000000000e+01 3.648843383416533470e-03
9.000000000000000000e+01 1.206254586577415466e-03
9.100000000000000000e+01 -1.645951648242771626e-03
9.200000000000000000e+01 -3.638240741565823555e-03
9.300000000000000000e+01 -4.666886292397975922e-03
9.400000000000000000e+01 -5.502259824424982071e-03
9.500000000000000000e+01 -7.409332320094108582e-03
9.600000000000000000e+01 -1.029339991509914398e-02
9.700000000000000000e+01 -1.347615290433168411e-02
9.800000000000000000e+01 -1.645259186625480652e-02
9.900000000000000000e+01 -1.950071193277835846e-02
