1.000000000000000000e+00 1.000000000000000000e+00
2.000000000000000000e+00 8.762007355690002441e-01
3.000000000000000000e+00 7.811389565467834473e-01
4.000000000000000000e+00 6.999081969261169434e-01
5.000000000000000000e+00 6.268675327301025391e-01
6.000000000000000000e+00 5.589681267738342285e-01
7.000000000000000000e+00 4.956824183464050293e-01
8.000000000000000000e+00 4.357728064060211182e-01
9.000000000000000000e+00 3.791252970695495605e-01
1.000000000000000000e+01 3.248936533927917480e-01
1.100000000000000000e+01 2.728365659713745117e-01
1.200000000000000000e+01 2.228935360908508301e-01
1.300000000000000000e+01 1.750087589025497437e-01
1.400000000000000000e+01 1.293555051088333130e-01
1.500000000000000000e+01 8.559496700763702393e-02
1.600000000000000000e+01 4.415044561028480530e-02
1.700000000000000000e+01 4.580542910844087601e-03
1.800000000000000000e+01 -3.264436870813369751e-02
1.900000000000000000e+01 -6.690298020839691162e-02
2.000000000000000000e+01 -9.857149422168731689e-02
2.100000000000000000e+01 -1.273149698972702026e-01
2.200000000000000000e+01 -1.528307646512985229e-01
2.300000000000000000e+01 -1.753408461809158325e-01
2.400000000000000000e+01 -1.942983418703079224e-01
2.500000000000000000e+01 -2.097646147012710571e-01
2.600000000000000000e+01 -2.220163643360137939e-01
2.700000000000000000e+01 -2.309847772121429443e-01
2.800000000000000000e+01 -2.366985827684402466e-01
2.900000000000000000e+01 -2.398190796375274658e-01
3.000000000000000000e+01 -2.399507164955139160e-01
3.100000000000000000e+01 -2.378154993057250977e-01
3.200000000000000000e+01 -2.337436228990554810e-01
3.300000000000000000e+01 -2.275804132223129272e-01
3.400000000000000000e+01 -2.196334302425384521e-01
3.500000000000000000e+01 -2.102105319499969482e-01
3.600000000000000000e+01 -1.992184519767761230e-01
3.700000000000000000e+01 -1.873489320278167725e-01
3.800000000000000000e+01 -1.748701781034469604e-01
3.900000000000000000e+01 -1.616617143154144287e-01
4.000000000000000000e+01 -1.477677226066589355e-01
4.100000000000000000e+01 -1.336157619953155518e-01
4.200000000000000000e+01 -1.194809973239898682e-01
4.300000000000000000e+01 -1.055249720811843872e-01
4.400000000000000000e+01 -9.188430011272430420e-02
4.500000000000000000e+01 -7.910593599081039429e-02
4.600000000000000000e+01 -6.690895557403564453e-02
4.700000000000000000e+01 -5.492117255926132202e-02
4.800000000000000000e+01 -4.314899072051048279e-02
4.900000000000000000e+01 -3.196464106440544128e-02
5.000000000000000000e+01 -2.145891077816486359e-02
5.100000000000000000e+01 -1.190255954861640930e-02
5.200000000000000000e+01 -2.941515995189547539e-03
5.300000000000000000e+01 5.455018021166324615e-03
5.400000000000000000e+01 1.318820659071207047e-02
5.500000000000000000e+01 2.010367438197135925e-02
5.600000000000000000e+01 2.583939768373966217e-02
5.700000000000000000e+01 3.127207234501838684e-02
5.800000000000000000e+01 3.632045909762382507e-02
5.900000000000000000e+01 4.131425917148590088e-02
6.000000000000000000e+01 4.501065611839294434e-02
6.100000000000000000e+01 4.797055944800376892e-02
6.200000000000000000e+01 5.039357766509056091e-02
6.300000000000000000e+01 5.235541611909866333e-02
6.400000000000000000e+01 5.333136022090911865e-02
6.500000000000000000e+01 5.413398519158363342e-02
6.600000000000000000e+01 5.414399504661560059e-02
6.700000000000000000e+01 5.410107225179672241e-02
6.800000000000000000e+01 5.263574793934822083e-02
6.900000000000000000e+01 5.098408088088035583e-02
7.000000000000000000e+01 4.907341301441192627e-02
7.100000000000000000e+01 4.687960073351860046e-02
7.200000000000000000e+01 4.449900612235069275e-02
7.300000000000000000e+01 4.183811694383621216e-02
7.400000000000000000e+01 3.974319994449615479e-02
7.500000000000000000e+01 3.746325522661209106e-02
7.600000000000000000e+01 3.479328006505966187e-02
7.700000000000000000e+01 3.162346035242080688e-02
7.800000000000000000e+01 2.885109931230545044e-02
7.900000000000000000e+01 2.618337050080299377e-02
8.000000000000000000e+01 2.326861768960952759e-02
8.100000000000000000e+01 1.987193524837493896e-02
8.200000000000000000e+01 1.697932556271553040e-02
8.300000000000000000e+01 1.417550537735223770e-02
8.400000000000000000e+01 1.182389538735151291e-02
8.500000000000000000e+01 9.359411895275115967e-03
8.600000000000000000e+01 7.426497526466846466e-03
8.700000000000000000e+01 6.076068617403507233e-03
8.800000000000000000e+01 4.865160211920738220e-03
8.900000000000000000e+01 3.043228760361671448e-03
9.000000000000000000e+01 4.028854309581220150e-04
9.100000000000000000e+01 -2.656608819961547852e-03
9.200000000000000000e+01 -4.754337947815656662e-03
9.300000000000000000e+01 -5.370480939745903015e-03
9.400000000000000000e+01 -5.600519478321075439e-03
9.500000000000000000e+01 -5.393765401095151901e-03
9.600000000000000000e+01 -7.019104436039924622e-03
9.700000000000000000e+01 -9.447770193219184875e-03
9.800000000000000000e+01 -1.251496747136116028e-02
9.900000000000000000e+01 -1.440351083874702454e-02
