1.000000000000000000e+00 1.000000000000000000e+00
2.000000000000000000e+00 7.294657230377197266e-01
3.000000000000000000e+00 5.272995829582214355e-01
4.000000000000000000e+00 3.742204606533050537e-01
5.000000000000000000e+00 2.610789537429809570e-01
6.000000000000000000e+00 1.787505000829696655e-01
7.000000000000000000e+00 1.197827383875846863e-01
8.000000000000000000e+00 7.814614474773406982e-02
9.000000000000000000e+00 4.870239272713661194e-02
1.000000000000000000e+01 2.800252288579940796e-02
1.100000000000000000e+01 1.428157743066549301e-02
1.200000000000000000e+01 5.206597503274679184e-03
1.300000000000000000e+01 -7.189257303252816200e-04
1.400000000000000000e+01 -4.426233470439910889e-03
1.500000000000000000e+01 -6.383472122251987457e-03
1.600000000000000000e+01 -7.581019308418035507e-03
1.700000000000000000e+01 -8.597075939178466797e-03
1.800000000000000000e+01 -9.866783395409584045e-03
1.900000000000000000e+01 -1.043736934661865234e-02
2.000000000000000000e+01 -9.601917117834091187e-03
2.100000000000000000e+01 -7.864441722631454468e-03
2.200000000000000000e+01 -6.332492455840110779e-03
2.300000000000000000e+01 -5.865212995558977127e-03
2.400000000000000000e+01 -4.504043143242597580e-03
2.500000000000000000e+01 -4.059016704559326172e-03
2.600000000000000000e+01 -3.603488439694046974e-03
2.700000000000000000e+01 -2.947748871520161629e-03
2.800000000000000000e+01 -1.938245259225368500e-03
2.900000000000000000e+01 -1.657949294894933701e-03
3.000000000000000000e+01 -1.569688785821199417e-03
3.100000000000000000e+01 -1.256127958185970783e-03
3.200000000000000000e+01 -4.342928004916757345e-04
3.300000000000000000e+01 -3.490670351311564445e-04
3.400000000000000000e+01 -5.899533280171453953e-04
3.500000000000000000e+01 -4.153437912464141846e-04
3.600000000000000000e+01 -1.252278801985085011e-03
3.700000000000000000e+01 -1.763913198374211788e-03
3.800000000000000000e+01 -1.217215671204030514e-03
3.900000000000000000e+01 -9.807177120819687843e-04
4.000000000000000000e+01 -7.483321242034435272e-04
4.100000000000000000e+01 -3.775531658902764320e-04
4.200000000000000000e+01 3.108334203716367483e-04
4.300000000000000000e+01 -1.075161053449846804e-04
4.400000000000000000e+01 2.145333855878561735e-04
4.500000000000000000e+01 8.531754720024764538e-04
4.600000000000000000e+01 4.299228894524276257e-04
4.700000000000000000e+01 1.209187554195523262e-03
4.800000000000000000e+01 1.763170002959668636e-03
4.900000000000000000e+01 2.067626453936100006e-03
5.000000000000000000e+01 2.082278486341238022e-03
5.100000000000000000e+01 1.016253372654318810e-03
5.200000000000000000e+01 1.181944026029668748e-04
5.300000000000000000e+01 -5.583598976954817772e-04
5.400000000000000000e+01 -7.887946594564709812e-06
5.500000000000000000e+01 -8.694284479133784771e-04
5.600000000000000000e+01 -1.945198513567447662e-03
5.700000000000000000e+01 -1.477929065003991127e-03
5.800000000000000000e+01 -1.380983740091323853e-03
5.900000000000000000e+01 -2.328243106603622437e-03
6.000000000000000000e+01 -2.287339186295866966e-03
6.100000000000000000e+01 -2.853154437616467476e-03
6.200000000000000000e+01 -2.551923738792538643e-03
6.300000000000000000e+01 -1.477545942179858685e-03
6.400000000000000000e+01 -2.373051393078640103e-04
6.500000000000000000e+01 -3.454248944763094187e-04
6.600000000000000000e+01 -4.362514591775834560e-04
6.700000000000000000e+01 3.300375828985124826e-04
6.800000000000000000e+01 7.110059959813952446e-04
6.900000000000000000e+01 -1.009178668027743697e-04
7.000000000000000000e+01 -1.594956265762448311e-03
7.100000000000000000e+01 -1.933736493811011314e-03
7.200000000000000000e+01 -2.861585468053817749e-03
7.300000000000000000e+01 -4.293327219784259796e-03
7.400000000000000000e+01 -6.035595666617155075e-03
7.500000000000000000e+01 -5.110496189445257187e-03
7.600000000000000000e+01 -4.701602738350629807e-03
7.700000000000000000e+01 -4.379696212708950043e-03
7.800000000000000000e+01 -5.009723827242851257e-03
7.900000000000000000e+01 -5.611518863588571548e-03
8.000000000000000000e+01 -4.903696943074464798e-03
8.100000000000000000e+01 -5.901469849050045013e-03
8.200000000000000000e+01 -6.972306873649358749e-03
8.300000000000000000e+01 -5.324454046785831451e-03
8.400000000000000000e+01 -3.685889765620231628e-03
8.500000000000000000e+01 -1.381959998980164528e-03
8.600000000000000000e+01 -4.770157684106379747e-04
8.700000000000000000e+01 3.476928686723113060e-04
8.800000000000000000e+01 -1.216144883073866367e-04
8.900000000000000000e+01 1.712070079520344734e-03
9.000000000000000000e+01 1.908343867398798466e-03
9.100000000000000000e+01 9.735245257616043091e-04
9.200000000000000000e+01 -5.708615062758326530e-04
9.300000000000000000e+01 -1.166879897937178612e-03
9.400000000000000000e+01 -4.314833131502382457e-05
9.500000000000000000e+01 7.723665330559015274e-04
9.600000000000000000e+01 3.067787503823637962e-03
9.700000000000000000e+01 3.449259093031287193e-03
9.800000000000000000e+01 5.086002056486904621e-04
9.900000000000000000e+01 1.327889505773782730e-03
