1.000000000000000000e+00 1.000000000000000000e+00
2.000000000000000000e+00 8.794094324111938477e-01
3.000000000000000000e+00 7.863125801086425781e-01
4.000000000000000000e+00 7.064545750617980957e-01
5.000000000000000000e+00 6.343649029731750488e-01
6.000000000000000000e+00 5.675404071807861328e-01
7.000000000000000000e+00 5.048398971557617188e-01
8.000000000000000000e+00 4.457481205463409424e-01
9.000000000000000000e+00 3.892025947570800781e-01
1.000000000000000000e+01 3.354623913764953613e-01
1.100000000000000000e+01 2.840581834316253662e-01
1.200000000000000000e+01 2.344672977924346924e-01
1.300000000000000000e+01 1.863869875669479370e-01
1.400000000000000000e+01 1.399187147617340088e-01
1.500000000000000000e+01 9.518422931432723999e-02
1.600000000000000000e+01 5.265888571739196777e-02
1.700000000000000000e+01 1.235028263181447983e-02
1.800000000000000000e+01 -2.573210000991821289e-02
1.900000000000000000e+01 -6.133420020341873169e-02
2.000000000000000000e+01 -9.440434724092483521e-02
2.100000000000000000e+01 -1.244512051343917847e-01
2.200000000000000000e+01 -1.511518359184265137e-01
2.300000000000000000e+01 -1.745308637619018555e-01
2.400000000000000000e+01 -1.947593688964843750e-01
2.500000000000000000e+01 -2.115205675363540649e-01
2.600000000000000000e+01 -2.251022905111312866e-01
2.700000000000000000e+01 -2.355043441057205200e-01
2.800000000000000000e+01 -2.428008168935775757e-01
2.900000000000000000e+01 -2.468427866697311401e-01
3.000000000000000000e+01 -2.481105774641036987e-01
3.100000000000000000e+01 -2.467597424983978271e-01
3.200000000000000000e+01 -2.431156188249588013e-01
3.300000000000000000e+01 -2.373547852039337158e-01
3.400000000000000000e+01 -2.297968566417694092e-01
3.500000000000000000e+01 -2.208785414695739746e-01
3.600000000000000000e+01 -2.106621861457824707e-01
3.700000000000000000e+01 -1.990139335393905640e-01
3.800000000000000000e+01 -1.867182403802871704e-01
3.900000000000000000e+01 -1.735083013772964478e-01
4.000000000000000000e+01 -1.598608642816543579e-01
4.100000000000000000e+01 -1.462408751249313354e-01
4.200000000000000000e+01 -1.321857720613479614e-01
4.300000000000000000e+01 -1.183821335434913635e-01
4.400000000000000000e+01 -1.047384664416313171e-01
4.500000000000000000e+01 -9.139464050531387329e-02
4.600000000000000000e+01 -7.830951362848281860e-02
4.700000000000000000e+01 -6.543641537427902222e-02
4.800000000000000000e+01 -5.343020707368850708e-02
4.900000000000000000e+01 -4.149700328707695007e-02
5.000000000000000000e+01 -3.081599995493888855e-02
5.100000000000000000e+01 -2.041183225810527802e-02
5.200000000000000000e+01 -1.096311677247285843e-02
5.300000000000000000e+01 -2.520540496334433556e-03
5.400000000000000000e+01 5.051826126873493195e-03
5.500000000000000000e+01 1.211321912705898285e-02
5.600000000000000000e+01 1.889360882341861725e-02
5.700000000000000000e+01 2.505457028746604919e-02
5.800000000000000000e+01 3.090660087764263153e-02
5.900000000000000000e+01 3.588331118226051331e-02
6.000000000000000000e+01 3.984193876385688782e-02
6.100000000000000000e+01 4.342505335807800293e-02
6.200000000000000000e+01 4.683942347764968872e-02
6.300000000000000000e+01 4.935149848461151123e-02
6.400000000000000000e+01 5.177912116050720215e-02
6.500000000000000000e+01 5.313497409224510193e-02
6.600000000000000000e+01 5.376223102211952209e-02
6.700000000000000000e+01 5.416012927889823914e-02
6.800000000000000000e+01 5.393733829259872437e-02
6.900000000000000000e+01 5.391967296600341797e-02
7.000000000000000000e+01 5.308169126510620117e-02
7.100000000000000000e+01 5.140693113207817078e-02
7.200000000000000000e+01 4.900491982698440552e-02
7.300000000000000000e+01 4.608981311321258545e-02
7.400000000000000000e+01 4.338647425174713135e-02
7.500000000000000000e+01 4.075272008776664734e-02
7.600000000000000000e+01 3.800349310040473938e-02
7.700000000000000000e+01 3.513498976826667786e-02
7.800000000000000000e+01 3.255326673388481140e-02
7.900000000000000000e+01 2.999221347272396088e-02
8.000000000000000000e+01 2.794745378196239471e-02
8.100000000000000000e+01 2.638385072350502014e-02
8.200000000000000000e+01 2.431975491344928741e-02
8.300000000000000000e+01 2.234131842851638794e-02
8.400000000000000000e+01 2.070294506847858429e-02
8.500000000000000000e+01 1.873391121625900269e-02
8.600000000000000000e+01 1.754088327288627625e-02
8.700000000000000000e+01 1.566789858043193817e-02
8.800000000000000000e+01 1.404125615954399109e-02
8.900000000000000000e+01 1.148865185678005219e-02
9.000000000000000000e+01 9.308015927672386169e-03
9.100000000000000000e+01 7.964285090565681458e-03
9.200000000000000000e+01 7.463349029421806335e-03
9.300000000000000000e+01 6.772817578166723251e-03
9.400000000000000000e+01 4.020925611257553101e-03
9.500000000000000000e+01 2.623599953949451447e-03
9.600000000000000000e+01 1.641627983190119267e-03
9.700000000000000000e+01 1.763919950462877750e-03
9.800000000000000000e+01 2.377045108005404472e-03
9.900000000000000000e+01 1.293749315664172173e-03
