1.000000000000000000e+00 1.000000000000000000e+00
2.000000000000000000e+00 8.799661397933959961e-01
3.000000000000000000e+00 7.876293063163757324e-01
4.000000000000000000e+00 7.082859277725219727e-01
5.000000000000000000e+00 6.365083456039428711e-01
6.000000000000000000e+00 5.699960589408874512e-01
7.000000000000000000e+00 5.076055526733398438e-01
8.000000000000000000e+00 4.488604366779327393e-01
9.000000000000000000e+00 3.930776715278625488e-01
1.000000000000000000e+01 3.397804498672485352e-01
1.100000000000000000e+01 2.884001731872558594e-01
1.200000000000000000e+01 2.389142364263534546e-01
1.300000000000000000e+01 1.908702850341796875e-01
1.400000000000000000e+01 1.446650475263595581e-01
1.500000000000000000e+01 1.001791283488273621e-01
1.600000000000000000e+01 5.736657604575157166e-02
1.700000000000000000e+01 1.653554476797580719e-02
1.800000000000000000e+01 -2.209591306746006012e-02
1.900000000000000000e+01 -5.836427211761474609e-02
2.000000000000000000e+01 -9.189683943986892700e-02
2.100000000000000000e+01 -1.224457621574401855e-01
2.200000000000000000e+01 -1.498091667890548706e-01
2.300000000000000000e+01 -1.739941388368606567e-01
2.400000000000000000e+01 -1.947363764047622681e-01
2.500000000000000000e+01 -2.119411826133728027e-01
2.600000000000000000e+01 -2.254576683044433594e-01
2.700000000000000000e+01 -2.359830588102340698e-01
2.800000000000000000e+01 -2.434934675693511963e-01
2.900000000000000000e+01 -2.483629584312438965e-01
3.000000000000000000e+01 -2.507972717285156250e-01
3.100000000000000000e+01 -2.506561279296875000e-01
3.200000000000000000e+01 -2.477396428585052490e-01
3.300000000000000000e+01 -2.421607822179794312e-01
3.400000000000000000e+01 -2.344817966222763062e-01
3.500000000000000000e+01 -2.255244851112365723e-01
3.600000000000000000e+01 -2.153074443340301514e-01
3.700000000000000000e+01 -2.036441266536712646e-01
3.800000000000000000e+01 -1.912892162799835205e-01
3.900000000000000000e+01 -1.780660450458526611e-01
4.000000000000000000e+01 -1.645670533180236816e-01
4.100000000000000000e+01 -1.507111191749572754e-01
4.200000000000000000e+01 -1.365525424480438232e-01
4.300000000000000000e+01 -1.223194971680641174e-01
4.400000000000000000e+01 -1.083364039659500122e-01
4.500000000000000000e+01 -9.472124278545379639e-02
4.600000000000000000e+01 -8.142371475696563721e-02
4.700000000000000000e+01 -6.837109476327896118e-02
4.800000000000000000e+01 -5.583539232611656189e-02
4.900000000000000000e+01 -4.429119080305099487e-02
5.000000000000000000e+01 -3.318061679601669312e-02
5.100000000000000000e+01 -2.241811342537403107e-02
5.200000000000000000e+01 -1.241468358784914017e-02
5.300000000000000000e+01 -3.501480445265769958e-03
5.400000000000000000e+01 4.934709519147872925e-03
5.500000000000000000e+01 1.295111887156963348e-02
5.600000000000000000e+01 2.003184705972671509e-02
5.700000000000000000e+01 2.608141861855983734e-02
5.800000000000000000e+01 3.180987760424613953e-02
5.900000000000000000e+01 3.677154704928398132e-02
6.000000000000000000e+01 4.162892326712608337e-02
6.100000000000000000e+01 4.579551517963409424e-02
6.200000000000000000e+01 4.895373433828353882e-02
6.300000000000000000e+01 5.166465789079666138e-02
6.400000000000000000e+01 5.362252146005630493e-02
6.500000000000000000e+01 5.501209571957588196e-02
6.600000000000000000e+01 5.634963139891624451e-02
6.700000000000000000e+01 5.684453994035720825e-02
6.800000000000000000e+01 5.691440403461456299e-02
6.900000000000000000e+01 5.644501373171806335e-02
7.000000000000000000e+01 5.582855269312858582e-02
7.100000000000000000e+01 5.448867380619049072e-02
7.200000000000000000e+01 5.254932865500450134e-02
7.300000000000000000e+01 5.027795210480690002e-02
7.400000000000000000e+01 4.751105234026908875e-02
7.500000000000000000e+01 4.557901993393898010e-02
7.600000000000000000e+01 4.326074570417404175e-02
7.700000000000000000e+01 4.058901965618133545e-02
7.800000000000000000e+01 3.828663751482963562e-02
7.900000000000000000e+01 3.619914129376411438e-02
8.000000000000000000e+01 3.289556875824928284e-02
8.100000000000000000e+01 2.981646358966827393e-02
8.200000000000000000e+01 2.653357386589050293e-02
8.300000000000000000e+01 2.368991822004318237e-02
8.400000000000000000e+01 2.115140855312347412e-02
8.500000000000000000e+01 1.890421099960803986e-02
8.600000000000000000e+01 1.665186136960983276e-02
8.700000000000000000e+01 1.471571531146764755e-02
8.800000000000000000e+01 1.268919091671705246e-02
8.900000000000000000e+01 1.056915987282991409e-02
9.000000000000000000e+01 8.689611218869686127e-03
9.100000000000000000e+01 6.498539354652166367e-03
9.200000000000000000e+01 4.138578660786151886e-03
9.300000000000000000e+01 1.800095662474632263e-03
9.400000000000000000e+01 -7.528463029302656651e-04
9.500000000000000000e+01 -2.619342412799596786e-03
9.600000000000000000e+01 -3.096794011071324348e-03
9.700000000000000000e+01 -6.675245705991983414e-03
9.800000000000000000e+01 -8.080956526100635529e-03
9.900000000000000000e+01 -1.142161805182695389e-02
