1.000000000000000000e+00 1.000000000000000000e+00
2.000000000000000000e+00 7.604014277458190918e-01
3.000000000000000000e+00 5.849351286888122559e-01
4.000000000000000000e+00 4.477894902229309082e-01
5.000000000000000000e+00 3.393880724906921387e-01
6.000000000000000000e+00 2.525923550128936768e-01
7.000000000000000000e+00 1.829318553209304810e-01
8.000000000000000000e+00 1.274825334548950195e-01
9.000000000000000000e+00 8.309599012136459351e-02
1.000000000000000000e+01 4.818684980273246765e-02
1.100000000000000000e+01 2.102785557508468628e-02
1.200000000000000000e+01 4.324235778767615557e-04
1.300000000000000000e+01 -1.463386695832014084e-02
1.400000000000000000e+01 -2.582217194139957428e-02
1.500000000000000000e+01 -3.347452729940414429e-02
1.600000000000000000e+01 -3.809643164277076721e-02
1.700000000000000000e+01 -4.022446647286415100e-02
1.800000000000000000e+01 -4.037100076675415039e-02
1.900000000000000000e+01 -3.922647982835769653e-02
2.000000000000000000e+01 -3.735111653804779053e-02
2.100000000000000000e+01 -3.484780713915824890e-02
2.200000000000000000e+01 -3.225755318999290466e-02
2.300000000000000000e+01 -2.936024591326713562e-02
2.400000000000000000e+01 -2.617404237389564514e-02
2.500000000000000000e+01 -2.327021956443786621e-02
2.600000000000000000e+01 -2.048611454665660858e-02
2.700000000000000000e+01 -1.796879246830940247e-02
2.800000000000000000e+01 -1.576153747737407684e-02
2.900000000000000000e+01 -1.369378436356782913e-02
3.000000000000000000e+01 -1.236016210168600082e-02
3.100000000000000000e+01 -1.132058538496494293e-02
3.200000000000000000e+01 -1.011515408754348755e-02
3.300000000000000000e+01 -8.916876278817653656e-03
3.400000000000000000e+01 -7.126620505005121231e-03
3.500000000000000000e+01 -5.515092518180608749e-03
3.600000000000000000e+01 -4.014974925667047501e-03
3.700000000000000000e+01 -3.029588144272565842e-03
3.800000000000000000e+01 -1.961780479177832603e-03
3.900000000000000000e+01 -1.450394280254840851e-03
4.000000000000000000e+01 -1.734112505801022053e-03
4.100000000000000000e+01 -1.578517723828554153e-03
4.200000000000000000e+01 -1.458254293538630009e-03
4.300000000000000000e+01 -9.316031937487423420e-04
4.400000000000000000e+01 1.195536315208300948e-04
4.500000000000000000e+01 7.216633530333638191e-04
4.600000000000000000e+01 9.273547329939901829e-04
4.700000000000000000e+01 1.168949296697974205e-03
4.800000000000000000e+01 6.568935350514948368e-04
4.900000000000000000e+01 -3.383530420251190662e-04
5.000000000000000000e+01 -1.581882941536605358e-03
5.100000000000000000e+01 -1.934560830704867840e-03
5.200000000000000000e+01 -2.110712230205535889e-03
5.300000000000000000e+01 -2.538728294894099236e-03
5.400000000000000000e+01 -2.652131486684083939e-03
5.500000000000000000e+01 -1.855957205407321453e-03
5.600000000000000000e+01 -6.233291351236402988e-04
5.700000000000000000e+01 1.035622204653918743e-03
5.800000000000000000e+01 1.883213757537305355e-03
5.900000000000000000e+01 2.345100045204162598e-03
6.000000000000000000e+01 3.004170954227447510e-03
6.100000000000000000e+01 3.287784289568662643e-03
6.200000000000000000e+01 2.770503051578998566e-03
6.300000000000000000e+01 2.033747266978025436e-03
6.400000000000000000e+01 1.102342852391302586e-03
6.500000000000000000e+01 4.929477581754326820e-04
6.600000000000000000e+01 4.637392412405461073e-04
6.700000000000000000e+01 1.476670615375041962e-03
6.800000000000000000e+01 1.781512517482042313e-03
6.900000000000000000e+01 2.193635562434792519e-03
7.000000000000000000e+01 2.212052466347813606e-03
7.100000000000000000e+01 1.808513305149972439e-03
7.200000000000000000e+01 1.430530683137476444e-03
7.300000000000000000e+01 3.312225453555583954e-04
7.400000000000000000e+01 -9.955149143934249878e-04
7.500000000000000000e+01 -7.895724847912788391e-04
7.600000000000000000e+01 -4.027994582429528236e-04
7.700000000000000000e+01 5.815893528051674366e-04
7.800000000000000000e+01 8.985608001239597797e-04
7.900000000000000000e+01 3.719834785442799330e-04
8.000000000000000000e+01 -3.174582379870116711e-04
8.100000000000000000e+01 -8.073963108472526073e-04
8.200000000000000000e+01 -1.365016214549541473e-03
8.300000000000000000e+01 -1.013795612379908562e-03
8.400000000000000000e+01 -1.690247299848124385e-04
8.500000000000000000e+01 -8.828122372506186366e-05
8.600000000000000000e+01 3.287936124252155423e-05
8.700000000000000000e+01 7.057936745695769787e-04
8.800000000000000000e+01 2.546756295487284660e-04
8.900000000000000000e+01 7.118651992641389370e-04
9.000000000000000000e+01 3.346016164869070053e-04
9.100000000000000000e+01 1.131726457970216870e-04
9.200000000000000000e+01 -2.106165280565619469e-03
9.300000000000000000e+01 -2.329786773771047592e-03
9.400000000000000000e+01 -4.146130755543708801e-03
9.500000000000000000e+01 -4.965403117239475250e-03
9.600000000000000000e+01 -9.506972506642341614e-03
9.700000000000000000e+01 -1.107955630868673325e-02
9.800000000000000000e+01 -1.337545365095138550e-02
9.900000000000000000e+01 -1.304055750370025635e-02
