1.000000000000000000e+00 1.000000000000000000e+00
2.000000000000000000e+00 8.775195479393005371e-01
3.000000000000000000e+00 7.834569811820983887e-01
4.000000000000000000e+00 7.032994627952575684e-01
5.000000000000000000e+00 6.306746006011962891e-01
6.000000000000000000e+00 5.635280013084411621e-01
7.000000000000000000e+00 5.007333755493164062e-01
8.000000000000000000e+00 4.416216015815734863e-01
9.000000000000000000e+00 3.853759467601776123e-01
1.000000000000000000e+01 3.317540884017944336e-01
1.100000000000000000e+01 2.802288234233856201e-01
1.200000000000000000e+01 2.305283993482589722e-01
1.300000000000000000e+01 1.828681081533432007e-01
1.400000000000000000e+01 1.367287784814834595e-01
1.500000000000000000e+01 9.248474240303039551e-02
1.600000000000000000e+01 5.012438818812370300e-02
1.700000000000000000e+01 1.015403587371110916e-02
1.800000000000000000e+01 -2.750641852617263794e-02
1.900000000000000000e+01 -6.270252913236618042e-02
2.000000000000000000e+01 -9.496564418077468872e-02
2.100000000000000000e+01 -1.245423778891563416e-01
2.200000000000000000e+01 -1.506765335798263550e-01
2.300000000000000000e+01 -1.737879812717437744e-01
2.400000000000000000e+01 -1.933514922857284546e-01
2.500000000000000000e+01 -2.095350921154022217e-01
2.600000000000000000e+01 -2.225287109613418579e-01
2.700000000000000000e+01 -2.323520183563232422e-01
2.800000000000000000e+01 -2.392137795686721802e-01
2.900000000000000000e+01 -2.433521747589111328e-01
3.000000000000000000e+01 -2.444871664047241211e-01
3.100000000000000000e+01 -2.430258542299270630e-01
3.200000000000000000e+01 -2.390402257442474365e-01
3.300000000000000000e+01 -2.326505333185195923e-01
3.400000000000000000e+01 -2.245571911334991455e-01
3.500000000000000000e+01 -2.151057422161102295e-01
3.600000000000000000e+01 -2.048030495643615723e-01
3.700000000000000000e+01 -1.933026760816574097e-01
3.800000000000000000e+01 -1.809853464365005493e-01
3.900000000000000000e+01 -1.678536385297775269e-01
4.000000000000000000e+01 -1.544143110513687134e-01
4.100000000000000000e+01 -1.410238891839981079e-01
4.200000000000000000e+01 -1.275259256362915039e-01
4.300000000000000000e+01 -1.142510771751403809e-01
4.400000000000000000e+01 -1.011915430426597595e-01
4.500000000000000000e+01 -8.807588368654251099e-02
4.600000000000000000e+01 -7.511056959629058838e-02
4.700000000000000000e+01 -6.280297785997390747e-02
4.800000000000000000e+01 -5.126083642244338989e-02
4.900000000000000000e+01 -4.005895182490348816e-02
5.000000000000000000e+01 -2.968299388885498047e-02
5.100000000000000000e+01 -1.952410861849784851e-02
5.200000000000000000e+01 -1.013214699923992157e-02
5.300000000000000000e+01 -1.709845266304910183e-03
5.400000000000000000e+01 6.008658558130264282e-03
5.500000000000000000e+01 1.325574517250061035e-02
5.600000000000000000e+01 1.988503895699977875e-02
5.700000000000000000e+01 2.603399381041526794e-02
5.800000000000000000e+01 3.102440200746059418e-02
5.900000000000000000e+01 3.500614687800407410e-02
6.000000000000000000e+01 3.872794285416603088e-02
6.100000000000000000e+01 4.176753014326095581e-02
6.200000000000000000e+01 4.433705657720565796e-02
6.300000000000000000e+01 4.585014283657073975e-02
6.400000000000000000e+01 4.745188727974891663e-02
6.500000000000000000e+01 4.853340983390808105e-02
6.600000000000000000e+01 4.938522726297378540e-02
6.700000000000000000e+01 4.998847842216491699e-02
6.800000000000000000e+01 5.009147897362709045e-02
6.900000000000000000e+01 4.930472373962402344e-02
7.000000000000000000e+01 4.790238291025161743e-02
7.100000000000000000e+01 4.626254737377166748e-02
7.200000000000000000e+01 4.502922296524047852e-02
7.300000000000000000e+01 4.306498914957046509e-02
7.400000000000000000e+01 4.116186127066612244e-02
7.500000000000000000e+01 3.930639475584030151e-02
7.600000000000000000e+01 3.697025030851364136e-02
7.700000000000000000e+01 3.375458344817161560e-02
7.800000000000000000e+01 3.130827471613883972e-02
7.900000000000000000e+01 2.970484085381031036e-02
8.000000000000000000e+01 2.874522656202316284e-02
8.100000000000000000e+01 2.764058299362659454e-02
8.200000000000000000e+01 2.654781006276607513e-02
8.300000000000000000e+01 2.535644173622131348e-02
8.400000000000000000e+01 2.443771995604038239e-02
8.500000000000000000e+01 2.345454320311546326e-02
8.600000000000000000e+01 2.142314612865447998e-02
8.700000000000000000e+01 1.956964842975139618e-02
8.800000000000000000e+01 1.807283982634544373e-02
8.900000000000000000e+01 1.682410761713981628e-02
9.000000000000000000e+01 1.532938797026872635e-02
9.100000000000000000e+01 1.416146103292703629e-02
9.200000000000000000e+01 1.284160744398832321e-02
9.300000000000000000e+01 1.138329971581697464e-02
9.400000000000000000e+01 9.737623855471611023e-03
9.500000000000000000e+01 7.250271271914243698e-03
9.600000000000000000e+01 6.576308980584144592e-03
9.700000000000000000e+01 3.879042109474539757e-03
9.800000000000000000e+01 5.973400082439184189e-03
9.900000000000000000e+01 1.489052083343267441e-03
