1.000000000000000000e+00 1.000000000000000000e+00
2.000000000000000000e+00 8.804551362991333008e-01
3.000000000000000000e+00 7.886531949043273926e-01
4.000000000000000000e+00 7.098695635795593262e-01
5.000000000000000000e+00 6.386348009109497070e-01
6.000000000000000000e+00 5.724804401397705078e-01
7.000000000000000000e+00 5.103198885917663574e-01
8.000000000000000000e+00 4.514395594596862793e-01
9.000000000000000000e+00 3.957205712795257568e-01
1.000000000000000000e+01 3.422371447086334229e-01
1.100000000000000000e+01 2.907496392726898193e-01
1.200000000000000000e+01 2.410660088062286377e-01
1.300000000000000000e+01 1.933115124702453613e-01
1.400000000000000000e+01 1.469954997301101685e-01
1.500000000000000000e+01 1.023221835494041443e-01
1.600000000000000000e+01 5.943427979946136475e-02
1.700000000000000000e+01 1.870997995138168335e-02
1.800000000000000000e+01 -1.963840052485466003e-02
1.900000000000000000e+01 -5.568378418684005737e-02
2.000000000000000000e+01 -8.896548300981521606e-02
2.100000000000000000e+01 -1.193186715245246887e-01
2.200000000000000000e+01 -1.467685550451278687e-01
2.300000000000000000e+01 -1.712584644556045532e-01
2.400000000000000000e+01 -1.922883391380310059e-01
2.500000000000000000e+01 -2.101618796586990356e-01
2.600000000000000000e+01 -2.247473448514938354e-01
2.700000000000000000e+01 -2.361252456903457642e-01
2.800000000000000000e+01 -2.441552281379699707e-01
2.900000000000000000e+01 -2.493291050195693970e-01
3.000000000000000000e+01 -2.517562508583068848e-01
3.100000000000000000e+01 -2.515368759632110596e-01
3.200000000000000000e+01 -2.489548772573471069e-01
3.300000000000000000e+01 -2.442027926445007324e-01
3.400000000000000000e+01 -2.373285740613937378e-01
3.500000000000000000e+01 -2.289021611213684082e-01
3.600000000000000000e+01 -2.189997881650924683e-01
3.700000000000000000e+01 -2.078824341297149658e-01
3.800000000000000000e+01 -1.959296464920043945e-01
3.900000000000000000e+01 -1.832303404808044434e-01
4.000000000000000000e+01 -1.699336171150207520e-01
4.100000000000000000e+01 -1.561545729637145996e-01
4.200000000000000000e+01 -1.425114274024963379e-01
4.300000000000000000e+01 -1.285645514726638794e-01
4.400000000000000000e+01 -1.143401414155960083e-01
4.500000000000000000e+01 -1.005646884441375732e-01
4.600000000000000000e+01 -8.661165833473205566e-02
4.700000000000000000e+01 -7.343962043523788452e-02
4.800000000000000000e+01 -6.083741784095764160e-02
4.900000000000000000e+01 -4.862293601036071777e-02
5.000000000000000000e+01 -3.702826797962188721e-02
5.100000000000000000e+01 -2.626711688935756683e-02
5.200000000000000000e+01 -1.633225195109844208e-02
5.300000000000000000e+01 -6.492651533335447311e-03
5.400000000000000000e+01 2.783740637823939323e-03
5.500000000000000000e+01 1.113654300570487976e-02
5.600000000000000000e+01 1.869793981313705444e-02
5.700000000000000000e+01 2.573942206799983978e-02
5.800000000000000000e+01 3.198118135333061218e-02
5.900000000000000000e+01 3.738760203123092651e-02
6.000000000000000000e+01 4.232672974467277527e-02
6.100000000000000000e+01 4.683455079793930054e-02
6.200000000000000000e+01 5.030966177582740784e-02
6.300000000000000000e+01 5.323256552219390869e-02
6.400000000000000000e+01 5.559073016047477722e-02
6.500000000000000000e+01 5.706622824072837830e-02
6.600000000000000000e+01 5.825214833021163940e-02
6.700000000000000000e+01 5.880067124962806702e-02
6.800000000000000000e+01 5.924738571047782898e-02
6.900000000000000000e+01 5.883964523673057556e-02
7.000000000000000000e+01 5.796981230378150940e-02
7.100000000000000000e+01 5.664471164345741272e-02
7.200000000000000000e+01 5.507821217179298401e-02
7.300000000000000000e+01 5.317208915948867798e-02
7.400000000000000000e+01 5.130727216601371765e-02
7.500000000000000000e+01 4.839951545000076294e-02
7.600000000000000000e+01 4.521889612078666687e-02
7.700000000000000000e+01 4.220753535628318787e-02
7.800000000000000000e+01 3.954838961362838745e-02
7.900000000000000000e+01 3.711781650781631470e-02
8.000000000000000000e+01 3.489509597420692444e-02
8.100000000000000000e+01 3.278406709432601929e-02
8.200000000000000000e+01 3.032729215919971466e-02
8.300000000000000000e+01 2.720927633345127106e-02
8.400000000000000000e+01 2.476126514375209808e-02
8.500000000000000000e+01 2.210973016917705536e-02
8.600000000000000000e+01 1.950739137828350067e-02
8.700000000000000000e+01 1.685709133744239807e-02
8.800000000000000000e+01 1.440498512238264084e-02
8.900000000000000000e+01 1.242301054298877716e-02
9.000000000000000000e+01 1.038211397826671600e-02
9.100000000000000000e+01 8.930738084018230438e-03
9.200000000000000000e+01 8.687956258654594421e-03
9.300000000000000000e+01 8.583198301494121552e-03
9.400000000000000000e+01 7.380636874586343765e-03
9.500000000000000000e+01 6.927020382136106491e-03
9.600000000000000000e+01 6.522695533931255341e-03
9.700000000000000000e+01 6.123030558228492737e-03
9.800000000000000000e+01 6.011167075484991074e-03
9.900000000000000000e+01 6.832901854068040848e-03
