1.000000000000000000e+00 1.000000000000000000e+00
2.000000000000000000e+00 8.730428814888000488e-01
3.000000000000000000e+00 7.760940194129943848e-01
4.000000000000000000e+00 6.930515170097351074e-01
5.000000000000000000e+00 6.185541152954101562e-01
6.000000000000000000e+00 5.502126812934875488e-01
7.000000000000000000e+00 4.861613810062408447e-01
8.000000000000000000e+00 4.259280264377593994e-01
9.000000000000000000e+00 3.692153096199035645e-01
1.000000000000000000e+01 3.154306411743164062e-01
1.100000000000000000e+01 2.638026475906372070e-01
1.200000000000000000e+01 2.144366055727005005e-01
1.300000000000000000e+01 1.672457009553909302e-01
1.400000000000000000e+01 1.219326257705688477e-01
1.500000000000000000e+01 7.864879071712493896e-02
1.600000000000000000e+01 3.768242523074150085e-02
1.700000000000000000e+01 -1.013253815472126007e-03
1.800000000000000000e+01 -3.675813227891921997e-02
1.900000000000000000e+01 -6.979366391897201538e-02
2.000000000000000000e+01 -9.999249130487442017e-02
2.100000000000000000e+01 -1.272424459457397461e-01
2.200000000000000000e+01 -1.513856798410415649e-01
2.300000000000000000e+01 -1.724336594343185425e-01
2.400000000000000000e+01 -1.897610872983932495e-01
2.500000000000000000e+01 -2.042472213506698608e-01
2.600000000000000000e+01 -2.155272513628005981e-01
2.700000000000000000e+01 -2.237217575311660767e-01
2.800000000000000000e+01 -2.288406044244766235e-01
2.900000000000000000e+01 -2.312346696853637695e-01
3.000000000000000000e+01 -2.308987528085708618e-01
3.100000000000000000e+01 -2.284318506717681885e-01
3.200000000000000000e+01 -2.239994853734970093e-01
3.300000000000000000e+01 -2.175712734460830688e-01
3.400000000000000000e+01 -2.094203382730484009e-01
3.500000000000000000e+01 -2.000898569822311401e-01
3.600000000000000000e+01 -1.893361210823059082e-01
3.700000000000000000e+01 -1.775261461734771729e-01
3.800000000000000000e+01 -1.651309132575988770e-01
3.900000000000000000e+01 -1.523590534925460815e-01
4.000000000000000000e+01 -1.394241750240325928e-01
4.100000000000000000e+01 -1.262973994016647339e-01
4.200000000000000000e+01 -1.130317598581314087e-01
4.300000000000000000e+01 -9.962732344865798950e-02
4.400000000000000000e+01 -8.647648245096206665e-02
4.500000000000000000e+01 -7.380674779415130615e-02
4.600000000000000000e+01 -6.150736287236213684e-02
4.700000000000000000e+01 -4.986092075705528259e-02
4.800000000000000000e+01 -3.896121680736541748e-02
4.900000000000000000e+01 -2.874292246997356415e-02
5.000000000000000000e+01 -1.928029023110866547e-02
5.100000000000000000e+01 -1.016988791525363922e-02
5.200000000000000000e+01 -1.920785522088408470e-03
5.300000000000000000e+01 5.515868775546550751e-03
5.400000000000000000e+01 1.229978352785110474e-02
5.500000000000000000e+01 1.858064159750938416e-02
5.600000000000000000e+01 2.441623806953430176e-02
5.700000000000000000e+01 2.971597760915756226e-02
5.800000000000000000e+01 3.447359800338745117e-02
5.900000000000000000e+01 3.874732926487922668e-02
6.000000000000000000e+01 4.195838421583175659e-02
6.100000000000000000e+01 4.464732483029365540e-02
6.200000000000000000e+01 4.703975841403007507e-02
6.300000000000000000e+01 4.876932874321937561e-02
6.400000000000000000e+01 5.002675205469131470e-02
6.500000000000000000e+01 5.023125186562538147e-02
6.600000000000000000e+01 4.981565102934837341e-02
6.700000000000000000e+01 4.914339259266853333e-02
6.800000000000000000e+01 4.803519695997238159e-02
6.900000000000000000e+01 4.673286899924278259e-02
7.000000000000000000e+01 4.537596181035041809e-02
7.100000000000000000e+01 4.360826686024665833e-02
7.200000000000000000e+01 4.102523252367973328e-02
7.300000000000000000e+01 3.832115232944488525e-02
7.400000000000000000e+01 3.612956032156944275e-02
7.500000000000000000e+01 3.352714702486991882e-02
7.600000000000000000e+01 3.094126470386981964e-02
7.700000000000000000e+01 2.880439162254333496e-02
7.800000000000000000e+01 2.709676139056682587e-02
7.900000000000000000e+01 2.521825581789016724e-02
8.000000000000000000e+01 2.275080792605876923e-02
8.100000000000000000e+01 2.109200321137905121e-02
8.200000000000000000e+01 1.935170590877532959e-02
8.300000000000000000e+01 1.726245135068893433e-02
8.400000000000000000e+01 1.547772902995347977e-02
8.500000000000000000e+01 1.349444780498743057e-02
8.600000000000000000e+01 1.093579363077878952e-02
8.700000000000000000e+01 9.058349765837192535e-03
8.800000000000000000e+01 6.778019014745950699e-03
8.900000000000000000e+01 3.445559879764914513e-03
9.000000000000000000e+01 7.689537596888840199e-04
9.100000000000000000e+01 -1.036208006553351879e-03
9.200000000000000000e+01 -1.915759989060461521e-03
9.300000000000000000e+01 -2.849901793524622917e-03
9.400000000000000000e+01 -3.556114854291081429e-03
9.500000000000000000e+01 -4.562144167721271515e-03
9.600000000000000000e+01 -7.328962907195091248e-03
9.700000000000000000e+01 -9.361318312585353851e-03
9.800000000000000000e+01 -1.224520988762378693e-02
9.900000000000000000e+01 -1.761216484010219574e-02
