1.000000000000000000e+00 1.000000000000000000e+00
2.000000000000000000e+00 8.751475811004638672e-01
3.000000000000000000e+00 7.794092893600463867e-01
4.000000000000000000e+00 6.975453495979309082e-01
5.000000000000000000e+00 6.235670447349548340e-01
6.000000000000000000e+00 5.555443763732910156e-01
7.000000000000000000e+00 4.919888675212860107e-01
8.000000000000000000e+00 4.320059716701507568e-01
9.000000000000000000e+00 3.752600848674774170e-01
1.000000000000000000e+01 3.210345804691314697e-01
1.100000000000000000e+01 2.690663337707519531e-01
1.200000000000000000e+01 2.193308770656585693e-01
1.300000000000000000e+01 1.713414788246154785e-01
1.400000000000000000e+01 1.255689710378646851e-01
1.500000000000000000e+01 8.200187981128692627e-02
1.600000000000000000e+01 4.057689756155014038e-02
1.700000000000000000e+01 1.231902628205716610e-03
1.800000000000000000e+01 -3.541848808526992798e-02
1.900000000000000000e+01 -6.932096183300018311e-02
2.000000000000000000e+01 -1.001761779189109802e-01
2.100000000000000000e+01 -1.277001053094863892e-01
2.200000000000000000e+01 -1.521421372890472412e-01
2.300000000000000000e+01 -1.735856682062149048e-01
2.400000000000000000e+01 -1.916954666376113892e-01
2.500000000000000000e+01 -2.066437005996704102e-01
2.600000000000000000e+01 -2.188863009214401245e-01
2.700000000000000000e+01 -2.278362959623336792e-01
2.800000000000000000e+01 -2.334015965461730957e-01
2.900000000000000000e+01 -2.364823967218399048e-01
3.000000000000000000e+01 -2.368794828653335571e-01
3.100000000000000000e+01 -2.347428947687149048e-01
3.200000000000000000e+01 -2.300957292318344116e-01
3.300000000000000000e+01 -2.234387993812561035e-01
3.400000000000000000e+01 -2.152107805013656616e-01
3.500000000000000000e+01 -2.056173831224441528e-01
3.600000000000000000e+01 -1.946073472499847412e-01
3.700000000000000000e+01 -1.825314462184906006e-01
3.800000000000000000e+01 -1.699507981538772583e-01
3.900000000000000000e+01 -1.568774729967117310e-01
4.000000000000000000e+01 -1.438060849905014038e-01
4.100000000000000000e+01 -1.301662772893905640e-01
4.200000000000000000e+01 -1.166270077228546143e-01
4.300000000000000000e+01 -1.030966043472290039e-01
4.400000000000000000e+01 -8.988022804260253906e-02
4.500000000000000000e+01 -7.669536024332046509e-02
4.600000000000000000e+01 -6.414857506752014160e-02
4.700000000000000000e+01 -5.200786143541336060e-02
4.800000000000000000e+01 -4.059087112545967102e-02
4.900000000000000000e+01 -2.995156869292259216e-02
5.000000000000000000e+01 -1.979518681764602661e-02
5.100000000000000000e+01 -1.068255025893449783e-02
5.200000000000000000e+01 -2.153704175725579262e-03
5.300000000000000000e+01 5.440164357423782349e-03
5.400000000000000000e+01 1.251601055264472961e-02
5.500000000000000000e+01 1.940406672656536102e-02
5.600000000000000000e+01 2.543985657393932343e-02
5.700000000000000000e+01 3.147067129611968994e-02
5.800000000000000000e+01 3.668705001473426819e-02
5.900000000000000000e+01 4.103739559650421143e-02
6.000000000000000000e+01 4.474343731999397278e-02
6.100000000000000000e+01 4.806866496801376343e-02
6.200000000000000000e+01 5.022961646318435669e-02
6.300000000000000000e+01 5.173427984118461609e-02
6.400000000000000000e+01 5.248085409402847290e-02
6.500000000000000000e+01 5.266639217734336853e-02
6.600000000000000000e+01 5.260130390524864197e-02
6.700000000000000000e+01 5.148429051041603088e-02
6.800000000000000000e+01 5.033817142248153687e-02
6.900000000000000000e+01 4.842424392700195312e-02
7.000000000000000000e+01 4.607639834284782410e-02
7.100000000000000000e+01 4.315683990716934204e-02
7.200000000000000000e+01 4.033274203538894653e-02
7.300000000000000000e+01 3.729437664151191711e-02
7.400000000000000000e+01 3.399773687124252319e-02
7.500000000000000000e+01 3.130058944225311279e-02
7.600000000000000000e+01 2.885923907160758972e-02
7.700000000000000000e+01 2.614399045705795288e-02
7.800000000000000000e+01 2.381053753197193146e-02
7.900000000000000000e+01 2.173446677625179291e-02
8.000000000000000000e+01 1.971995085477828979e-02
8.100000000000000000e+01 1.784027740359306335e-02
8.200000000000000000e+01 1.594230346381664276e-02
8.300000000000000000e+01 1.474673859775066376e-02
8.400000000000000000e+01 1.247060485184192657e-02
8.500000000000000000e+01 1.072772778570652008e-02
8.600000000000000000e+01 8.887277916073799133e-03
8.700000000000000000e+01 6.680114194750785828e-03
8.800000000000000000e+01 4.704779945313930511e-03
8.900000000000000000e+01 3.306115977466106415e-03
9.000000000000000000e+01 2.637187950313091278e-03
9.100000000000000000e+01 1.274421811103820801e-03
9.200000000000000000e+01 4.388048837427049875e-04
9.300000000000000000e+01 -7.587132859043776989e-04
9.400000000000000000e+01 -2.304386347532272339e-03
9.500000000000000000e+01 -3.702923189848661423e-03
9.600000000000000000e+01 -4.202758427709341049e-03
9.700000000000000000e+01 -4.304864909499883652e-03
9.800000000000000000e+01 -4.586679860949516296e-03
9.900000000000000000e+01 -5.627014208585023880e-03
