1.000000000000000000e+00 1.000000000000000000e+00
2.000000000000000000e+00 8.699679374694824219e-01
3.000000000000000000e+00 7.709089517593383789e-01
4.000000000000000000e+00 6.861717700958251953e-01
5.000000000000000000e+00 6.107227802276611328e-01
6.000000000000000000e+00 5.415930747985839844e-01
7.000000000000000000e+00 4.770185053348541260e-01
8.000000000000000000e+00 4.166548252105712891e-01
9.000000000000000000e+00 3.597549200057983398e-01
1.000000000000000000e+01 3.059648573398590088e-01
1.100000000000000000e+01 2.545790672302246094e-01
1.200000000000000000e+01 2.056704461574554443e-01
1.300000000000000000e+01 1.587790548801422119e-01
1.400000000000000000e+01 1.137758791446685791e-01
1.500000000000000000e+01 7.105475664138793945e-02
1.600000000000000000e+01 3.071046620607376099e-02
1.700000000000000000e+01 -6.977364886552095413e-03
1.800000000000000000e+01 -4.216688126325607300e-02
1.900000000000000000e+01 -7.438906282186508179e-02
2.000000000000000000e+01 -1.038623601198196411e-01
2.100000000000000000e+01 -1.302150040864944458e-01
2.200000000000000000e+01 -1.530107408761978149e-01
2.300000000000000000e+01 -1.725155264139175415e-01
2.400000000000000000e+01 -1.884417533874511719e-01
2.500000000000000000e+01 -2.012787014245986938e-01
2.600000000000000000e+01 -2.111467123031616211e-01
2.700000000000000000e+01 -2.177678346633911133e-01
2.800000000000000000e+01 -2.217936813831329346e-01
2.900000000000000000e+01 -2.236732989549636841e-01
3.000000000000000000e+01 -2.230685204267501831e-01
3.100000000000000000e+01 -2.199895083904266357e-01
3.200000000000000000e+01 -2.143841981887817383e-01
3.300000000000000000e+01 -2.073895484209060669e-01
3.400000000000000000e+01 -1.985630691051483154e-01
3.500000000000000000e+01 -1.885039508342742920e-01
3.600000000000000000e+01 -1.776097416877746582e-01
3.700000000000000000e+01 -1.660476028919219971e-01
3.800000000000000000e+01 -1.537221670150756836e-01
3.900000000000000000e+01 -1.408447325229644775e-01
4.000000000000000000e+01 -1.278751045465469360e-01
4.100000000000000000e+01 -1.149128302931785583e-01
4.200000000000000000e+01 -1.020751595497131348e-01
4.300000000000000000e+01 -8.967170119285583496e-02
4.400000000000000000e+01 -7.768942415714263916e-02
4.500000000000000000e+01 -6.562542170286178589e-02
4.600000000000000000e+01 -5.420130863785743713e-02
4.700000000000000000e+01 -4.306558892130851746e-02
4.800000000000000000e+01 -3.238804638385772705e-02
4.900000000000000000e+01 -2.254365012049674988e-02
5.000000000000000000e+01 -1.357145980000495911e-02
5.100000000000000000e+01 -5.002734251320362091e-03
5.200000000000000000e+01 3.117811866104602814e-03
5.300000000000000000e+01 1.051191613078117371e-02
5.400000000000000000e+01 1.707964763045310974e-02
5.500000000000000000e+01 2.291623689234256744e-02
5.600000000000000000e+01 2.854412421584129333e-02
5.700000000000000000e+01 3.322409838438034058e-02
5.800000000000000000e+01 3.753463923931121826e-02
5.900000000000000000e+01 4.101436212658882141e-02
6.000000000000000000e+01 4.358408227562904358e-02
6.100000000000000000e+01 4.523276910185813904e-02
6.200000000000000000e+01 4.644776880741119385e-02
6.300000000000000000e+01 4.774282127618789673e-02
6.400000000000000000e+01 4.852601140737533569e-02
6.500000000000000000e+01 4.863182082772254944e-02
6.600000000000000000e+01 4.830696061253547668e-02
6.700000000000000000e+01 4.736382514238357544e-02
6.800000000000000000e+01 4.700404778122901917e-02
6.900000000000000000e+01 4.587261006236076355e-02
7.000000000000000000e+01 4.390390962362289429e-02
7.100000000000000000e+01 4.140592738986015320e-02
7.200000000000000000e+01 3.878941014409065247e-02
7.300000000000000000e+01 3.599688410758972168e-02
7.400000000000000000e+01 3.284162655472755432e-02
7.500000000000000000e+01 2.994867414236068726e-02
7.600000000000000000e+01 2.611999213695526123e-02
7.700000000000000000e+01 2.268007211387157440e-02
7.800000000000000000e+01 1.902039907872676849e-02
7.900000000000000000e+01 1.589454896748065948e-02
8.000000000000000000e+01 1.249286346137523651e-02
8.100000000000000000e+01 9.089554660022258759e-03
8.200000000000000000e+01 6.683083251118659973e-03
8.300000000000000000e+01 5.013729445636272430e-03
8.400000000000000000e+01 3.821822581812739372e-03
8.500000000000000000e+01 2.514868509024381638e-03
8.600000000000000000e+01 1.365300151519477367e-03
8.700000000000000000e+01 -1.783028565114364028e-04
8.800000000000000000e+01 -1.141604268923401833e-03
8.900000000000000000e+01 -1.680465415120124817e-03
9.000000000000000000e+01 -2.016874961555004120e-03
9.100000000000000000e+01 -3.753407625481486320e-03
9.200000000000000000e+01 -5.774094257503747940e-03
9.300000000000000000e+01 -8.193323388695716858e-03
9.400000000000000000e+01 -1.022650301456451416e-02
9.500000000000000000e+01 -1.204801443964242935e-02
9.600000000000000000e+01 -1.390713825821876526e-02
9.700000000000000000e+01 -1.703847572207450867e-02
9.800000000000000000e+01 -1.684831455349922180e-02
9.900000000000000000e+01 -1.546416711062192917e-02
