1.000000000000000000e+00 1.000000000000000000e+00
2.000000000000000000e+00 8.803089857101440430e-01
3.000000000000000000e+00 7.882518768310546875e-01
4.000000000000000000e+00 7.091860771179199219e-01
5.000000000000000000e+00 6.380048394203186035e-01
6.000000000000000000e+00 5.720778107643127441e-01
7.000000000000000000e+00 5.101418495178222656e-01
8.000000000000000000e+00 4.516674578189849854e-01
9.000000000000000000e+00 3.962249457836151123e-01
1.000000000000000000e+01 3.426914513111114502e-01
1.100000000000000000e+01 2.908034026622772217e-01
1.200000000000000000e+01 2.406460642814636230e-01
1.300000000000000000e+01 1.924123764038085938e-01
1.400000000000000000e+01 1.458189785480499268e-01
1.500000000000000000e+01 1.009285375475883484e-01
1.600000000000000000e+01 5.815373361110687256e-02
1.700000000000000000e+01 1.743088662624359131e-02
1.800000000000000000e+01 -2.100322768092155457e-02
1.900000000000000000e+01 -5.709598585963249207e-02
2.000000000000000000e+01 -9.049334377050399780e-02
2.100000000000000000e+01 -1.210808232426643372e-01
2.200000000000000000e+01 -1.484738290309906006e-01
2.300000000000000000e+01 -1.723833084106445312e-01
2.400000000000000000e+01 -1.928850263357162476e-01
2.500000000000000000e+01 -2.105722874402999878e-01
2.600000000000000000e+01 -2.250653952360153198e-01
2.700000000000000000e+01 -2.360903173685073853e-01
2.800000000000000000e+01 -2.443846613168716431e-01
2.900000000000000000e+01 -2.496756762266159058e-01
3.000000000000000000e+01 -2.521704137325286865e-01
3.100000000000000000e+01 -2.520029544830322266e-01
3.200000000000000000e+01 -2.488409131765365601e-01
3.300000000000000000e+01 -2.441045641899108887e-01
3.400000000000000000e+01 -2.372253835201263428e-01
3.500000000000000000e+01 -2.285728603601455688e-01
3.600000000000000000e+01 -2.186778634786605835e-01
3.700000000000000000e+01 -2.076059877872467041e-01
3.800000000000000000e+01 -1.953424662351608276e-01
3.900000000000000000e+01 -1.824005097150802612e-01
4.000000000000000000e+01 -1.683574020862579346e-01
4.100000000000000000e+01 -1.541545242071151733e-01
4.200000000000000000e+01 -1.400366723537445068e-01
4.300000000000000000e+01 -1.259717047214508057e-01
4.400000000000000000e+01 -1.118888035416603088e-01
4.500000000000000000e+01 -9.783335030078887939e-02
4.600000000000000000e+01 -8.429274708032608032e-02
4.700000000000000000e+01 -7.104841619729995728e-02
4.800000000000000000e+01 -5.792050063610076904e-02
4.900000000000000000e+01 -4.568652808666229248e-02
5.000000000000000000e+01 -3.404197469353675842e-02
5.100000000000000000e+01 -2.300606667995452881e-02
5.200000000000000000e+01 -1.304651144891977310e-02
5.300000000000000000e+01 -3.792916191741824150e-03
5.400000000000000000e+01 4.188627935945987701e-03
5.500000000000000000e+01 1.154698431491851807e-02
5.600000000000000000e+01 1.818281225860118866e-02
5.700000000000000000e+01 2.475162222981452942e-02
5.800000000000000000e+01 3.089605830609798431e-02
5.900000000000000000e+01 3.639213740825653076e-02
6.000000000000000000e+01 4.116682335734367371e-02
6.100000000000000000e+01 4.555921629071235657e-02
6.200000000000000000e+01 4.916415736079216003e-02
6.300000000000000000e+01 5.214436352252960205e-02
6.400000000000000000e+01 5.424375832080841064e-02
6.500000000000000000e+01 5.564928054809570312e-02
6.600000000000000000e+01 5.640424042940139771e-02
6.700000000000000000e+01 5.682998895645141602e-02
6.800000000000000000e+01 5.688997730612754822e-02
6.900000000000000000e+01 5.657957121729850769e-02
7.000000000000000000e+01 5.653685331344604492e-02
7.100000000000000000e+01 5.535874515771865845e-02
7.200000000000000000e+01 5.354691669344902039e-02
7.300000000000000000e+01 5.182899907231330872e-02
7.400000000000000000e+01 4.955938458442687988e-02
7.500000000000000000e+01 4.671603813767433167e-02
7.600000000000000000e+01 4.432097822427749634e-02
7.700000000000000000e+01 4.211141914129257202e-02
7.800000000000000000e+01 3.990008309483528137e-02
7.900000000000000000e+01 3.696510568261146545e-02
8.000000000000000000e+01 3.451665490865707397e-02
8.100000000000000000e+01 3.254633769392967224e-02
8.200000000000000000e+01 3.040963970124721527e-02
8.300000000000000000e+01 2.771475352346897125e-02
8.400000000000000000e+01 2.498739399015903473e-02
8.500000000000000000e+01 2.302468940615653992e-02
8.600000000000000000e+01 2.124500833451747894e-02
8.700000000000000000e+01 1.993444189429283142e-02
8.800000000000000000e+01 1.832627318799495697e-02
8.900000000000000000e+01 1.678183861076831818e-02
9.000000000000000000e+01 1.509941462427377701e-02
9.100000000000000000e+01 1.307656429708003998e-02
9.200000000000000000e+01 1.114461384713649750e-02
9.300000000000000000e+01 8.754035457968711853e-03
9.400000000000000000e+01 7.203377783298492432e-03
9.500000000000000000e+01 5.466723348945379257e-03
9.600000000000000000e+01 4.466761369258165359e-03
9.700000000000000000e+01 3.580298507586121559e-03
9.800000000000000000e+01 4.165625199675559998e-03
9.900000000000000000e+01 1.191634568385779858e-03
