1.000000000000000000e+00 1.000000000000000000e+00
2.000000000000000000e+00 8.532817959785461426e-01
3.000000000000000000e+00 7.422908544540405273e-01
4.000000000000000000e+00 6.496316194534301758e-01
5.000000000000000000e+00 5.679123401641845703e-01
6.000000000000000000e+00 4.942882061004638672e-01
7.000000000000000000e+00 4.265735745429992676e-01
8.000000000000000000e+00 3.642642498016357422e-01
9.000000000000000000e+00 3.066998720169067383e-01
1.000000000000000000e+01 2.532460093498229980e-01
1.100000000000000000e+01 2.031746804714202881e-01
1.200000000000000000e+01 1.561654806137084961e-01
1.300000000000000000e+01 1.120690181851387024e-01
1.400000000000000000e+01 7.092835754156112671e-02
1.500000000000000000e+01 3.275103867053985596e-02
1.600000000000000000e+01 -2.519409405067563057e-03
1.700000000000000000e+01 -3.445868566632270813e-02
1.800000000000000000e+01 -6.338322162628173828e-02
1.900000000000000000e+01 -8.923242986202239990e-02
2.000000000000000000e+01 -1.119361072778701782e-01
2.100000000000000000e+01 -1.314612030982971191e-01
2.200000000000000000e+01 -1.481190323829650879e-01
2.300000000000000000e+01 -1.616904139518737793e-01
2.400000000000000000e+01 -1.723293513059616089e-01
2.500000000000000000e+01 -1.797824352979660034e-01
2.600000000000000000e+01 -1.843891888856887817e-01
2.700000000000000000e+01 -1.862840652465820312e-01
2.800000000000000000e+01 -1.858176440000534058e-01
2.900000000000000000e+01 -1.834413707256317139e-01
3.000000000000000000e+01 -1.790281832218170166e-01
3.100000000000000000e+01 -1.727001070976257324e-01
3.200000000000000000e+01 -1.650530248880386353e-01
3.300000000000000000e+01 -1.562089771032333374e-01
3.400000000000000000e+01 -1.467618793249130249e-01
3.500000000000000000e+01 -1.367640793323516846e-01
3.600000000000000000e+01 -1.263535320758819580e-01
3.700000000000000000e+01 -1.152933463454246521e-01
3.800000000000000000e+01 -1.044606119394302368e-01
3.900000000000000000e+01 -9.345100820064544678e-02
4.000000000000000000e+01 -8.299582451581954956e-02
4.100000000000000000e+01 -7.266667485237121582e-02
4.200000000000000000e+01 -6.251820921897888184e-02
4.300000000000000000e+01 -5.285573750734329224e-02
4.400000000000000000e+01 -4.333313554525375366e-02
4.500000000000000000e+01 -3.419497609138488770e-02
4.600000000000000000e+01 -2.541560679674148560e-02
4.700000000000000000e+01 -1.664920523762702942e-02
4.800000000000000000e+01 -8.726352825760841370e-03
4.900000000000000000e+01 -2.078078920021653175e-03
5.000000000000000000e+01 3.906767349690198898e-03
5.100000000000000000e+01 8.957847952842712402e-03
5.200000000000000000e+01 1.311472617089748383e-02
5.300000000000000000e+01 1.684753410518169403e-02
5.400000000000000000e+01 2.071185596287250519e-02
5.500000000000000000e+01 2.436673827469348907e-02
5.600000000000000000e+01 2.730409242212772369e-02
5.700000000000000000e+01 3.002142719924449921e-02
5.800000000000000000e+01 3.230449929833412170e-02
5.900000000000000000e+01 3.326234221458435059e-02
6.000000000000000000e+01 3.397987037897109985e-02
6.100000000000000000e+01 3.395730629563331604e-02
6.200000000000000000e+01 3.409027680754661560e-02
6.300000000000000000e+01 3.408727422356605530e-02
6.400000000000000000e+01 3.412457928061485291e-02
6.500000000000000000e+01 3.409668430685997009e-02
6.600000000000000000e+01 3.383344411849975586e-02
6.700000000000000000e+01 3.298382833600044250e-02
6.800000000000000000e+01 3.143966570496559143e-02
6.900000000000000000e+01 2.963669411838054657e-02
7.000000000000000000e+01 2.773240767419338226e-02
7.100000000000000000e+01 2.572195976972579956e-02
7.200000000000000000e+01 2.396779879927635193e-02
7.300000000000000000e+01 2.177595160901546478e-02
7.400000000000000000e+01 1.916439644992351532e-02
7.500000000000000000e+01 1.624876819550991058e-02
7.600000000000000000e+01 1.285004336386919022e-02
7.700000000000000000e+01 8.943071588873863220e-03
7.800000000000000000e+01 5.738620180636644363e-03
7.900000000000000000e+01 2.468232763931155205e-03
8.000000000000000000e+01 -3.379424451850354671e-04
8.100000000000000000e+01 -2.958947792649269104e-03
8.200000000000000000e+01 -6.136280484497547150e-03
8.300000000000000000e+01 -8.008960634469985962e-03
8.400000000000000000e+01 -1.029483973979949951e-02
8.500000000000000000e+01 -1.296991761773824692e-02
8.600000000000000000e+01 -1.471529807895421982e-02
8.700000000000000000e+01 -1.695499569177627563e-02
8.800000000000000000e+01 -1.789302192628383636e-02
8.900000000000000000e+01 -1.917602308094501495e-02
9.000000000000000000e+01 -1.954049058258533478e-02
9.100000000000000000e+01 -2.010959014296531677e-02
9.200000000000000000e+01 -2.142295613884925842e-02
9.300000000000000000e+01 -2.211097069084644318e-02
9.400000000000000000e+01 -2.483851090073585510e-02
9.500000000000000000e+01 -2.532161772251129150e-02
9.600000000000000000e+01 -2.654883451759815216e-02
9.700000000000000000e+01 -2.683368325233459473e-02
9.800000000000000000e+01 -2.755797095596790314e-02
9.900000000000000000e+01 -2.833685465157032013e-02
