1.000000000000000000e+00 1.000000000000000000e+00
2.000000000000000000e+00 8.626244664192199707e-01
3.000000000000000000e+00 7.584285736083984375e-01
4.000000000000000000e+00 6.705253124237060547e-01
5.000000000000000000e+00 5.923457741737365723e-01
6.000000000000000000e+00 5.209971666336059570e-01
7.000000000000000000e+00 4.553668200969696045e-01
8.000000000000000000e+00 3.941572308540344238e-01
9.000000000000000000e+00 3.372191190719604492e-01
1.000000000000000000e+01 2.836208641529083252e-01
1.100000000000000000e+01 2.326584458351135254e-01
1.200000000000000000e+01 1.844365745782852173e-01
1.300000000000000000e+01 1.383296847343444824e-01
1.400000000000000000e+01 9.482515603303909302e-02
1.500000000000000000e+01 5.396864190697669983e-02
1.600000000000000000e+01 1.569699682295322418e-02
1.700000000000000000e+01 -2.015069685876369476e-02
1.800000000000000000e+01 -5.314358696341514587e-02
1.900000000000000000e+01 -8.318525552749633789e-02
2.000000000000000000e+01 -1.101964414119720459e-01
2.100000000000000000e+01 -1.339624524116516113e-01
2.200000000000000000e+01 -1.544491946697235107e-01
2.300000000000000000e+01 -1.715675592422485352e-01
2.400000000000000000e+01 -1.855625659227371216e-01
2.500000000000000000e+01 -1.961239576339721680e-01
2.600000000000000000e+01 -2.039645463228225708e-01
2.700000000000000000e+01 -2.086672633886337280e-01
2.800000000000000000e+01 -2.103437483310699463e-01
2.900000000000000000e+01 -2.095053941011428833e-01
3.000000000000000000e+01 -2.065771073102951050e-01
3.100000000000000000e+01 -2.021362185478210449e-01
3.200000000000000000e+01 -1.958344429731369019e-01
3.300000000000000000e+01 -1.878116279840469360e-01
3.400000000000000000e+01 -1.781745702028274536e-01
3.500000000000000000e+01 -1.676029711961746216e-01
3.600000000000000000e+01 -1.558227092027664185e-01
3.700000000000000000e+01 -1.435176730155944824e-01
3.800000000000000000e+01 -1.311089247465133667e-01
3.900000000000000000e+01 -1.187309324741363525e-01
4.000000000000000000e+01 -1.066581010818481445e-01
4.100000000000000000e+01 -9.461616724729537964e-02
4.200000000000000000e+01 -8.255166560411453247e-02
4.300000000000000000e+01 -7.072186470031738281e-02
4.400000000000000000e+01 -5.917150527238845825e-02
4.500000000000000000e+01 -4.823616147041320801e-02
4.600000000000000000e+01 -3.764917701482772827e-02
4.700000000000000000e+01 -2.770580165088176727e-02
4.800000000000000000e+01 -1.872068271040916443e-02
4.900000000000000000e+01 -1.011251658201217651e-02
5.000000000000000000e+01 -1.899058697745203972e-03
5.100000000000000000e+01 5.661033093929290771e-03
5.200000000000000000e+01 1.220411248505115509e-02
5.300000000000000000e+01 1.815357804298400879e-02
5.400000000000000000e+01 2.287049032747745514e-02
5.500000000000000000e+01 2.666786685585975647e-02
5.600000000000000000e+01 3.021890670061111450e-02
5.700000000000000000e+01 3.336923569440841675e-02
5.800000000000000000e+01 3.627748042345046997e-02
5.900000000000000000e+01 3.891527280211448669e-02
6.000000000000000000e+01 4.051088541746139526e-02
6.100000000000000000e+01 4.180097952485084534e-02
6.200000000000000000e+01 4.174490645527839661e-02
6.300000000000000000e+01 4.144784435629844666e-02
6.400000000000000000e+01 4.116408526897430420e-02
6.500000000000000000e+01 4.033542424440383911e-02
6.600000000000000000e+01 3.918754681944847107e-02
6.700000000000000000e+01 3.763128444552421570e-02
6.800000000000000000e+01 3.616110235452651978e-02
6.900000000000000000e+01 3.405617550015449524e-02
7.000000000000000000e+01 3.163608908653259277e-02
7.100000000000000000e+01 2.909868583083152771e-02
7.200000000000000000e+01 2.616398595273494720e-02
7.300000000000000000e+01 2.324254252016544342e-02
7.400000000000000000e+01 2.038380503654479980e-02
7.500000000000000000e+01 1.771932281553745270e-02
7.600000000000000000e+01 1.470302045345306396e-02
7.700000000000000000e+01 1.164001878350973129e-02
7.800000000000000000e+01 8.989462628960609436e-03
7.900000000000000000e+01 6.736381445080041885e-03
8.000000000000000000e+01 4.672057926654815674e-03
8.100000000000000000e+01 3.050355706363916397e-03
8.200000000000000000e+01 1.518674311228096485e-03
8.300000000000000000e+01 -2.968841872643679380e-04
8.400000000000000000e+01 -1.781767234206199646e-03
8.500000000000000000e+01 -3.091605845838785172e-03
8.600000000000000000e+01 -4.680087324231863022e-03
8.700000000000000000e+01 -6.143695674836635590e-03
8.800000000000000000e+01 -6.749430205672979355e-03
8.900000000000000000e+01 -7.219343911856412888e-03
9.000000000000000000e+01 -7.660935167223215103e-03
9.100000000000000000e+01 -8.805232122540473938e-03
9.200000000000000000e+01 -1.028041914105415344e-02
9.300000000000000000e+01 -1.281988713890314102e-02
9.400000000000000000e+01 -1.418423373252153397e-02
9.500000000000000000e+01 -1.532461680471897125e-02
9.600000000000000000e+01 -1.528172940015792847e-02
9.700000000000000000e+01 -1.442361157387495041e-02
9.800000000000000000e+01 -1.461055781692266464e-02
9.900000000000000000e+01 -1.403112243860960007e-02
