1.000000000000000000e+00 1.000000000000000000e+00
2.000000000000000000e+00 8.108306527137756348e-01
3.000000000000000000e+00 6.709699034690856934e-01
4.000000000000000000e+00 5.577157735824584961e-01
5.000000000000000000e+00 4.624189436435699463e-01
6.000000000000000000e+00 3.810567855834960938e-01
7.000000000000000000e+00 3.106277883052825928e-01
8.000000000000000000e+00 2.490159422159194946e-01
9.000000000000000000e+00 1.946008056402206421e-01
1.000000000000000000e+01 1.468277722597122192e-01
1.100000000000000000e+01 1.046487912535667419e-01
1.200000000000000000e+01 6.751942634582519531e-02
1.300000000000000000e+01 3.500696644186973572e-02
1.400000000000000000e+01 6.051042117178440094e-03
1.500000000000000000e+01 -1.873505674302577972e-02
1.600000000000000000e+01 -4.018915072083473206e-02
1.700000000000000000e+01 -5.797206982970237732e-02
1.800000000000000000e+01 -7.239655405282974243e-02
1.900000000000000000e+01 -8.405177295207977295e-02
2.000000000000000000e+01 -9.314017742872238159e-02
2.100000000000000000e+01 -9.968676418066024780e-02
2.200000000000000000e+01 -1.038439422845840454e-01
2.300000000000000000e+01 -1.059085801243782043e-01
2.400000000000000000e+01 -1.061966717243194580e-01
2.500000000000000000e+01 -1.047138348221778870e-01
2.600000000000000000e+01 -1.019601002335548401e-01
2.700000000000000000e+01 -9.791000932455062866e-02
2.800000000000000000e+01 -9.316338598728179932e-02
2.900000000000000000e+01 -8.740022033452987671e-02
3.000000000000000000e+01 -8.103925734758377075e-02
3.100000000000000000e+01 -7.400540262460708618e-02
3.200000000000000000e+01 -6.724448502063751221e-02
3.300000000000000000e+01 -6.051843613386154175e-02
3.400000000000000000e+01 -5.398615077137947083e-02
3.500000000000000000e+01 -4.762987419962882996e-02
3.600000000000000000e+01 -4.129594936966896057e-02
3.700000000000000000e+01 -3.598664700984954834e-02
3.800000000000000000e+01 -3.030994907021522522e-02
3.900000000000000000e+01 -2.508809976279735565e-02
4.000000000000000000e+01 -2.021390385925769806e-02
4.100000000000000000e+01 -1.576934382319450378e-02
4.200000000000000000e+01 -1.201354619115591049e-02
4.300000000000000000e+01 -7.937484420835971832e-03
4.400000000000000000e+01 -4.441548138856887817e-03
4.500000000000000000e+01 -1.290456741116940975e-03
4.600000000000000000e+01 1.224275794811546803e-03
4.700000000000000000e+01 3.890896448865532875e-03
4.800000000000000000e+01 6.061765365302562714e-03
4.900000000000000000e+01 7.553233765065670013e-03
5.000000000000000000e+01 9.174210950732231140e-03
5.100000000000000000e+01 1.054274756461381912e-02
5.200000000000000000e+01 1.104111038148403168e-02
5.300000000000000000e+01 1.140976324677467346e-02
5.400000000000000000e+01 1.084980368614196777e-02
5.500000000000000000e+01 9.999282658100128174e-03
5.600000000000000000e+01 9.307782165706157684e-03
5.700000000000000000e+01 8.680387400090694427e-03
5.800000000000000000e+01 8.291843347251415253e-03
5.900000000000000000e+01 7.896111346781253815e-03
6.000000000000000000e+01 7.231759838759899139e-03
6.100000000000000000e+01 6.719460245221853256e-03
6.200000000000000000e+01 6.643579341471195221e-03
6.300000000000000000e+01 6.392947398126125336e-03
6.400000000000000000e+01 6.742335855960845947e-03
6.500000000000000000e+01 6.382739171385765076e-03
6.600000000000000000e+01 6.397599354386329651e-03
6.700000000000000000e+01 6.078995298594236374e-03
6.800000000000000000e+01 5.361419636756181717e-03
6.900000000000000000e+01 4.307753406465053558e-03
7.000000000000000000e+01 4.083343315869569778e-03
7.100000000000000000e+01 3.648758167400956154e-03
7.200000000000000000e+01 2.594353398308157921e-03
7.300000000000000000e+01 1.343488809652626514e-03
7.400000000000000000e+01 4.280328284949064255e-04
7.500000000000000000e+01 -1.187886344268918037e-03
7.600000000000000000e+01 -2.571136225014925003e-03
7.700000000000000000e+01 -2.829552395269274712e-03
7.800000000000000000e+01 -3.341854317113757133e-03
7.900000000000000000e+01 -4.232034552842378616e-03
8.000000000000000000e+01 -4.743932746350765228e-03
8.100000000000000000e+01 -5.276423878967761993e-03
8.200000000000000000e+01 -6.034112535417079926e-03
8.300000000000000000e+01 -6.811964791268110275e-03
8.400000000000000000e+01 -6.625361740589141846e-03
8.500000000000000000e+01 -6.358153186738491058e-03
8.600000000000000000e+01 -6.940686143934726715e-03
8.700000000000000000e+01 -6.876009516417980194e-03
8.800000000000000000e+01 -7.613568566739559174e-03
8.900000000000000000e+01 -8.256826549768447876e-03
9.000000000000000000e+01 -8.903096430003643036e-03
9.100000000000000000e+01 -8.503704331815242767e-03
9.200000000000000000e+01 -7.781432475894689560e-03
9.300000000000000000e+01 -7.868993096053600311e-03
9.400000000000000000e+01 -7.044052705168724060e-03
9.500000000000000000e+01 -7.659447379410266876e-03
9.600000000000000000e+01 -8.105516433715820312e-03
9.700000000000000000e+01 -1.125064026564359665e-02
9.800000000000000000e+01 -1.240353751927614212e-02
9.900000000000000000e+01 -1.107318885624408722e-02
