1.000000000000000000e+00 1.000000000000000000e+00
2.000000000000000000e+00 8.582568764686584473e-01
3.000000000000000000e+00 7.511983513832092285e-01
4.000000000000000000e+00 6.607499718666076660e-01
5.000000000000000000e+00 5.809798240661621094e-01
6.000000000000000000e+00 5.084350705146789551e-01
7.000000000000000000e+00 4.418449401855468750e-01
8.000000000000000000e+00 3.801169395446777344e-01
9.000000000000000000e+00 3.225263953208923340e-01
1.000000000000000000e+01 2.684518098831176758e-01
1.100000000000000000e+01 2.176045328378677368e-01
1.200000000000000000e+01 1.698813885450363159e-01
1.300000000000000000e+01 1.249578222632408142e-01
1.400000000000000000e+01 8.248809725046157837e-02
1.500000000000000000e+01 4.296428337693214417e-02
1.600000000000000000e+01 6.432437337934970856e-03
1.700000000000000000e+01 -2.745237760245800018e-02
1.800000000000000000e+01 -5.843319371342658997e-02
1.900000000000000000e+01 -8.620441704988479614e-02
2.000000000000000000e+01 -1.109688282012939453e-01
2.100000000000000000e+01 -1.322952061891555786e-01
2.200000000000000000e+01 -1.508114933967590332e-01
2.300000000000000000e+01 -1.661642342805862427e-01
2.400000000000000000e+01 -1.781058758497238159e-01
2.500000000000000000e+01 -1.869280040264129639e-01
2.600000000000000000e+01 -1.931612789630889893e-01
2.700000000000000000e+01 -1.967148333787918091e-01
2.800000000000000000e+01 -1.977470964193344116e-01
2.900000000000000000e+01 -1.964787542819976807e-01
3.000000000000000000e+01 -1.932660788297653198e-01
3.100000000000000000e+01 -1.878525167703628540e-01
3.200000000000000000e+01 -1.808326244354248047e-01
3.300000000000000000e+01 -1.720508486032485962e-01
3.400000000000000000e+01 -1.625257730484008789e-01
3.500000000000000000e+01 -1.527413725852966309e-01
3.600000000000000000e+01 -1.418496370315551758e-01
3.700000000000000000e+01 -1.303753405809402466e-01
3.800000000000000000e+01 -1.181966215372085571e-01
3.900000000000000000e+01 -1.062775701284408569e-01
4.000000000000000000e+01 -9.437880665063858032e-02
4.100000000000000000e+01 -8.258742839097976685e-02
4.200000000000000000e+01 -7.125783711671829224e-02
4.300000000000000000e+01 -6.118074059486389160e-02
4.400000000000000000e+01 -5.137347057461738586e-02
4.500000000000000000e+01 -4.143809154629707336e-02
4.600000000000000000e+01 -3.188720345497131348e-02
4.700000000000000000e+01 -2.286189794540405273e-02
4.800000000000000000e+01 -1.446310989558696747e-02
4.900000000000000000e+01 -6.685214117169380188e-03
5.000000000000000000e+01 2.399001677986234426e-04
5.100000000000000000e+01 6.481378804892301559e-03
5.200000000000000000e+01 1.226849760860204697e-02
5.300000000000000000e+01 1.731418445706367493e-02
5.400000000000000000e+01 2.154185250401496887e-02
5.500000000000000000e+01 2.546398714184761047e-02
5.600000000000000000e+01 2.928904443979263306e-02
5.700000000000000000e+01 3.244706615805625916e-02
5.800000000000000000e+01 3.466590866446495056e-02
5.900000000000000000e+01 3.656569123268127441e-02
6.000000000000000000e+01 3.787140548229217529e-02
6.100000000000000000e+01 3.856237977743148804e-02
6.200000000000000000e+01 3.892251104116439819e-02
6.300000000000000000e+01 3.846787661314010620e-02
6.400000000000000000e+01 3.764191642403602600e-02
6.500000000000000000e+01 3.588718920946121216e-02
6.600000000000000000e+01 3.472013026475906372e-02
6.700000000000000000e+01 3.289400786161422729e-02
6.800000000000000000e+01 3.070978447794914246e-02
6.900000000000000000e+01 2.829903177917003632e-02
7.000000000000000000e+01 2.595335245132446289e-02
7.100000000000000000e+01 2.290536649525165558e-02
7.200000000000000000e+01 2.012924104928970337e-02
7.300000000000000000e+01 1.732551306486129761e-02
7.400000000000000000e+01 1.514174789190292358e-02
7.500000000000000000e+01 1.293408498167991638e-02
7.600000000000000000e+01 1.055786106735467911e-02
7.700000000000000000e+01 8.052939549088478088e-03
7.800000000000000000e+01 6.732950918376445770e-03
7.900000000000000000e+01 4.492265637964010239e-03
8.000000000000000000e+01 2.479987684637308121e-03
8.100000000000000000e+01 7.508669514209032059e-04
8.200000000000000000e+01 -9.275227785110473633e-04
8.300000000000000000e+01 -2.619283273816108704e-03
8.400000000000000000e+01 -4.098971374332904816e-03
8.500000000000000000e+01 -5.781610030680894852e-03
8.600000000000000000e+01 -6.772837601602077484e-03
8.700000000000000000e+01 -8.441201411187648773e-03
8.800000000000000000e+01 -9.928835555911064148e-03
8.900000000000000000e+01 -1.191192585974931717e-02
9.000000000000000000e+01 -1.298625580966472626e-02
9.100000000000000000e+01 -1.321596279740333557e-02
9.200000000000000000e+01 -1.208150759339332581e-02
9.300000000000000000e+01 -1.149551104754209518e-02
9.400000000000000000e+01 -1.143159531056880951e-02
9.500000000000000000e+01 -1.033366564661264420e-02
9.600000000000000000e+01 -1.193642150610685349e-02
9.700000000000000000e+01 -1.313688792288303375e-02
9.800000000000000000e+01 -1.434789225459098816e-02
9.900000000000000000e+01 -1.347759366035461426e-02
