1.000000000000000000e+00 1.000000000000000000e+00
2.000000000000000000e+00 8.789069652557373047e-01
3.000000000000000000e+00 7.860398888587951660e-01
4.000000000000000000e+00 7.062198519706726074e-01
5.000000000000000000e+00 6.339644789695739746e-01
6.000000000000000000e+00 5.670700073242187500e-01
7.000000000000000000e+00 5.044507980346679688e-01
8.000000000000000000e+00 4.454337358474731445e-01
9.000000000000000000e+00 3.892623782157897949e-01
1.000000000000000000e+01 3.355960547924041748e-01
1.100000000000000000e+01 2.839279472827911377e-01
1.200000000000000000e+01 2.339149862527847290e-01
1.300000000000000000e+01 1.859695017337799072e-01
1.400000000000000000e+01 1.395508348941802979e-01
1.500000000000000000e+01 9.486905485391616821e-02
1.600000000000000000e+01 5.248457565903663635e-02
1.700000000000000000e+01 1.191913429647684097e-02
1.800000000000000000e+01 -2.601692639291286469e-02
1.900000000000000000e+01 -6.135181710124015808e-02
2.000000000000000000e+01 -9.402413666248321533e-02
2.100000000000000000e+01 -1.237388774752616882e-01
2.200000000000000000e+01 -1.502506732940673828e-01
2.300000000000000000e+01 -1.737507432699203491e-01
2.400000000000000000e+01 -1.939455121755599976e-01
2.500000000000000000e+01 -2.106698304414749146e-01
2.600000000000000000e+01 -2.242836058139801025e-01
2.700000000000000000e+01 -2.345379739999771118e-01
2.800000000000000000e+01 -2.420719414949417114e-01
2.900000000000000000e+01 -2.465522736310958862e-01
3.000000000000000000e+01 -2.479669004678726196e-01
3.100000000000000000e+01 -2.465792894363403320e-01
3.200000000000000000e+01 -2.426601946353912354e-01
3.300000000000000000e+01 -2.367280572652816772e-01
3.400000000000000000e+01 -2.289422899484634399e-01
3.500000000000000000e+01 -2.198066860437393188e-01
3.600000000000000000e+01 -2.093955278396606445e-01
3.700000000000000000e+01 -1.980855166912078857e-01
3.800000000000000000e+01 -1.855682283639907837e-01
3.900000000000000000e+01 -1.723532974720001221e-01
4.000000000000000000e+01 -1.586425751447677612e-01
4.100000000000000000e+01 -1.452528834342956543e-01
4.200000000000000000e+01 -1.318331360816955566e-01
4.300000000000000000e+01 -1.180715858936309814e-01
4.400000000000000000e+01 -1.043597236275672913e-01
4.500000000000000000e+01 -9.099070727825164795e-02
4.600000000000000000e+01 -7.761703431606292725e-02
4.700000000000000000e+01 -6.498196721076965332e-02
4.800000000000000000e+01 -5.280577018857002258e-02
4.900000000000000000e+01 -4.098456352949142456e-02
5.000000000000000000e+01 -3.007068112492561340e-02
5.100000000000000000e+01 -2.005897648632526398e-02
5.200000000000000000e+01 -1.066125184297561646e-02
5.300000000000000000e+01 -1.823647296987473965e-03
5.400000000000000000e+01 6.268781609833240509e-03
5.500000000000000000e+01 1.371005177497863770e-02
5.600000000000000000e+01 2.044881694018840790e-02
5.700000000000000000e+01 2.676421962678432465e-02
5.800000000000000000e+01 3.246865421533584595e-02
5.900000000000000000e+01 3.736335039138793945e-02
6.000000000000000000e+01 4.171651974320411682e-02
6.100000000000000000e+01 4.568076506257057190e-02
6.200000000000000000e+01 4.895653203129768372e-02
6.300000000000000000e+01 5.127145722508430481e-02
6.400000000000000000e+01 5.267953127622604370e-02
6.500000000000000000e+01 5.391188710927963257e-02
6.600000000000000000e+01 5.428064987063407898e-02
6.700000000000000000e+01 5.401996150612831116e-02
6.800000000000000000e+01 5.382590740919113159e-02
6.900000000000000000e+01 5.310876667499542236e-02
7.000000000000000000e+01 5.216173082590103149e-02
7.100000000000000000e+01 5.151967704296112061e-02
7.200000000000000000e+01 5.027463287115097046e-02
7.300000000000000000e+01 4.886214062571525574e-02
7.400000000000000000e+01 4.671729356050491333e-02
7.500000000000000000e+01 4.485325142741203308e-02
7.600000000000000000e+01 4.196071997284889221e-02
7.700000000000000000e+01 3.884856775403022766e-02
7.800000000000000000e+01 3.613750264048576355e-02
7.900000000000000000e+01 3.315221890807151794e-02
8.000000000000000000e+01 3.053022548556327820e-02
8.100000000000000000e+01 2.735822089016437531e-02
8.200000000000000000e+01 2.507884986698627472e-02
8.300000000000000000e+01 2.367767132818698883e-02
8.400000000000000000e+01 2.173423394560813904e-02
8.500000000000000000e+01 1.939331367611885071e-02
8.600000000000000000e+01 1.707215234637260437e-02
8.700000000000000000e+01 1.558599341660737991e-02
8.800000000000000000e+01 1.354747358709573746e-02
8.900000000000000000e+01 1.183307729661464691e-02
9.000000000000000000e+01 1.073835603892803192e-02
9.100000000000000000e+01 9.042881429195404053e-03
9.200000000000000000e+01 6.688736379146575928e-03
9.300000000000000000e+01 4.374542739242315292e-03
9.400000000000000000e+01 2.303961431607604027e-03
9.500000000000000000e+01 5.302478093653917313e-04
9.600000000000000000e+01 -2.586182439699769020e-03
9.700000000000000000e+01 -4.507001955062150955e-03
9.800000000000000000e+01 -3.959359601140022278e-03
9.900000000000000000e+01 -4.228679928928613663e-03
