1.000000000000000000e+00 1.000000000000000000e+00
2.000000000000000000e+00 8.809163570404052734e-01
3.000000000000000000e+00 7.889956235885620117e-01
4.000000000000000000e+00 7.099459171295166016e-01
5.000000000000000000e+00 6.389163732528686523e-01
6.000000000000000000e+00 5.728584527969360352e-01
7.000000000000000000e+00 5.109278559684753418e-01
8.000000000000000000e+00 4.524092674255371094e-01
9.000000000000000000e+00 3.965340852737426758e-01
1.000000000000000000e+01 3.430187702178955078e-01
1.100000000000000000e+01 2.913688421249389648e-01
1.200000000000000000e+01 2.414493262767791748e-01
1.300000000000000000e+01 1.935340911149978638e-01
1.400000000000000000e+01 1.473504304885864258e-01
1.500000000000000000e+01 1.025584787130355835e-01
1.600000000000000000e+01 5.985466390848159790e-02
1.700000000000000000e+01 1.914684474468231201e-02
1.800000000000000000e+01 -1.930617727339267731e-02
1.900000000000000000e+01 -5.554141476750373840e-02
2.000000000000000000e+01 -8.898188918828964233e-02
2.100000000000000000e+01 -1.199253052473068237e-01
2.200000000000000000e+01 -1.476852446794509888e-01
2.300000000000000000e+01 -1.719751060009002686e-01
2.400000000000000000e+01 -1.929424703121185303e-01
2.500000000000000000e+01 -2.106601893901824951e-01
2.600000000000000000e+01 -2.253533154726028442e-01
2.700000000000000000e+01 -2.369582056999206543e-01
2.800000000000000000e+01 -2.452536225318908691e-01
2.900000000000000000e+01 -2.502505183219909668e-01
3.000000000000000000e+01 -2.522920668125152588e-01
3.100000000000000000e+01 -2.519445121288299561e-01
3.200000000000000000e+01 -2.493003606796264648e-01
3.300000000000000000e+01 -2.444415390491485596e-01
3.400000000000000000e+01 -2.377147525548934937e-01
3.500000000000000000e+01 -2.293546199798583984e-01
3.600000000000000000e+01 -2.194555699825286865e-01
3.700000000000000000e+01 -2.081979215145111084e-01
3.800000000000000000e+01 -1.963509470224380493e-01
3.900000000000000000e+01 -1.838685274124145508e-01
4.000000000000000000e+01 -1.705347597599029541e-01
4.100000000000000000e+01 -1.566585898399353027e-01
4.200000000000000000e+01 -1.427388042211532593e-01
4.300000000000000000e+01 -1.286503374576568604e-01
4.400000000000000000e+01 -1.147445887327194214e-01
4.500000000000000000e+01 -1.009565740823745728e-01
4.600000000000000000e+01 -8.746562153100967407e-02
4.700000000000000000e+01 -7.447758316993713379e-02
4.800000000000000000e+01 -6.196586787700653076e-02
4.900000000000000000e+01 -5.002186447381973267e-02
5.000000000000000000e+01 -3.869552537798881531e-02
5.100000000000000000e+01 -2.785793505609035492e-02
5.200000000000000000e+01 -1.773538254201412201e-02
5.300000000000000000e+01 -7.934696972370147705e-03
5.400000000000000000e+01 1.065583201125264168e-03
5.500000000000000000e+01 8.932047523558139801e-03
5.600000000000000000e+01 1.681571826338768005e-02
5.700000000000000000e+01 2.404501289129257202e-02
5.800000000000000000e+01 3.087578713893890381e-02
5.900000000000000000e+01 3.683145344257354736e-02
6.000000000000000000e+01 4.164942353963851929e-02
6.100000000000000000e+01 4.566409438848495483e-02
6.200000000000000000e+01 4.927313327789306641e-02
6.300000000000000000e+01 5.208000540733337402e-02
6.400000000000000000e+01 5.457779392600059509e-02
6.500000000000000000e+01 5.618302896618843079e-02
6.600000000000000000e+01 5.698839202523231506e-02
6.700000000000000000e+01 5.736074596643447876e-02
6.800000000000000000e+01 5.739701539278030396e-02
6.900000000000000000e+01 5.695107206702232361e-02
7.000000000000000000e+01 5.603499710559844971e-02
7.100000000000000000e+01 5.522920191287994385e-02
7.200000000000000000e+01 5.372097343206405640e-02
7.300000000000000000e+01 5.172045156359672546e-02
7.400000000000000000e+01 4.962516576051712036e-02
7.500000000000000000e+01 4.792820662260055542e-02
7.600000000000000000e+01 4.612670838832855225e-02
7.700000000000000000e+01 4.356028512120246887e-02
7.800000000000000000e+01 4.096429422497749329e-02
7.900000000000000000e+01 3.848704323172569275e-02
8.000000000000000000e+01 3.671822696924209595e-02
8.100000000000000000e+01 3.494310751557350159e-02
8.200000000000000000e+01 3.317364677786827087e-02
8.300000000000000000e+01 3.080269135534763336e-02
8.400000000000000000e+01 2.807286940515041351e-02
8.500000000000000000e+01 2.520253881812095642e-02
8.600000000000000000e+01 2.271534502506256104e-02
8.700000000000000000e+01 2.085196040570735931e-02
8.800000000000000000e+01 1.852701604366302490e-02
8.900000000000000000e+01 1.663180254399776459e-02
9.000000000000000000e+01 1.442377176135778427e-02
9.100000000000000000e+01 1.208361424505710602e-02
9.200000000000000000e+01 1.002063974738121033e-02
9.300000000000000000e+01 7.644529920071363449e-03
9.400000000000000000e+01 4.926802124828100204e-03
9.500000000000000000e+01 3.044599900022149086e-03
9.600000000000000000e+01 2.736223686952143908e-04
9.700000000000000000e+01 -1.466613728553056717e-03
9.800000000000000000e+01 -2.885224763303995132e-03
9.900000000000000000e+01 2.857438812498003244e-04
