1.000000000000000000e+00 1.000000000000000000e+00
2.000000000000000000e+00 8.634430766105651855e-01
3.000000000000000000e+00 7.601720094680786133e-01
4.000000000000000000e+00 6.727094054222106934e-01
5.000000000000000000e+00 5.950378179550170898e-01
6.000000000000000000e+00 5.238544344902038574e-01
7.000000000000000000e+00 4.581709206104278564e-01
8.000000000000000000e+00 3.971828818321228027e-01
9.000000000000000000e+00 3.402660787105560303e-01
1.000000000000000000e+01 2.861619889736175537e-01
1.100000000000000000e+01 2.351731210947036743e-01
1.200000000000000000e+01 1.865775436162948608e-01
1.300000000000000000e+01 1.403292864561080933e-01
1.400000000000000000e+01 9.685239940881729126e-02
1.500000000000000000e+01 5.598890781402587891e-02
1.600000000000000000e+01 1.731768995523452759e-02
1.700000000000000000e+01 -1.866141520440578461e-02
1.800000000000000000e+01 -5.222724750638008118e-02
1.900000000000000000e+01 -8.266638964414596558e-02
2.000000000000000000e+01 -1.096896901726722717e-01
2.100000000000000000e+01 -1.334836333990097046e-01
2.200000000000000000e+01 -1.540688127279281616e-01
2.300000000000000000e+01 -1.712363958358764648e-01
2.400000000000000000e+01 -1.852436512708663940e-01
2.500000000000000000e+01 -1.959930658340454102e-01
2.600000000000000000e+01 -2.034513354301452637e-01
2.700000000000000000e+01 -2.085456401109695435e-01
2.800000000000000000e+01 -2.107495367527008057e-01
2.900000000000000000e+01 -2.102251797914505005e-01
3.000000000000000000e+01 -2.077282518148422241e-01
3.100000000000000000e+01 -2.031841129064559937e-01
3.200000000000000000e+01 -1.967348605394363403e-01
3.300000000000000000e+01 -1.889232844114303589e-01
3.400000000000000000e+01 -1.793784499168395996e-01
3.500000000000000000e+01 -1.686494946479797363e-01
3.600000000000000000e+01 -1.574742943048477173e-01
3.700000000000000000e+01 -1.456833034753799438e-01
3.800000000000000000e+01 -1.334205865859985352e-01
3.900000000000000000e+01 -1.209129616618156433e-01
4.000000000000000000e+01 -1.086208969354629517e-01
4.100000000000000000e+01 -9.669642895460128784e-02
4.200000000000000000e+01 -8.483267575502395630e-02
4.300000000000000000e+01 -7.328813523054122925e-02
4.400000000000000000e+01 -6.151418015360832214e-02
4.500000000000000000e+01 -5.057095736265182495e-02
4.600000000000000000e+01 -3.996659442782402039e-02
4.700000000000000000e+01 -2.981733903288841248e-02
4.800000000000000000e+01 -2.027182094752788544e-02
4.900000000000000000e+01 -1.100509241223335266e-02
5.000000000000000000e+01 -2.685988089069724083e-03
5.100000000000000000e+01 4.643101245164871216e-03
5.200000000000000000e+01 1.115476991981267929e-02
5.300000000000000000e+01 1.715098880231380463e-02
5.400000000000000000e+01 2.253799885511398315e-02
5.500000000000000000e+01 2.764788828790187836e-02
5.600000000000000000e+01 3.172755986452102661e-02
5.700000000000000000e+01 3.540507331490516663e-02
5.800000000000000000e+01 3.799946606159210205e-02
5.900000000000000000e+01 3.959549590945243835e-02
6.000000000000000000e+01 4.104270786046981812e-02
6.100000000000000000e+01 4.189037159085273743e-02
6.200000000000000000e+01 4.215602204203605652e-02
6.300000000000000000e+01 4.213937371969223022e-02
6.400000000000000000e+01 4.208873957395553589e-02
6.500000000000000000e+01 4.169606789946556091e-02
6.600000000000000000e+01 4.080155491828918457e-02
6.700000000000000000e+01 3.966496139764785767e-02
6.800000000000000000e+01 3.792188316583633423e-02
6.900000000000000000e+01 3.586880490183830261e-02
7.000000000000000000e+01 3.339159861207008362e-02
7.100000000000000000e+01 3.119507618248462677e-02
7.200000000000000000e+01 2.804078906774520874e-02
7.300000000000000000e+01 2.463523857295513153e-02
7.400000000000000000e+01 2.103452570736408234e-02
7.500000000000000000e+01 1.791548542678356171e-02
7.600000000000000000e+01 1.496493909507989883e-02
7.700000000000000000e+01 1.213035359978675842e-02
7.800000000000000000e+01 9.086924605071544647e-03
7.900000000000000000e+01 6.884386297315359116e-03
8.000000000000000000e+01 5.190819501876831055e-03
8.100000000000000000e+01 3.490514587610960007e-03
8.200000000000000000e+01 2.074390649795532227e-03
8.300000000000000000e+01 3.029771032743155956e-04
8.400000000000000000e+01 -1.247778884135186672e-03
8.500000000000000000e+01 -3.685333533212542534e-03
8.600000000000000000e+01 -5.059455987066030502e-03
8.700000000000000000e+01 -5.479133687913417816e-03
8.800000000000000000e+01 -6.091232411563396454e-03
8.900000000000000000e+01 -5.551345646381378174e-03
9.000000000000000000e+01 -5.513905547559261322e-03
9.100000000000000000e+01 -5.997817963361740112e-03
9.200000000000000000e+01 -5.912052467465400696e-03
9.300000000000000000e+01 -5.458662752062082291e-03
9.400000000000000000e+01 -5.360759329050779343e-03
9.500000000000000000e+01 -4.175473004579544067e-03
9.600000000000000000e+01 -3.034626599401235580e-03
9.700000000000000000e+01 -2.334587043151259422e-03
9.800000000000000000e+01 -1.663975999690592289e-03
9.900000000000000000e+01 7.299306453205645084e-04
