1.000000000000000000e+00 1.000000000000000000e+00
2.000000000000000000e+00 8.759956955909729004e-01
3.000000000000000000e+00 7.809870839118957520e-01
4.000000000000000000e+00 6.997475028038024902e-01
5.000000000000000000e+00 6.268603801727294922e-01
6.000000000000000000e+00 5.592940449714660645e-01
7.000000000000000000e+00 4.962465465068817139e-01
8.000000000000000000e+00 4.367000162601470947e-01
9.000000000000000000e+00 3.798085749149322510e-01
1.000000000000000000e+01 3.257012367248535156e-01
1.100000000000000000e+01 2.740309238433837891e-01
1.200000000000000000e+01 2.242409884929656982e-01
1.300000000000000000e+01 1.760981827974319458e-01
1.400000000000000000e+01 1.302587389945983887e-01
1.500000000000000000e+01 8.662915229797363281e-02
1.600000000000000000e+01 4.500517621636390686e-02
1.700000000000000000e+01 5.700275767594575882e-03
1.800000000000000000e+01 -3.125863894820213318e-02
1.900000000000000000e+01 -6.590095907449722290e-02
2.000000000000000000e+01 -9.726713597774505615e-02
2.100000000000000000e+01 -1.258989274501800537e-01
2.200000000000000000e+01 -1.512600481510162354e-01
2.300000000000000000e+01 -1.734577566385269165e-01
2.400000000000000000e+01 -1.924534291028976440e-01
2.500000000000000000e+01 -2.080631852149963379e-01
2.600000000000000000e+01 -2.208666652441024780e-01
2.700000000000000000e+01 -2.301453799009323120e-01
2.800000000000000000e+01 -2.366119921207427979e-01
2.900000000000000000e+01 -2.402434498071670532e-01
3.000000000000000000e+01 -2.407351583242416382e-01
3.100000000000000000e+01 -2.385303378105163574e-01
3.200000000000000000e+01 -2.340167462825775146e-01
3.300000000000000000e+01 -2.276643365621566772e-01
3.400000000000000000e+01 -2.192250341176986694e-01
3.500000000000000000e+01 -2.094690054655075073e-01
3.600000000000000000e+01 -1.986256241798400879e-01
3.700000000000000000e+01 -1.865782439708709717e-01
3.800000000000000000e+01 -1.739012449979782104e-01
3.900000000000000000e+01 -1.608296632766723633e-01
4.000000000000000000e+01 -1.474988013505935669e-01
4.100000000000000000e+01 -1.337313205003738403e-01
4.200000000000000000e+01 -1.199078783392906189e-01
4.300000000000000000e+01 -1.063944101333618164e-01
4.400000000000000000e+01 -9.350405633449554443e-02
4.500000000000000000e+01 -8.083217591047286987e-02
4.600000000000000000e+01 -6.847894191741943359e-02
4.700000000000000000e+01 -5.686441436409950256e-02
4.800000000000000000e+01 -4.583550989627838135e-02
4.900000000000000000e+01 -3.552053123712539673e-02
5.000000000000000000e+01 -2.560972236096858978e-02
5.100000000000000000e+01 -1.588223129510879517e-02
5.200000000000000000e+01 -7.179099135100841522e-03
5.300000000000000000e+01 7.655622903257608414e-04
5.400000000000000000e+01 8.932368829846382141e-03
5.500000000000000000e+01 1.605428755283355713e-02
5.600000000000000000e+01 2.291494607925415039e-02
5.700000000000000000e+01 2.851213701069355011e-02
5.800000000000000000e+01 3.361968696117401123e-02
5.900000000000000000e+01 3.820972517132759094e-02
6.000000000000000000e+01 4.153712838888168335e-02
6.100000000000000000e+01 4.470820724964141846e-02
6.200000000000000000e+01 4.771456122398376465e-02
6.300000000000000000e+01 4.974906519055366516e-02
6.400000000000000000e+01 5.086956173181533813e-02
6.500000000000000000e+01 5.170185491442680359e-02
6.600000000000000000e+01 5.177863314747810364e-02
6.700000000000000000e+01 5.179645121097564697e-02
6.800000000000000000e+01 5.091921240091323853e-02
6.900000000000000000e+01 4.992815852165222168e-02
7.000000000000000000e+01 4.804868623614311218e-02
7.100000000000000000e+01 4.618930071592330933e-02
7.200000000000000000e+01 4.461149126291275024e-02
7.300000000000000000e+01 4.216008260846138000e-02
7.400000000000000000e+01 3.967818990349769592e-02
7.500000000000000000e+01 3.697567433118820190e-02
7.600000000000000000e+01 3.367292508482933044e-02
7.700000000000000000e+01 3.056894242763519287e-02
7.800000000000000000e+01 2.770426683127880096e-02
7.900000000000000000e+01 2.543609589338302612e-02
8.000000000000000000e+01 2.332969568669795990e-02
8.100000000000000000e+01 2.083615399897098541e-02
8.200000000000000000e+01 1.847447641193866730e-02
8.300000000000000000e+01 1.654808782041072845e-02
8.400000000000000000e+01 1.501804497092962265e-02
8.500000000000000000e+01 1.303039863705635071e-02
8.600000000000000000e+01 1.130089256912469864e-02
8.700000000000000000e+01 9.347124956548213959e-03
8.800000000000000000e+01 6.991673726588487625e-03
8.900000000000000000e+01 5.177703220397233963e-03
9.000000000000000000e+01 3.961557988077402115e-03
9.100000000000000000e+01 2.835255814716219902e-03
9.200000000000000000e+01 1.973824808374047279e-03
9.300000000000000000e+01 7.621712866239249706e-04
9.400000000000000000e+01 8.315045852214097977e-04
9.500000000000000000e+01 8.675772114656865597e-04
9.600000000000000000e+01 1.313758199103176594e-03
9.700000000000000000e+01 2.732548164203763008e-03
9.800000000000000000e+01 1.355747925117611885e-03
9.900000000000000000e+01 9.405610035173594952e-04
