1.000000000000000000e+00 1.000000000000000000e+00
2.000000000000000000e+00 8.784738183021545410e-01
3.000000000000000000e+00 7.853495478630065918e-01
4.000000000000000000e+00 7.052417397499084473e-01
5.000000000000000000e+00 6.329083442687988281e-01
6.000000000000000000e+00 5.658642053604125977e-01
7.000000000000000000e+00 5.029919147491455078e-01
8.000000000000000000e+00 4.435647428035736084e-01
9.000000000000000000e+00 3.873822391033172607e-01
1.000000000000000000e+01 3.338220715522766113e-01
1.100000000000000000e+01 2.821146547794342041e-01
1.200000000000000000e+01 2.325130254030227661e-01
1.300000000000000000e+01 1.844927668571472168e-01
1.400000000000000000e+01 1.383300274610519409e-01
1.500000000000000000e+01 9.382909536361694336e-02
1.600000000000000000e+01 5.135828256607055664e-02
1.700000000000000000e+01 1.084900368005037308e-02
1.800000000000000000e+01 -2.763525210320949554e-02
1.900000000000000000e+01 -6.316100805997848511e-02
2.000000000000000000e+01 -9.595298767089843750e-02
2.100000000000000000e+01 -1.255618631839752197e-01
2.200000000000000000e+01 -1.520326882600784302e-01
2.300000000000000000e+01 -1.751089096069335938e-01
2.400000000000000000e+01 -1.951931416988372803e-01
2.500000000000000000e+01 -2.116697579622268677e-01
2.600000000000000000e+01 -2.250719070434570312e-01
2.700000000000000000e+01 -2.350115627050399780e-01
2.800000000000000000e+01 -2.422628104686737061e-01
2.900000000000000000e+01 -2.463692873716354370e-01
3.000000000000000000e+01 -2.476830333471298218e-01
3.100000000000000000e+01 -2.460388243198394775e-01
3.200000000000000000e+01 -2.419836670160293579e-01
3.300000000000000000e+01 -2.359433621168136597e-01
3.400000000000000000e+01 -2.280549854040145874e-01
3.500000000000000000e+01 -2.185831367969512939e-01
3.600000000000000000e+01 -2.076947987079620361e-01
3.700000000000000000e+01 -1.959355473518371582e-01
3.800000000000000000e+01 -1.837053149938583374e-01
3.900000000000000000e+01 -1.710562855005264282e-01
4.000000000000000000e+01 -1.579635590314865112e-01
4.100000000000000000e+01 -1.445372700691223145e-01
4.200000000000000000e+01 -1.311339586973190308e-01
4.300000000000000000e+01 -1.172157227993011475e-01
4.400000000000000000e+01 -1.033036038279533386e-01
4.500000000000000000e+01 -8.996520191431045532e-02
4.600000000000000000e+01 -7.721077650785446167e-02
4.700000000000000000e+01 -6.462664902210235596e-02
4.800000000000000000e+01 -5.215319618582725525e-02
4.900000000000000000e+01 -4.084023088216781616e-02
5.000000000000000000e+01 -3.020551800727844238e-02
5.100000000000000000e+01 -2.003281004726886749e-02
5.200000000000000000e+01 -1.053003408014774323e-02
5.300000000000000000e+01 -1.903985044918954372e-03
5.400000000000000000e+01 6.013849750161170959e-03
5.500000000000000000e+01 1.352488435804843903e-02
5.600000000000000000e+01 2.027535252273082733e-02
5.700000000000000000e+01 2.699791640043258667e-02
5.800000000000000000e+01 3.270544484257698059e-02
5.900000000000000000e+01 3.733811527490615845e-02
6.000000000000000000e+01 4.144451022148132324e-02
6.100000000000000000e+01 4.487771540880203247e-02
6.200000000000000000e+01 4.778761044144630432e-02
6.300000000000000000e+01 5.014333873987197876e-02
6.400000000000000000e+01 5.217865481972694397e-02
6.500000000000000000e+01 5.382832884788513184e-02
6.600000000000000000e+01 5.456826090812683105e-02
6.700000000000000000e+01 5.447500199079513550e-02
6.800000000000000000e+01 5.421117320656776428e-02
6.900000000000000000e+01 5.348905920982360840e-02
7.000000000000000000e+01 5.225967615842819214e-02
7.100000000000000000e+01 5.084548518061637878e-02
7.200000000000000000e+01 4.966590553522109985e-02
7.300000000000000000e+01 4.764582589268684387e-02
7.400000000000000000e+01 4.523796960711479187e-02
7.500000000000000000e+01 4.297429695725440979e-02
7.600000000000000000e+01 4.102046787738800049e-02
7.700000000000000000e+01 3.969443961977958679e-02
7.800000000000000000e+01 3.795013576745986938e-02
7.900000000000000000e+01 3.643180802464485168e-02
8.000000000000000000e+01 3.480882197618484497e-02
8.100000000000000000e+01 3.231175243854522705e-02
8.200000000000000000e+01 2.997290901839733124e-02
8.300000000000000000e+01 2.848496288061141968e-02
8.400000000000000000e+01 2.694772556424140930e-02
8.500000000000000000e+01 2.532479539513587952e-02
8.600000000000000000e+01 2.287337742745876312e-02
8.700000000000000000e+01 2.060091495513916016e-02
8.800000000000000000e+01 1.883310265839099884e-02
8.900000000000000000e+01 1.635755971074104309e-02
9.000000000000000000e+01 1.392981782555580139e-02
9.100000000000000000e+01 1.277862675487995148e-02
9.200000000000000000e+01 1.192305330187082291e-02
9.300000000000000000e+01 1.198499929159879684e-02
9.400000000000000000e+01 1.033399347215890884e-02
9.500000000000000000e+01 9.147172793745994568e-03
9.600000000000000000e+01 6.942779757082462311e-03
9.700000000000000000e+01 6.215835921466350555e-03
9.800000000000000000e+01 5.003022029995918274e-03
9.900000000000000000e+01 6.962733343243598938e-03
