1.000000000000000000e+00 1.000000000000000000e+00
2.000000000000000000e+00 8.774887323379516602e-01
3.000000000000000000e+00 7.834756970405578613e-01
4.000000000000000000e+00 7.029320597648620605e-01
5.000000000000000000e+00 6.300881505012512207e-01
6.000000000000000000e+00 5.626376867294311523e-01
7.000000000000000000e+00 4.995044171810150146e-01
8.000000000000000000e+00 4.401208162307739258e-01
9.000000000000000000e+00 3.837033510208129883e-01
1.000000000000000000e+01 3.298082053661346436e-01
1.100000000000000000e+01 2.782038450241088867e-01
1.200000000000000000e+01 2.288328856229782104e-01
1.300000000000000000e+01 1.809988915920257568e-01
1.400000000000000000e+01 1.351123005151748657e-01
1.500000000000000000e+01 9.115292131900787354e-02
1.600000000000000000e+01 4.920033365488052368e-02
1.700000000000000000e+01 9.138316847383975983e-03
1.800000000000000000e+01 -2.812038548290729523e-02
1.900000000000000000e+01 -6.274868547916412354e-02
2.000000000000000000e+01 -9.474579244852066040e-02
2.100000000000000000e+01 -1.239017620682716370e-01
2.200000000000000000e+01 -1.497839987277984619e-01
2.300000000000000000e+01 -1.726222485303878784e-01
2.400000000000000000e+01 -1.920198649168014526e-01
2.500000000000000000e+01 -2.084766179323196411e-01
2.600000000000000000e+01 -2.216111719608306885e-01
2.700000000000000000e+01 -2.312783002853393555e-01
2.800000000000000000e+01 -2.378375977277755737e-01
2.900000000000000000e+01 -2.414412051439285278e-01
3.000000000000000000e+01 -2.423803210258483887e-01
3.100000000000000000e+01 -2.407767325639724731e-01
3.200000000000000000e+01 -2.367517054080963135e-01
3.300000000000000000e+01 -2.308993786573410034e-01
3.400000000000000000e+01 -2.235331982374191284e-01
3.500000000000000000e+01 -2.146691083908081055e-01
3.600000000000000000e+01 -2.045116722583770752e-01
3.700000000000000000e+01 -1.932627707719802856e-01
3.800000000000000000e+01 -1.808418929576873779e-01
3.900000000000000000e+01 -1.679158359766006470e-01
4.000000000000000000e+01 -1.546521782875061035e-01
4.100000000000000000e+01 -1.413584649562835693e-01
4.200000000000000000e+01 -1.278595924377441406e-01
4.300000000000000000e+01 -1.145631447434425354e-01
4.400000000000000000e+01 -1.014065295457839966e-01
4.500000000000000000e+01 -8.811624348163604736e-02
4.600000000000000000e+01 -7.479671388864517212e-02
4.700000000000000000e+01 -6.209554150700569153e-02
4.800000000000000000e+01 -5.014099553227424622e-02
4.900000000000000000e+01 -3.879026696085929871e-02
5.000000000000000000e+01 -2.847494930028915405e-02
5.100000000000000000e+01 -1.863379590213298798e-02
5.200000000000000000e+01 -9.450754150748252869e-03
5.300000000000000000e+01 -8.004996925592422485e-04
5.400000000000000000e+01 6.765373982489109039e-03
5.500000000000000000e+01 1.386622898280620575e-02
5.600000000000000000e+01 1.992516964673995972e-02
5.700000000000000000e+01 2.552899532020092010e-02
5.800000000000000000e+01 3.086620196700096130e-02
5.900000000000000000e+01 3.559774532914161682e-02
6.000000000000000000e+01 4.013136774301528931e-02
6.100000000000000000e+01 4.414089769124984741e-02
6.200000000000000000e+01 4.748978465795516968e-02
6.300000000000000000e+01 4.990450292825698853e-02
6.400000000000000000e+01 5.203307047486305237e-02
6.500000000000000000e+01 5.324088037014007568e-02
6.600000000000000000e+01 5.413062125444412231e-02
6.700000000000000000e+01 5.479381978511810303e-02
6.800000000000000000e+01 5.480875074863433838e-02
6.900000000000000000e+01 5.378516018390655518e-02
7.000000000000000000e+01 5.234871804714202881e-02
7.100000000000000000e+01 5.060479417443275452e-02
7.200000000000000000e+01 4.848602414131164551e-02
7.300000000000000000e+01 4.646352306008338928e-02
7.400000000000000000e+01 4.410054162144660950e-02
7.500000000000000000e+01 4.141851887106895447e-02
7.600000000000000000e+01 3.867336735129356384e-02
7.700000000000000000e+01 3.574951365590095520e-02
7.800000000000000000e+01 3.325573727488517761e-02
7.900000000000000000e+01 3.115306980907917023e-02
8.000000000000000000e+01 2.813047543168067932e-02
8.100000000000000000e+01 2.556058764457702637e-02
8.200000000000000000e+01 2.361189574003219604e-02
8.300000000000000000e+01 2.166658453643321991e-02
8.400000000000000000e+01 2.013234235346317291e-02
8.500000000000000000e+01 1.773937605321407318e-02
8.600000000000000000e+01 1.579949073493480682e-02
8.700000000000000000e+01 1.388289406895637512e-02
8.800000000000000000e+01 1.167196407914161682e-02
8.900000000000000000e+01 1.026691868901252747e-02
9.000000000000000000e+01 8.849836885929107666e-03
9.100000000000000000e+01 7.529403083026409149e-03
9.200000000000000000e+01 5.746811162680387497e-03
9.300000000000000000e+01 2.934524789452552795e-03
9.400000000000000000e+01 1.426414004527032375e-03
9.500000000000000000e+01 -2.853446057997643948e-04
9.600000000000000000e+01 -2.252510748803615570e-03
9.700000000000000000e+01 -3.464864101260900497e-03
9.800000000000000000e+01 -5.046262405812740326e-03
9.900000000000000000e+01 -5.543191917240619659e-03
