1.000000000000000000e+00 1.000000000000000000e+00
2.000000000000000000e+00 8.755692839622497559e-01
3.000000000000000000e+00 7.802665829658508301e-01
4.000000000000000000e+00 6.986112594604492188e-01
5.000000000000000000e+00 6.252646446228027344e-01
6.000000000000000000e+00 5.574216246604919434e-01
7.000000000000000000e+00 4.938089847564697266e-01
8.000000000000000000e+00 4.339680373668670654e-01
9.000000000000000000e+00 3.769544363021850586e-01
1.000000000000000000e+01 3.229543268680572510e-01
1.100000000000000000e+01 2.713907361030578613e-01
1.200000000000000000e+01 2.218402028083801270e-01
1.300000000000000000e+01 1.740724742412567139e-01
1.400000000000000000e+01 1.283638924360275269e-01
1.500000000000000000e+01 8.468450605869293213e-02
1.600000000000000000e+01 4.322275146842002869e-02
1.700000000000000000e+01 3.759891493245959282e-03
1.800000000000000000e+01 -3.314006701111793518e-02
1.900000000000000000e+01 -6.717442721128463745e-02
2.000000000000000000e+01 -9.861853718757629395e-02
2.100000000000000000e+01 -1.270585358142852783e-01
2.200000000000000000e+01 -1.521576493978500366e-01
2.300000000000000000e+01 -1.738844066858291626e-01
2.400000000000000000e+01 -1.925638318061828613e-01
2.500000000000000000e+01 -2.076876014471054077e-01
2.600000000000000000e+01 -2.196702361106872559e-01
2.700000000000000000e+01 -2.282857596874237061e-01
2.800000000000000000e+01 -2.339590936899185181e-01
2.900000000000000000e+01 -2.370797842741012573e-01
3.000000000000000000e+01 -2.373564094305038452e-01
3.100000000000000000e+01 -2.350648939609527588e-01
3.200000000000000000e+01 -2.307454496622085571e-01
3.300000000000000000e+01 -2.243407666683197021e-01
3.400000000000000000e+01 -2.162107676267623901e-01
3.500000000000000000e+01 -2.066555768251419067e-01
3.600000000000000000e+01 -1.957749724388122559e-01
3.700000000000000000e+01 -1.839038431644439697e-01
3.800000000000000000e+01 -1.716963350772857666e-01
3.900000000000000000e+01 -1.586720645427703857e-01
4.000000000000000000e+01 -1.451043635606765747e-01
4.100000000000000000e+01 -1.315286010503768921e-01
4.200000000000000000e+01 -1.179474443197250366e-01
4.300000000000000000e+01 -1.042795702815055847e-01
4.400000000000000000e+01 -9.090957045555114746e-02
4.500000000000000000e+01 -7.772889733314514160e-02
4.600000000000000000e+01 -6.527356058359146118e-02
4.700000000000000000e+01 -5.337738618254661560e-02
4.800000000000000000e+01 -4.231704771518707275e-02
4.900000000000000000e+01 -3.186230733990669250e-02
5.000000000000000000e+01 -2.207611687481403351e-02
5.100000000000000000e+01 -1.287487614899873734e-02
5.200000000000000000e+01 -4.007087089121341705e-03
5.300000000000000000e+01 4.249369725584983826e-03
5.400000000000000000e+01 1.166968140751123428e-02
5.500000000000000000e+01 1.785966381430625916e-02
5.600000000000000000e+01 2.352038957178592682e-02
5.700000000000000000e+01 2.897986397147178650e-02
5.800000000000000000e+01 3.360993415117263794e-02
5.900000000000000000e+01 3.788534551858901978e-02
6.000000000000000000e+01 4.153319448232650757e-02
6.100000000000000000e+01 4.476924240589141846e-02
6.200000000000000000e+01 4.742800071835517883e-02
6.300000000000000000e+01 4.907529801130294800e-02
6.400000000000000000e+01 5.025800317525863647e-02
6.500000000000000000e+01 5.066256597638130188e-02
6.600000000000000000e+01 5.033089965581893921e-02
6.700000000000000000e+01 4.949588701128959656e-02
6.800000000000000000e+01 4.840988293290138245e-02
6.900000000000000000e+01 4.658409953117370605e-02
7.000000000000000000e+01 4.534109309315681458e-02
7.100000000000000000e+01 4.333939775824546814e-02
7.200000000000000000e+01 4.093077033758163452e-02
7.300000000000000000e+01 3.808315843343734741e-02
7.400000000000000000e+01 3.560911491513252258e-02
7.500000000000000000e+01 3.288950771093368530e-02
7.600000000000000000e+01 2.965260483324527740e-02
7.700000000000000000e+01 2.648216672241687775e-02
7.800000000000000000e+01 2.358043566346168518e-02
7.900000000000000000e+01 2.164939977228641510e-02
8.000000000000000000e+01 2.013321779668331146e-02
8.100000000000000000e+01 1.880954019725322723e-02
8.200000000000000000e+01 1.718704029917716980e-02
8.300000000000000000e+01 1.511324848979711533e-02
8.400000000000000000e+01 1.342867594212293625e-02
8.500000000000000000e+01 1.196178887039422989e-02
8.600000000000000000e+01 1.043178513646125793e-02
8.700000000000000000e+01 8.277831599116325378e-03
8.800000000000000000e+01 6.597952451556921005e-03
8.900000000000000000e+01 5.293941125273704529e-03
9.000000000000000000e+01 4.097157157957553864e-03
9.100000000000000000e+01 3.368436824530363083e-03
9.200000000000000000e+01 1.427159411832690239e-03
9.300000000000000000e+01 1.020641881041228771e-03
9.400000000000000000e+01 1.502631464973092079e-03
9.500000000000000000e+01 1.602450036443769932e-03
9.600000000000000000e+01 2.267935313284397125e-03
9.700000000000000000e+01 2.777687972411513329e-03
9.800000000000000000e+01 2.364320447668433189e-03
9.900000000000000000e+01 2.858338877558708191e-03
