1.000000000000000000e+00 1.000000000000000000e+00
2.000000000000000000e+00 8.801169991493225098e-01
3.000000000000000000e+00 7.877383232116699219e-01
4.000000000000000000e+00 7.086808085441589355e-01
5.000000000000000000e+00 6.370043754577636719e-01
6.000000000000000000e+00 5.705351233482360840e-01
7.000000000000000000e+00 5.081693530082702637e-01
8.000000000000000000e+00 4.491191506385803223e-01
9.000000000000000000e+00 3.929433524608612061e-01
1.000000000000000000e+01 3.393997251987457275e-01
1.100000000000000000e+01 2.879236042499542236e-01
1.200000000000000000e+01 2.381912916898727417e-01
1.300000000000000000e+01 1.900272816419601440e-01
1.400000000000000000e+01 1.436610668897628784e-01
1.500000000000000000e+01 9.912180155515670776e-02
1.600000000000000000e+01 5.621095001697540283e-02
1.700000000000000000e+01 1.540564559400081635e-02
1.800000000000000000e+01 -2.299493737518787384e-02
1.900000000000000000e+01 -5.888024717569351196e-02
2.000000000000000000e+01 -9.226665645837783813e-02
2.100000000000000000e+01 -1.227903738617897034e-01
2.200000000000000000e+01 -1.500702351331710815e-01
2.300000000000000000e+01 -1.736927330493927002e-01
2.400000000000000000e+01 -1.944129467010498047e-01
2.500000000000000000e+01 -2.117768228054046631e-01
2.600000000000000000e+01 -2.256801277399063110e-01
2.700000000000000000e+01 -2.363970726728439331e-01
2.800000000000000000e+01 -2.439078390598297119e-01
2.900000000000000000e+01 -2.491468489170074463e-01
3.000000000000000000e+01 -2.515022158622741699e-01
3.100000000000000000e+01 -2.508303523063659668e-01
3.200000000000000000e+01 -2.476415485143661499e-01
3.300000000000000000e+01 -2.425448447465896606e-01
3.400000000000000000e+01 -2.356600612401962280e-01
3.500000000000000000e+01 -2.267366796731948853e-01
3.600000000000000000e+01 -2.159561365842819214e-01
3.700000000000000000e+01 -2.040060907602310181e-01
3.800000000000000000e+01 -1.914110034704208374e-01
3.900000000000000000e+01 -1.780493110418319702e-01
4.000000000000000000e+01 -1.644915491342544556e-01
4.100000000000000000e+01 -1.507219523191452026e-01
4.200000000000000000e+01 -1.366963684558868408e-01
4.300000000000000000e+01 -1.229433342814445496e-01
4.400000000000000000e+01 -1.088652983307838440e-01
4.500000000000000000e+01 -9.507074952125549316e-02
4.600000000000000000e+01 -8.134278655052185059e-02
4.700000000000000000e+01 -6.806440651416778564e-02
4.800000000000000000e+01 -5.528857558965682983e-02
4.900000000000000000e+01 -4.287269338965415955e-02
5.000000000000000000e+01 -3.148544952273368835e-02
5.100000000000000000e+01 -2.109111286699771881e-02
5.200000000000000000e+01 -1.098002772778272629e-02
5.300000000000000000e+01 -1.401887275278568268e-03
5.400000000000000000e+01 7.115604355931282043e-03
5.500000000000000000e+01 1.502417400479316711e-02
5.600000000000000000e+01 2.192162722349166870e-02
5.700000000000000000e+01 2.826634049415588379e-02
5.800000000000000000e+01 3.399881720542907715e-02
5.900000000000000000e+01 3.919111937284469604e-02
6.000000000000000000e+01 4.393805935978889465e-02
6.100000000000000000e+01 4.786511883139610291e-02
6.200000000000000000e+01 5.111582577228546143e-02
6.300000000000000000e+01 5.381611362099647522e-02
6.400000000000000000e+01 5.557704716920852661e-02
6.500000000000000000e+01 5.678585544228553772e-02
6.600000000000000000e+01 5.717193335294723511e-02
6.700000000000000000e+01 5.723853781819343567e-02
6.800000000000000000e+01 5.632935464382171631e-02
6.900000000000000000e+01 5.485041812062263489e-02
7.000000000000000000e+01 5.297575891017913818e-02
7.100000000000000000e+01 5.146051198244094849e-02
7.200000000000000000e+01 5.021794885396957397e-02
7.300000000000000000e+01 4.872825369238853455e-02
7.400000000000000000e+01 4.697544872760772705e-02
7.500000000000000000e+01 4.480943828821182251e-02
7.600000000000000000e+01 4.243597015738487244e-02
7.700000000000000000e+01 3.969082236289978027e-02
7.800000000000000000e+01 3.727200254797935486e-02
7.900000000000000000e+01 3.489092364907264709e-02
8.000000000000000000e+01 3.224359825253486633e-02
8.100000000000000000e+01 3.023476339876651764e-02
8.200000000000000000e+01 2.817120030522346497e-02
8.300000000000000000e+01 2.556288987398147583e-02
8.400000000000000000e+01 2.348957210779190063e-02
8.500000000000000000e+01 2.128787152469158173e-02
8.600000000000000000e+01 1.907249540090560913e-02
8.700000000000000000e+01 1.657356694340705872e-02
8.800000000000000000e+01 1.449026726186275482e-02
8.900000000000000000e+01 1.258960738778114319e-02
9.000000000000000000e+01 1.066391076892614365e-02
9.100000000000000000e+01 9.164953604340553284e-03
9.200000000000000000e+01 7.886826060712337494e-03
9.300000000000000000e+01 5.672966595739126205e-03
9.400000000000000000e+01 3.124665934592485428e-03
9.500000000000000000e+01 7.033433648757636547e-04
9.600000000000000000e+01 -2.626153407618403435e-03
9.700000000000000000e+01 -5.063653457909822464e-03
9.800000000000000000e+01 -9.376256726682186127e-03
9.900000000000000000e+01 -1.007542293518781662e-02
