1.000000000000000000e+00 1.000000000000000000e+00
2.000000000000000000e+00 8.732959628105163574e-01
3.000000000000000000e+00 7.765948176383972168e-01
4.000000000000000000e+00 6.938726902008056641e-01
5.000000000000000000e+00 6.195433735847473145e-01
6.000000000000000000e+00 5.509076118469238281e-01
7.000000000000000000e+00 4.871205687522888184e-01
8.000000000000000000e+00 4.270777106285095215e-01
9.000000000000000000e+00 3.702293336391448975e-01
1.000000000000000000e+01 3.163257241249084473e-01
1.100000000000000000e+01 2.647867500782012939e-01
1.200000000000000000e+01 2.154091000556945801e-01
1.300000000000000000e+01 1.680413186550140381e-01
1.400000000000000000e+01 1.228406354784965515e-01
1.500000000000000000e+01 7.947131246328353882e-02
1.600000000000000000e+01 3.805207461118698120e-02
1.700000000000000000e+01 -6.257148343138396740e-04
1.800000000000000000e+01 -3.680459782481193542e-02
1.900000000000000000e+01 -7.008541375398635864e-02
2.000000000000000000e+01 -1.004799008369445801e-01
2.100000000000000000e+01 -1.279733479022979736e-01
2.200000000000000000e+01 -1.521320044994354248e-01
2.300000000000000000e+01 -1.732810139656066895e-01
2.400000000000000000e+01 -1.912242323160171509e-01
2.500000000000000000e+01 -2.058047950267791748e-01
2.600000000000000000e+01 -2.170055955648422241e-01
2.700000000000000000e+01 -2.251493036746978760e-01
2.800000000000000000e+01 -2.306015193462371826e-01
2.900000000000000000e+01 -2.330905050039291382e-01
3.000000000000000000e+01 -2.327428162097930908e-01
3.100000000000000000e+01 -2.298734784126281738e-01
3.200000000000000000e+01 -2.252242118120193481e-01
3.300000000000000000e+01 -2.187882065773010254e-01
3.400000000000000000e+01 -2.109579741954803467e-01
3.500000000000000000e+01 -2.016169726848602295e-01
3.600000000000000000e+01 -1.906508952379226685e-01
3.700000000000000000e+01 -1.791382133960723877e-01
3.800000000000000000e+01 -1.670236438512802124e-01
3.900000000000000000e+01 -1.540405303239822388e-01
4.000000000000000000e+01 -1.407655477523803711e-01
4.100000000000000000e+01 -1.272402256727218628e-01
4.200000000000000000e+01 -1.134891659021377563e-01
4.300000000000000000e+01 -9.965143352746963501e-02
4.400000000000000000e+01 -8.595114946365356445e-02
4.500000000000000000e+01 -7.313995063304901123e-02
4.600000000000000000e+01 -6.065420806407928467e-02
4.700000000000000000e+01 -4.884232953190803528e-02
4.800000000000000000e+01 -3.774338215589523315e-02
4.900000000000000000e+01 -2.735198102891445160e-02
5.000000000000000000e+01 -1.748198829591274261e-02
5.100000000000000000e+01 -8.102566935122013092e-03
5.200000000000000000e+01 7.545008556917309761e-04
5.300000000000000000e+01 8.517109788954257965e-03
5.400000000000000000e+01 1.524243783205747604e-02
5.500000000000000000e+01 2.148896269500255585e-02
5.600000000000000000e+01 2.698828838765621185e-02
5.700000000000000000e+01 3.198935836553573608e-02
5.800000000000000000e+01 3.615246340632438660e-02
5.900000000000000000e+01 3.999290615320205688e-02
6.000000000000000000e+01 4.355883225798606873e-02
6.100000000000000000e+01 4.618667066097259521e-02
6.200000000000000000e+01 4.859362170100212097e-02
6.300000000000000000e+01 5.047751590609550476e-02
6.400000000000000000e+01 5.136949568986892700e-02
6.500000000000000000e+01 5.169964954257011414e-02
6.600000000000000000e+01 5.151706188917160034e-02
6.700000000000000000e+01 5.025388672947883606e-02
6.800000000000000000e+01 4.860875383019447327e-02
6.900000000000000000e+01 4.690352082252502441e-02
7.000000000000000000e+01 4.539451375603675842e-02
7.100000000000000000e+01 4.337665066123008728e-02
7.200000000000000000e+01 4.085244983434677124e-02
7.300000000000000000e+01 3.776320442557334900e-02
7.400000000000000000e+01 3.450615704059600830e-02
7.500000000000000000e+01 3.158580139279365540e-02
7.600000000000000000e+01 2.866165712475776672e-02
7.700000000000000000e+01 2.617934159934520721e-02
7.800000000000000000e+01 2.333581261336803436e-02
7.900000000000000000e+01 2.074379846453666687e-02
8.000000000000000000e+01 1.759648509323596954e-02
8.100000000000000000e+01 1.492112688720226288e-02
8.200000000000000000e+01 1.307202130556106567e-02
8.300000000000000000e+01 1.140158250927925110e-02
8.400000000000000000e+01 1.007761340588331223e-02
8.500000000000000000e+01 8.213880471885204315e-03
8.600000000000000000e+01 6.313872523605823517e-03
8.700000000000000000e+01 4.768879618495702744e-03
8.800000000000000000e+01 2.540212590247392654e-03
8.900000000000000000e+01 1.394357532262802124e-03
9.000000000000000000e+01 8.941879495978355408e-04
9.100000000000000000e+01 9.669113205745816231e-04
9.200000000000000000e+01 -8.154908755386713892e-06
9.300000000000000000e+01 -1.882995828054845333e-03
9.400000000000000000e+01 -4.674871917814016342e-03
9.500000000000000000e+01 -5.282953847199678421e-03
9.600000000000000000e+01 -5.220300983637571335e-03
9.700000000000000000e+01 -6.171082612127065659e-03
9.800000000000000000e+01 -6.278675049543380737e-03
9.900000000000000000e+01 -5.599338095635175705e-03
