1.000000000000000000e+00 1.000000000000000000e+00
2.000000000000000000e+00 8.802509307861328125e-01
3.000000000000000000e+00 7.881588935852050781e-01
4.000000000000000000e+00 7.090151906013488770e-01
5.000000000000000000e+00 6.379750370979309082e-01
6.000000000000000000e+00 5.720030665397644043e-01
7.000000000000000000e+00 5.100118517875671387e-01
8.000000000000000000e+00 4.515646696090698242e-01
9.000000000000000000e+00 3.958406448364257812e-01
1.000000000000000000e+01 3.423696458339691162e-01
1.100000000000000000e+01 2.909845411777496338e-01
1.200000000000000000e+01 2.413554787635803223e-01
1.300000000000000000e+01 1.932836174964904785e-01
1.400000000000000000e+01 1.468693017959594727e-01
1.500000000000000000e+01 1.021785289049148560e-01
1.600000000000000000e+01 5.937144905328750610e-02
1.700000000000000000e+01 1.864387840032577515e-02
1.800000000000000000e+01 -1.975635625422000885e-02
1.900000000000000000e+01 -5.579653754830360413e-02
2.000000000000000000e+01 -8.914860337972640991e-02
2.100000000000000000e+01 -1.195663139224052429e-01
2.200000000000000000e+01 -1.472238302230834961e-01
2.300000000000000000e+01 -1.712578982114791870e-01
2.400000000000000000e+01 -1.923325508832931519e-01
2.500000000000000000e+01 -2.106990069150924683e-01
2.600000000000000000e+01 -2.254355549812316895e-01
2.700000000000000000e+01 -2.368616461753845215e-01
2.800000000000000000e+01 -2.451738417148590088e-01
2.900000000000000000e+01 -2.505916059017181396e-01
3.000000000000000000e+01 -2.529275417327880859e-01
3.100000000000000000e+01 -2.523826956748962402e-01
3.200000000000000000e+01 -2.495793849229812622e-01
3.300000000000000000e+01 -2.445765733718872070e-01
3.400000000000000000e+01 -2.379771023988723755e-01
3.500000000000000000e+01 -2.298460304737091064e-01
3.600000000000000000e+01 -2.198724150657653809e-01
3.700000000000000000e+01 -2.087488472461700439e-01
3.800000000000000000e+01 -1.964568942785263062e-01
3.900000000000000000e+01 -1.832683831453323364e-01
4.000000000000000000e+01 -1.697780787944793701e-01
4.100000000000000000e+01 -1.560704112052917480e-01
4.200000000000000000e+01 -1.419972330331802368e-01
4.300000000000000000e+01 -1.275909245014190674e-01
4.400000000000000000e+01 -1.134315356612205505e-01
4.500000000000000000e+01 -9.906113892793655396e-02
4.600000000000000000e+01 -8.532810211181640625e-02
4.700000000000000000e+01 -7.209260016679763794e-02
4.800000000000000000e+01 -5.961805954575538635e-02
4.900000000000000000e+01 -4.747144132852554321e-02
5.000000000000000000e+01 -3.579557314515113831e-02
5.100000000000000000e+01 -2.508715912699699402e-02
5.200000000000000000e+01 -1.519389636814594269e-02
5.300000000000000000e+01 -5.512497387826442719e-03
5.400000000000000000e+01 3.547423053532838821e-03
5.500000000000000000e+01 1.175691839307546616e-02
5.600000000000000000e+01 1.887527294456958771e-02
5.700000000000000000e+01 2.570214495062828064e-02
5.800000000000000000e+01 3.175938874483108521e-02
5.900000000000000000e+01 3.698227927088737488e-02
6.000000000000000000e+01 4.185726493597030640e-02
6.100000000000000000e+01 4.601902887225151062e-02
6.200000000000000000e+01 4.972443357110023499e-02
6.300000000000000000e+01 5.240855738520622253e-02
6.400000000000000000e+01 5.460578203201293945e-02
6.500000000000000000e+01 5.621718987822532654e-02
6.600000000000000000e+01 5.709086731076240540e-02
6.700000000000000000e+01 5.713746696710586548e-02
6.800000000000000000e+01 5.663296207785606384e-02
6.900000000000000000e+01 5.586343258619308472e-02
7.000000000000000000e+01 5.448411405086517334e-02
7.100000000000000000e+01 5.300725623965263367e-02
7.200000000000000000e+01 5.161214619874954224e-02
7.300000000000000000e+01 4.933435097336769104e-02
7.400000000000000000e+01 4.738312587141990662e-02
7.500000000000000000e+01 4.536563158035278320e-02
7.600000000000000000e+01 4.341727867722511292e-02
7.700000000000000000e+01 4.088991507887840271e-02
7.800000000000000000e+01 3.871089592576026917e-02
7.900000000000000000e+01 3.635744005441665649e-02
8.000000000000000000e+01 3.438962623476982117e-02
8.100000000000000000e+01 3.225916996598243713e-02
8.200000000000000000e+01 3.049959614872932434e-02
8.300000000000000000e+01 2.911758795380592346e-02
8.400000000000000000e+01 2.734176628291606903e-02
8.500000000000000000e+01 2.595828846096992493e-02
8.600000000000000000e+01 2.435672096908092499e-02
8.700000000000000000e+01 2.319002896547317505e-02
8.800000000000000000e+01 2.135195210576057434e-02
8.900000000000000000e+01 2.001879364252090454e-02
9.000000000000000000e+01 1.962832175195217133e-02
9.100000000000000000e+01 1.820182055234909058e-02
9.200000000000000000e+01 1.691125519573688507e-02
9.300000000000000000e+01 1.527542620897293091e-02
9.400000000000000000e+01 1.463944930583238602e-02
9.500000000000000000e+01 1.383131276816129684e-02
9.600000000000000000e+01 1.157001685351133347e-02
9.700000000000000000e+01 9.754101745784282684e-03
9.800000000000000000e+01 9.551177732646465302e-03
9.900000000000000000e+01 1.033892761915922165e-02
