1.000000000000000000e+00 1.000000000000000000e+00
2.000000000000000000e+00 8.794558048248291016e-01
3.000000000000000000e+00 7.868039608001708984e-01
4.000000000000000000e+00 7.071053981781005859e-01
5.000000000000000000e+00 6.353772282600402832e-01
6.000000000000000000e+00 5.688332319259643555e-01
7.000000000000000000e+00 5.068273544311523438e-01
8.000000000000000000e+00 4.480701684951782227e-01
9.000000000000000000e+00 3.922599256038665771e-01
1.000000000000000000e+01 3.389618694782257080e-01
1.100000000000000000e+01 2.876154780387878418e-01
1.200000000000000000e+01 2.379483282566070557e-01
1.300000000000000000e+01 1.899566054344177246e-01
1.400000000000000000e+01 1.434420794248580933e-01
1.500000000000000000e+01 9.880374372005462646e-02
1.600000000000000000e+01 5.624072998762130737e-02
1.700000000000000000e+01 1.557252090424299240e-02
1.800000000000000000e+01 -2.274112403392791748e-02
1.900000000000000000e+01 -5.843989923596382141e-02
2.000000000000000000e+01 -9.143751114606857300e-02
2.100000000000000000e+01 -1.214606165885925293e-01
2.200000000000000000e+01 -1.485010534524917603e-01
2.300000000000000000e+01 -1.721625477075576782e-01
2.400000000000000000e+01 -1.924272328615188599e-01
2.500000000000000000e+01 -2.094837427139282227e-01
2.600000000000000000e+01 -2.234224677085876465e-01
2.700000000000000000e+01 -2.343695163726806641e-01
2.800000000000000000e+01 -2.419801950454711914e-01
2.900000000000000000e+01 -2.466018050909042358e-01
3.000000000000000000e+01 -2.485878765583038330e-01
3.100000000000000000e+01 -2.481834888458251953e-01
3.200000000000000000e+01 -2.452573180198669434e-01
3.300000000000000000e+01 -2.399878352880477905e-01
3.400000000000000000e+01 -2.327651679515838623e-01
3.500000000000000000e+01 -2.239538282155990601e-01
3.600000000000000000e+01 -2.135213762521743774e-01
3.700000000000000000e+01 -2.021384835243225098e-01
3.800000000000000000e+01 -1.899680495262145996e-01
3.900000000000000000e+01 -1.770633012056350708e-01
4.000000000000000000e+01 -1.633358150720596313e-01
4.100000000000000000e+01 -1.491848677396774292e-01
4.200000000000000000e+01 -1.353666037321090698e-01
4.300000000000000000e+01 -1.209308356046676636e-01
4.400000000000000000e+01 -1.068484038114547729e-01
4.500000000000000000e+01 -9.313673526048660278e-02
4.600000000000000000e+01 -8.016150444746017456e-02
4.700000000000000000e+01 -6.786428391933441162e-02
4.800000000000000000e+01 -5.571781471371650696e-02
4.900000000000000000e+01 -4.411345720291137695e-02
5.000000000000000000e+01 -3.308861702680587769e-02
5.100000000000000000e+01 -2.279504016041755676e-02
5.200000000000000000e+01 -1.304707676172256470e-02
5.300000000000000000e+01 -4.419676028192043304e-03
5.400000000000000000e+01 3.703381167724728584e-03
5.500000000000000000e+01 1.150273531675338745e-02
5.600000000000000000e+01 1.886751875281333923e-02
5.700000000000000000e+01 2.543502673506736755e-02
5.800000000000000000e+01 3.141830116510391235e-02
5.900000000000000000e+01 3.640030696988105774e-02
6.000000000000000000e+01 4.096508398652076721e-02
6.100000000000000000e+01 4.494239017367362976e-02
6.200000000000000000e+01 4.781847074627876282e-02
6.300000000000000000e+01 4.976987093687057495e-02
6.400000000000000000e+01 5.146234855055809021e-02
6.500000000000000000e+01 5.254669114947319031e-02
6.600000000000000000e+01 5.367093905806541443e-02
6.700000000000000000e+01 5.423237010836601257e-02
6.800000000000000000e+01 5.356658622622489929e-02
6.900000000000000000e+01 5.288400501012802124e-02
7.000000000000000000e+01 5.172550305724143982e-02
7.100000000000000000e+01 4.999598860740661621e-02
7.200000000000000000e+01 4.824288934469223022e-02
7.300000000000000000e+01 4.613075405359268188e-02
7.400000000000000000e+01 4.432812333106994629e-02
7.500000000000000000e+01 4.178784415125846863e-02
7.600000000000000000e+01 3.918837755918502808e-02
7.700000000000000000e+01 3.678719699382781982e-02
7.800000000000000000e+01 3.482563048601150513e-02
7.900000000000000000e+01 3.294927999377250671e-02
8.000000000000000000e+01 3.082526661455631256e-02
8.100000000000000000e+01 2.823338657617568970e-02
8.200000000000000000e+01 2.635074593126773834e-02
8.300000000000000000e+01 2.483292855322360992e-02
8.400000000000000000e+01 2.267324738204479218e-02
8.500000000000000000e+01 2.155774645507335663e-02
8.600000000000000000e+01 2.028740942478179932e-02
8.700000000000000000e+01 1.937414519488811493e-02
8.800000000000000000e+01 1.821216754615306854e-02
8.900000000000000000e+01 1.541721075773239136e-02
9.000000000000000000e+01 1.262016873806715012e-02
9.100000000000000000e+01 1.074697263538837433e-02
9.200000000000000000e+01 1.018223632127046585e-02
9.300000000000000000e+01 9.652402251958847046e-03
9.400000000000000000e+01 8.694362826645374298e-03
9.500000000000000000e+01 7.462772075086832047e-03
9.600000000000000000e+01 6.577684544026851654e-03
9.700000000000000000e+01 6.223883479833602905e-03
9.800000000000000000e+01 5.249951500445604324e-03
9.900000000000000000e+01 2.635500859469175339e-03
