1.000000000000000000e+00 1.000000000000000000e+00
2.000000000000000000e+00 8.742280602455139160e-01
3.000000000000000000e+00 7.780265808105468750e-01
4.000000000000000000e+00 6.958081722259521484e-01
5.000000000000000000e+00 6.220549345016479492e-01
6.000000000000000000e+00 5.538628697395324707e-01
7.000000000000000000e+00 4.902962446212768555e-01
8.000000000000000000e+00 4.304813444614410400e-01
9.000000000000000000e+00 3.736299872398376465e-01
1.000000000000000000e+01 3.197276592254638672e-01
1.100000000000000000e+01 2.681879997253417969e-01
1.200000000000000000e+01 2.185671925544738770e-01
1.300000000000000000e+01 1.710296124219894409e-01
1.400000000000000000e+01 1.254391819238662720e-01
1.500000000000000000e+01 8.205042779445648193e-02
1.600000000000000000e+01 4.071182757616043091e-02
1.700000000000000000e+01 1.782642211765050888e-03
1.800000000000000000e+01 -3.429559618234634399e-02
1.900000000000000000e+01 -6.761485338211059570e-02
2.000000000000000000e+01 -9.829066693782806396e-02
2.100000000000000000e+01 -1.258913576602935791e-01
2.200000000000000000e+01 -1.504030674695968628e-01
2.300000000000000000e+01 -1.716746091842651367e-01
2.400000000000000000e+01 -1.896837353706359863e-01
2.500000000000000000e+01 -2.046198099851608276e-01
2.600000000000000000e+01 -2.165428400039672852e-01
2.700000000000000000e+01 -2.254150509834289551e-01
2.800000000000000000e+01 -2.315823882818222046e-01
2.900000000000000000e+01 -2.348557412624359131e-01
3.000000000000000000e+01 -2.354603260755538940e-01
3.100000000000000000e+01 -2.334976792335510254e-01
3.200000000000000000e+01 -2.293270379304885864e-01
3.300000000000000000e+01 -2.231485545635223389e-01
3.400000000000000000e+01 -2.153377234935760498e-01
3.500000000000000000e+01 -2.060415446758270264e-01
3.600000000000000000e+01 -1.953718215227127075e-01
3.700000000000000000e+01 -1.842223107814788818e-01
3.800000000000000000e+01 -1.719748824834823608e-01
3.900000000000000000e+01 -1.589408814907073975e-01
4.000000000000000000e+01 -1.456317305564880371e-01
4.100000000000000000e+01 -1.321683675050735474e-01
4.200000000000000000e+01 -1.185329779982566833e-01
4.300000000000000000e+01 -1.050448194146156311e-01
4.400000000000000000e+01 -9.172125905752182007e-02
4.500000000000000000e+01 -7.869274914264678955e-02
4.600000000000000000e+01 -6.583260744810104370e-02
4.700000000000000000e+01 -5.401096865534782410e-02
4.800000000000000000e+01 -4.263392835855484009e-02
4.900000000000000000e+01 -3.166335076093673706e-02
5.000000000000000000e+01 -2.100469544529914856e-02
5.100000000000000000e+01 -1.134989876300096512e-02
5.200000000000000000e+01 -2.385005820542573929e-03
5.300000000000000000e+01 5.880541633814573288e-03
5.400000000000000000e+01 1.349075697362422943e-02
5.500000000000000000e+01 2.011328563094139099e-02
5.600000000000000000e+01 2.601288817822933197e-02
5.700000000000000000e+01 3.125862032175064087e-02
5.800000000000000000e+01 3.617218136787414551e-02
5.900000000000000000e+01 4.068444296717643738e-02
6.000000000000000000e+01 4.473851621150970459e-02
6.100000000000000000e+01 4.825567454099655151e-02
6.200000000000000000e+01 5.140996351838111877e-02
6.300000000000000000e+01 5.327157676219940186e-02
6.400000000000000000e+01 5.437322705984115601e-02
6.500000000000000000e+01 5.470903590321540833e-02
6.600000000000000000e+01 5.475755408406257629e-02
6.700000000000000000e+01 5.461610853672027588e-02
6.800000000000000000e+01 5.329371243715286255e-02
6.900000000000000000e+01 5.161146074533462524e-02
7.000000000000000000e+01 4.990705102682113647e-02
7.100000000000000000e+01 4.808915406465530396e-02
7.200000000000000000e+01 4.582496732473373413e-02
7.300000000000000000e+01 4.306338354945182800e-02
7.400000000000000000e+01 3.976469486951828003e-02
7.500000000000000000e+01 3.631933778524398804e-02
7.600000000000000000e+01 3.313310816884040833e-02
7.700000000000000000e+01 3.006084077060222626e-02
7.800000000000000000e+01 2.716032043099403381e-02
7.900000000000000000e+01 2.425228618085384369e-02
8.000000000000000000e+01 2.184260636568069458e-02
8.100000000000000000e+01 1.989878714084625244e-02
8.200000000000000000e+01 1.768355257809162140e-02
8.300000000000000000e+01 1.594696193933486938e-02
8.400000000000000000e+01 1.384851802140474319e-02
8.500000000000000000e+01 1.214649528264999390e-02
8.600000000000000000e+01 1.009472925215959549e-02
8.700000000000000000e+01 8.130749687552452087e-03
8.800000000000000000e+01 5.880428012460470200e-03
8.900000000000000000e+01 3.790407208725810051e-03
9.000000000000000000e+01 1.548296422697603703e-03
9.100000000000000000e+01 -1.302780117839574814e-03
9.200000000000000000e+01 -3.475102595984935760e-03
9.300000000000000000e+01 -4.621398169547319412e-03
9.400000000000000000e+01 -5.947059486061334610e-03
9.500000000000000000e+01 -7.803219370543956757e-03
9.600000000000000000e+01 -9.198339655995368958e-03
9.700000000000000000e+01 -1.055174786597490311e-02
9.800000000000000000e+01 -1.242214627563953400e-02
9.900000000000000000e+01 -1.491529494524002075e-02
