1.000000000000000000e+00 1.000000000000000000e+00
2.000000000000000000e+00 8.752866983413696289e-01
3.000000000000000000e+00 7.797386050224304199e-01
4.000000000000000000e+00 6.981609463691711426e-01
5.000000000000000000e+00 6.246509552001953125e-01
6.000000000000000000e+00 5.567116141319274902e-01
7.000000000000000000e+00 4.931398034095764160e-01
8.000000000000000000e+00 4.331397712230682373e-01
9.000000000000000000e+00 3.765545785427093506e-01
1.000000000000000000e+01 3.228079676628112793e-01
1.100000000000000000e+01 2.712434232234954834e-01
1.200000000000000000e+01 2.215397804975509644e-01
1.300000000000000000e+01 1.738840192556381226e-01
1.400000000000000000e+01 1.278620511293411255e-01
1.500000000000000000e+01 8.381766825914382935e-02
1.600000000000000000e+01 4.184908419847488403e-02
1.700000000000000000e+01 2.313128439709544182e-03
1.800000000000000000e+01 -3.456711396574974060e-02
1.900000000000000000e+01 -6.848286092281341553e-02
2.000000000000000000e+01 -9.946086257696151733e-02
2.100000000000000000e+01 -1.275131553411483765e-01
2.200000000000000000e+01 -1.521866023540496826e-01
2.300000000000000000e+01 -1.735847890377044678e-01
2.400000000000000000e+01 -1.919260770082473755e-01
2.500000000000000000e+01 -2.067921459674835205e-01
2.600000000000000000e+01 -2.184910029172897339e-01
2.700000000000000000e+01 -2.269421070814132690e-01
2.800000000000000000e+01 -2.326314747333526611e-01
2.900000000000000000e+01 -2.356984615325927734e-01
3.000000000000000000e+01 -2.362486869096755981e-01
3.100000000000000000e+01 -2.342353463172912598e-01
3.200000000000000000e+01 -2.299068570137023926e-01
3.300000000000000000e+01 -2.234458476305007935e-01
3.400000000000000000e+01 -2.151857912540435791e-01
3.500000000000000000e+01 -2.055972665548324585e-01
3.600000000000000000e+01 -1.947782337665557861e-01
3.700000000000000000e+01 -1.828298419713973999e-01
3.800000000000000000e+01 -1.698943674564361572e-01
3.900000000000000000e+01 -1.569824367761611938e-01
4.000000000000000000e+01 -1.440044194459915161e-01
4.100000000000000000e+01 -1.305775195360183716e-01
4.200000000000000000e+01 -1.171385943889617920e-01
4.300000000000000000e+01 -1.036313474178314209e-01
4.400000000000000000e+01 -9.034664183855056763e-02
4.500000000000000000e+01 -7.761702686548233032e-02
4.600000000000000000e+01 -6.536218523979187012e-02
4.700000000000000000e+01 -5.370584875345230103e-02
4.800000000000000000e+01 -4.240700602531433105e-02
4.900000000000000000e+01 -3.169112280011177063e-02
5.000000000000000000e+01 -2.148137241601943970e-02
5.100000000000000000e+01 -1.220251619815826416e-02
5.200000000000000000e+01 -3.764519467949867249e-03
5.300000000000000000e+01 3.987075295299291611e-03
5.400000000000000000e+01 1.097979955375194550e-02
5.500000000000000000e+01 1.698071323335170746e-02
5.600000000000000000e+01 2.243356592953205109e-02
5.700000000000000000e+01 2.779448032379150391e-02
5.800000000000000000e+01 3.290167078375816345e-02
5.900000000000000000e+01 3.789545595645904541e-02
6.000000000000000000e+01 4.201981425285339355e-02
6.100000000000000000e+01 4.546023532748222351e-02
6.200000000000000000e+01 4.828583821654319763e-02
6.300000000000000000e+01 5.035275965929031372e-02
6.400000000000000000e+01 5.132083967328071594e-02
6.500000000000000000e+01 5.219279602169990540e-02
6.600000000000000000e+01 5.207000672817230225e-02
6.700000000000000000e+01 5.107105895876884460e-02
6.800000000000000000e+01 4.971816018223762512e-02
6.900000000000000000e+01 4.842747747898101807e-02
7.000000000000000000e+01 4.688441753387451172e-02
7.100000000000000000e+01 4.454935342073440552e-02
7.200000000000000000e+01 4.225187376141548157e-02
7.300000000000000000e+01 3.978467732667922974e-02
7.400000000000000000e+01 3.758638724684715271e-02
7.500000000000000000e+01 3.515214473009109497e-02
7.600000000000000000e+01 3.208095580339431763e-02
7.700000000000000000e+01 2.920616604387760162e-02
7.800000000000000000e+01 2.623150125145912170e-02
7.900000000000000000e+01 2.309874445199966431e-02
8.000000000000000000e+01 1.968418247997760773e-02
8.100000000000000000e+01 1.635928638279438019e-02
8.200000000000000000e+01 1.345693971961736679e-02
8.300000000000000000e+01 1.077076140791177750e-02
8.400000000000000000e+01 9.075062349438667297e-03
8.500000000000000000e+01 7.176428567618131638e-03
8.600000000000000000e+01 5.617500282824039459e-03
8.700000000000000000e+01 3.369173966348171234e-03
8.800000000000000000e+01 1.238900586031377316e-03
8.900000000000000000e+01 -2.985239552799612284e-04
9.000000000000000000e+01 -1.538669574074447155e-03
9.100000000000000000e+01 -2.934579271823167801e-03
9.200000000000000000e+01 -4.754472989588975906e-03
9.300000000000000000e+01 -6.477293558418750763e-03
9.400000000000000000e+01 -7.308644242584705353e-03
9.500000000000000000e+01 -7.134406361728906631e-03
9.600000000000000000e+01 -6.368496455252170563e-03
9.700000000000000000e+01 -7.233378011733293533e-03
9.800000000000000000e+01 -8.708259090781211853e-03
9.900000000000000000e+01 -1.020576618611812592e-02
