1.000000000000000000e+00 1.000000000000000000e+00
2.000000000000000000e+00 8.705481290817260742e-01
3.000000000000000000e+00 7.719070315361022949e-01
4.000000000000000000e+00 6.882207989692687988e-01
5.000000000000000000e+00 6.131110191345214844e-01
6.000000000000000000e+00 5.441203713417053223e-01
7.000000000000000000e+00 4.800005257129669189e-01
8.000000000000000000e+00 4.194837808609008789e-01
9.000000000000000000e+00 3.622988760471343994e-01
1.000000000000000000e+01 3.082275390625000000e-01
1.100000000000000000e+01 2.568223178386688232e-01
1.200000000000000000e+01 2.074729204177856445e-01
1.300000000000000000e+01 1.604958921670913696e-01
1.400000000000000000e+01 1.155757829546928406e-01
1.500000000000000000e+01 7.268707454204559326e-02
1.600000000000000000e+01 3.191787376999855042e-02
1.700000000000000000e+01 -6.315388251096010208e-03
1.800000000000000000e+01 -4.144670814275741577e-02
1.900000000000000000e+01 -7.387794554233551025e-02
2.000000000000000000e+01 -1.033332422375679016e-01
2.100000000000000000e+01 -1.297847330570220947e-01
2.200000000000000000e+01 -1.531287431716918945e-01
2.300000000000000000e+01 -1.728592365980148315e-01
2.400000000000000000e+01 -1.892462521791458130e-01
2.500000000000000000e+01 -2.025153785943984985e-01
2.600000000000000000e+01 -2.125827670097351074e-01
2.700000000000000000e+01 -2.199250459671020508e-01
2.800000000000000000e+01 -2.243217378854751587e-01
2.900000000000000000e+01 -2.259578108787536621e-01
3.000000000000000000e+01 -2.250203490257263184e-01
3.100000000000000000e+01 -2.222808301448822021e-01
3.200000000000000000e+01 -2.174187600612640381e-01
3.300000000000000000e+01 -2.104273736476898193e-01
3.400000000000000000e+01 -2.020833492279052734e-01
3.500000000000000000e+01 -1.927040666341781616e-01
3.600000000000000000e+01 -1.823511570692062378e-01
3.700000000000000000e+01 -1.709991693496704102e-01
3.800000000000000000e+01 -1.589468717575073242e-01
3.900000000000000000e+01 -1.459868848323822021e-01
4.000000000000000000e+01 -1.328346878290176392e-01
4.100000000000000000e+01 -1.195198073983192444e-01
4.200000000000000000e+01 -1.063631251454353333e-01
4.300000000000000000e+01 -9.336803853511810303e-02
4.400000000000000000e+01 -8.068928122520446777e-02
4.500000000000000000e+01 -6.852098554372787476e-02
4.600000000000000000e+01 -5.704882740974426270e-02
4.700000000000000000e+01 -4.596126824617385864e-02
4.800000000000000000e+01 -3.561104834079742432e-02
4.900000000000000000e+01 -2.576576732099056244e-02
5.000000000000000000e+01 -1.614457368850708008e-02
5.100000000000000000e+01 -7.211527787148952484e-03
5.200000000000000000e+01 8.404197287745773792e-04
5.300000000000000000e+01 8.678150363266468048e-03
5.400000000000000000e+01 1.546905189752578735e-02
5.500000000000000000e+01 2.187158726155757904e-02
5.600000000000000000e+01 2.693109028041362762e-02
5.700000000000000000e+01 3.161910176277160645e-02
5.800000000000000000e+01 3.579196333885192871e-02
5.900000000000000000e+01 3.908511623740196228e-02
6.000000000000000000e+01 4.223650693893432617e-02
6.100000000000000000e+01 4.520469158887863159e-02
6.200000000000000000e+01 4.733689874410629272e-02
6.300000000000000000e+01 4.922803118824958801e-02
6.400000000000000000e+01 5.027056857943534851e-02
6.500000000000000000e+01 5.028719827532768250e-02
6.600000000000000000e+01 5.015579611063003540e-02
6.700000000000000000e+01 4.913079738616943359e-02
6.800000000000000000e+01 4.811684042215347290e-02
6.900000000000000000e+01 4.662732779979705811e-02
7.000000000000000000e+01 4.485025629401206970e-02
7.100000000000000000e+01 4.192692786455154419e-02
7.200000000000000000e+01 3.954984247684478760e-02
7.300000000000000000e+01 3.714006766676902771e-02
7.400000000000000000e+01 3.430030122399330139e-02
7.500000000000000000e+01 3.212599456310272217e-02
7.600000000000000000e+01 2.980883792042732239e-02
7.700000000000000000e+01 2.815835364162921906e-02
7.800000000000000000e+01 2.566255815327167511e-02
7.900000000000000000e+01 2.303800173103809357e-02
8.000000000000000000e+01 2.032928727567195892e-02
8.100000000000000000e+01 1.800485700368881226e-02
8.200000000000000000e+01 1.554930582642555237e-02
8.300000000000000000e+01 1.321121957153081894e-02
8.400000000000000000e+01 1.123108528554439545e-02
8.500000000000000000e+01 9.159689769148826599e-03
8.600000000000000000e+01 7.073560263961553574e-03
8.700000000000000000e+01 4.209447186440229416e-03
8.800000000000000000e+01 1.706292852759361267e-03
8.900000000000000000e+01 -7.589166489196941257e-05
9.000000000000000000e+01 -1.288025407120585442e-03
9.100000000000000000e+01 -2.161755459383130074e-03
9.200000000000000000e+01 -3.034685971215367317e-03
9.300000000000000000e+01 -3.844238119199872017e-03
9.400000000000000000e+01 -4.784327466040849686e-03
9.500000000000000000e+01 -5.649399477988481522e-03
9.600000000000000000e+01 -5.349894054234027863e-03
9.700000000000000000e+01 -3.665038151666522026e-03
9.800000000000000000e+01 -5.416435189545154572e-03
9.900000000000000000e+01 -4.418907221406698227e-03
