1.000000000000000000e+00 1.000000000000000000e+00
2.000000000000000000e+00 8.686003088951110840e-01
3.000000000000000000e+00 7.682967185974121094e-01
4.000000000000000000e+00 6.831425428390502930e-01
5.000000000000000000e+00 6.070587038993835449e-01
6.000000000000000000e+00 5.370742678642272949e-01
7.000000000000000000e+00 4.721346199512481689e-01
8.000000000000000000e+00 4.114110171794891357e-01
9.000000000000000000e+00 3.543139100074768066e-01
1.000000000000000000e+01 3.004420697689056396e-01
1.100000000000000000e+01 2.491084635257720947e-01
1.200000000000000000e+01 2.002061009407043457e-01
1.300000000000000000e+01 1.533125340938568115e-01
1.400000000000000000e+01 1.090183556079864502e-01
1.500000000000000000e+01 6.674542278051376343e-02
1.600000000000000000e+01 2.702629379928112030e-02
1.700000000000000000e+01 -1.025661174207925797e-02
1.800000000000000000e+01 -4.455191642045974731e-02
1.900000000000000000e+01 -7.623138278722763062e-02
2.000000000000000000e+01 -1.048016250133514404e-01
2.100000000000000000e+01 -1.302639096975326538e-01
2.200000000000000000e+01 -1.524686366319656372e-01
2.300000000000000000e+01 -1.715548783540725708e-01
2.400000000000000000e+01 -1.871472597122192383e-01
2.500000000000000000e+01 -1.998298764228820801e-01
2.600000000000000000e+01 -2.090649157762527466e-01
2.700000000000000000e+01 -2.153866440057754517e-01
2.800000000000000000e+01 -2.187094986438751221e-01
2.900000000000000000e+01 -2.197340130805969238e-01
3.000000000000000000e+01 -2.186539024114608765e-01
3.100000000000000000e+01 -2.155264914035797119e-01
3.200000000000000000e+01 -2.103678882122039795e-01
3.300000000000000000e+01 -2.032420784235000610e-01
3.400000000000000000e+01 -1.942937225103378296e-01
3.500000000000000000e+01 -1.840058714151382446e-01
3.600000000000000000e+01 -1.725263446569442749e-01
3.700000000000000000e+01 -1.606964319944381714e-01
3.800000000000000000e+01 -1.483085751533508301e-01
3.900000000000000000e+01 -1.356646716594696045e-01
4.000000000000000000e+01 -1.228439584374427795e-01
4.100000000000000000e+01 -1.103352978825569153e-01
4.200000000000000000e+01 -9.757024049758911133e-02
4.300000000000000000e+01 -8.516234159469604492e-02
4.400000000000000000e+01 -7.291879504919052124e-02
4.500000000000000000e+01 -6.098775193095207214e-02
4.600000000000000000e+01 -4.956049099564552307e-02
4.700000000000000000e+01 -3.874316066503524780e-02
4.800000000000000000e+01 -2.865648083388805389e-02
4.900000000000000000e+01 -1.921298913657665253e-02
5.000000000000000000e+01 -1.038503926247358322e-02
5.100000000000000000e+01 -2.257995540276169777e-03
5.200000000000000000e+01 5.151765886694192886e-03
5.300000000000000000e+01 1.204104628413915634e-02
5.400000000000000000e+01 1.803333684802055359e-02
5.500000000000000000e+01 2.389024943113327026e-02
5.600000000000000000e+01 2.875627949833869934e-02
5.700000000000000000e+01 3.304605558514595032e-02
5.800000000000000000e+01 3.634712472558021545e-02
5.900000000000000000e+01 3.952231258153915405e-02
6.000000000000000000e+01 4.221996665000915527e-02
6.100000000000000000e+01 4.423483461141586304e-02
6.200000000000000000e+01 4.602357745170593262e-02
6.300000000000000000e+01 4.679100215435028076e-02
6.400000000000000000e+01 4.716132953763008118e-02
6.500000000000000000e+01 4.689550772309303284e-02
6.600000000000000000e+01 4.602969437837600708e-02
6.700000000000000000e+01 4.469774290919303894e-02
6.800000000000000000e+01 4.307937622070312500e-02
6.900000000000000000e+01 4.078319668769836426e-02
7.000000000000000000e+01 3.793449699878692627e-02
7.100000000000000000e+01 3.485152497887611389e-02
7.200000000000000000e+01 3.186308220028877258e-02
7.300000000000000000e+01 2.871040254831314087e-02
7.400000000000000000e+01 2.576222456991672516e-02
7.500000000000000000e+01 2.247368171811103821e-02
7.600000000000000000e+01 1.972029730677604675e-02
7.700000000000000000e+01 1.684914343059062958e-02
7.800000000000000000e+01 1.473880652338266373e-02
7.900000000000000000e+01 1.237294077873229980e-02
8.000000000000000000e+01 1.059470791369676590e-02
8.100000000000000000e+01 9.537926875054836273e-03
8.200000000000000000e+01 8.863983675837516785e-03
8.300000000000000000e+01 7.577807176858186722e-03
8.400000000000000000e+01 7.321960292756557465e-03
8.500000000000000000e+01 6.498683709651231766e-03
8.600000000000000000e+01 4.906950984150171280e-03
8.700000000000000000e+01 2.998218405991792679e-03
8.800000000000000000e+01 1.397702377289533615e-03
8.900000000000000000e+01 2.924165746662765741e-04
9.000000000000000000e+01 -6.590720149688422680e-04
9.100000000000000000e+01 -7.179236854426562786e-04
9.200000000000000000e+01 -1.247737673111259937e-03
9.300000000000000000e+01 -2.012157812714576721e-03
9.400000000000000000e+01 -9.469096548855304718e-04
9.500000000000000000e+01 -8.445388521067798138e-04
9.600000000000000000e+01 -8.565028838347643614e-05
9.700000000000000000e+01 -5.795996403321623802e-04
9.800000000000000000e+01 1.996791688725352287e-03
9.900000000000000000e+01 5.992642603814601898e-03
