1.000000000000000000e+00 1.000000000000000000e+00
2.000000000000000000e+00 8.772763609886169434e-01
3.000000000000000000e+00 7.830308675765991211e-01
4.000000000000000000e+00 7.025731801986694336e-01
5.000000000000000000e+00 6.299528479576110840e-01
6.000000000000000000e+00 5.628564953804016113e-01
7.000000000000000000e+00 4.999588429927825928e-01
8.000000000000000000e+00 4.406409561634063721e-01
9.000000000000000000e+00 3.842919766902923584e-01
1.000000000000000000e+01 3.303440511226654053e-01
1.100000000000000000e+01 2.786070108413696289e-01
1.200000000000000000e+01 2.289356440305709839e-01
1.300000000000000000e+01 1.812708675861358643e-01
1.400000000000000000e+01 1.353074461221694946e-01
1.500000000000000000e+01 9.145057946443557739e-02
1.600000000000000000e+01 4.965520277619361877e-02
1.700000000000000000e+01 9.687499143183231354e-03
1.800000000000000000e+01 -2.770079113543033600e-02
1.900000000000000000e+01 -6.241941824555397034e-02
2.000000000000000000e+01 -9.447896480560302734e-02
2.100000000000000000e+01 -1.237340122461318970e-01
2.200000000000000000e+01 -1.498632580041885376e-01
2.300000000000000000e+01 -1.728795170783996582e-01
2.400000000000000000e+01 -1.925425678491592407e-01
2.500000000000000000e+01 -2.090965956449508667e-01
2.600000000000000000e+01 -2.223745733499526978e-01
2.700000000000000000e+01 -2.324039638042449951e-01
2.800000000000000000e+01 -2.392113357782363892e-01
2.900000000000000000e+01 -2.430172562599182129e-01
3.000000000000000000e+01 -2.441530227661132812e-01
3.100000000000000000e+01 -2.426810711622238159e-01
3.200000000000000000e+01 -2.392752915620803833e-01
3.300000000000000000e+01 -2.333456575870513916e-01
3.400000000000000000e+01 -2.254869043827056885e-01
3.500000000000000000e+01 -2.162035703659057617e-01
3.600000000000000000e+01 -2.057299017906188965e-01
3.700000000000000000e+01 -1.939797997474670410e-01
3.800000000000000000e+01 -1.814905554056167603e-01
3.900000000000000000e+01 -1.682281196117401123e-01
4.000000000000000000e+01 -1.546359658241271973e-01
4.100000000000000000e+01 -1.410608142614364624e-01
4.200000000000000000e+01 -1.274161338806152344e-01
4.300000000000000000e+01 -1.136302202939987183e-01
4.400000000000000000e+01 -1.000476777553558350e-01
4.500000000000000000e+01 -8.743385225534439087e-02
4.600000000000000000e+01 -7.493690401315689087e-02
4.700000000000000000e+01 -6.279987096786499023e-02
4.800000000000000000e+01 -5.135856941342353821e-02
4.900000000000000000e+01 -4.039802402257919312e-02
5.000000000000000000e+01 -3.004082851111888885e-02
5.100000000000000000e+01 -1.999826356768608093e-02
5.200000000000000000e+01 -1.047142129391431808e-02
5.300000000000000000e+01 -1.715156016871333122e-03
5.400000000000000000e+01 6.529272533953189850e-03
5.500000000000000000e+01 1.379552297294139862e-02
5.600000000000000000e+01 2.050420641899108887e-02
5.700000000000000000e+01 2.695710584521293640e-02
5.800000000000000000e+01 3.236115351319313049e-02
5.900000000000000000e+01 3.695150464773178101e-02
6.000000000000000000e+01 4.097838327288627625e-02
6.100000000000000000e+01 4.454779624938964844e-02
6.200000000000000000e+01 4.759071394801139832e-02
6.300000000000000000e+01 4.980540275573730469e-02
6.400000000000000000e+01 5.146710947155952454e-02
6.500000000000000000e+01 5.279169976711273193e-02
6.600000000000000000e+01 5.296732857823371887e-02
6.700000000000000000e+01 5.273792892694473267e-02
6.800000000000000000e+01 5.228831246495246887e-02
6.900000000000000000e+01 5.128502845764160156e-02
7.000000000000000000e+01 4.977469518780708313e-02
7.100000000000000000e+01 4.787236079573631287e-02
7.200000000000000000e+01 4.608428105711936951e-02
7.300000000000000000e+01 4.417996853590011597e-02
7.400000000000000000e+01 4.205331578850746155e-02
7.500000000000000000e+01 3.959236294031143188e-02
7.600000000000000000e+01 3.726520016789436340e-02
7.700000000000000000e+01 3.461201488971710205e-02
7.800000000000000000e+01 3.157906606793403625e-02
7.900000000000000000e+01 2.883578836917877197e-02
8.000000000000000000e+01 2.623210847377777100e-02
8.100000000000000000e+01 2.459990233182907104e-02
8.200000000000000000e+01 2.243575640022754669e-02
8.300000000000000000e+01 2.035054750740528107e-02
8.400000000000000000e+01 1.835153438150882721e-02
8.500000000000000000e+01 1.655873656272888184e-02
8.600000000000000000e+01 1.449527777731418610e-02
8.700000000000000000e+01 1.278112642467021942e-02
8.800000000000000000e+01 1.079838629812002182e-02
8.900000000000000000e+01 9.590023197233676910e-03
9.000000000000000000e+01 8.208906278014183044e-03
9.100000000000000000e+01 7.650809828191995621e-03
9.200000000000000000e+01 6.468810141086578369e-03
9.300000000000000000e+01 5.734353326261043549e-03
9.400000000000000000e+01 4.885767586529254913e-03
9.500000000000000000e+01 2.477029105648398399e-03
9.600000000000000000e+01 1.542384852655231953e-03
9.700000000000000000e+01 1.647692406550049782e-03
9.800000000000000000e+01 3.293851856142282486e-03
9.900000000000000000e+01 1.414118683896958828e-03
