1.000000000000000000e+00 1.000000000000000000e+00
2.000000000000000000e+00 8.715123534202575684e-01
3.000000000000000000e+00 7.731151580810546875e-01
4.000000000000000000e+00 6.893960237503051758e-01
5.000000000000000000e+00 6.146154403686523438e-01
6.000000000000000000e+00 5.457510948181152344e-01
7.000000000000000000e+00 4.815756976604461670e-01
8.000000000000000000e+00 4.211484193801879883e-01
9.000000000000000000e+00 3.642590045928955078e-01
1.000000000000000000e+01 3.101660013198852539e-01
1.100000000000000000e+01 2.585776150226593018e-01
1.200000000000000000e+01 2.092496305704116821e-01
1.300000000000000000e+01 1.620626002550125122e-01
1.400000000000000000e+01 1.172690838575363159e-01
1.500000000000000000e+01 7.464476674795150757e-02
1.600000000000000000e+01 3.441129997372627258e-02
1.700000000000000000e+01 -3.411685815081000328e-03
1.800000000000000000e+01 -3.877054527401924133e-02
1.900000000000000000e+01 -7.137131690979003906e-02
2.000000000000000000e+01 -1.007996648550033569e-01
2.100000000000000000e+01 -1.274965107440948486e-01
2.200000000000000000e+01 -1.507273018360137939e-01
2.300000000000000000e+01 -1.704081594944000244e-01
2.400000000000000000e+01 -1.869603544473648071e-01
2.500000000000000000e+01 -2.005052864551544189e-01
2.600000000000000000e+01 -2.114361673593521118e-01
2.700000000000000000e+01 -2.190701961517333984e-01
2.800000000000000000e+01 -2.237679809331893921e-01
2.900000000000000000e+01 -2.257400900125503540e-01
3.000000000000000000e+01 -2.253163903951644897e-01
3.100000000000000000e+01 -2.226993441581726074e-01
3.200000000000000000e+01 -2.180695980787277222e-01
3.300000000000000000e+01 -2.116074562072753906e-01
3.400000000000000000e+01 -2.035872191190719604e-01
3.500000000000000000e+01 -1.943492740392684937e-01
3.600000000000000000e+01 -1.841413527727127075e-01
3.700000000000000000e+01 -1.729305535554885864e-01
3.800000000000000000e+01 -1.608342826366424561e-01
3.900000000000000000e+01 -1.484801620244979858e-01
4.000000000000000000e+01 -1.358171850442886353e-01
4.100000000000000000e+01 -1.229539364576339722e-01
4.200000000000000000e+01 -1.099192127585411072e-01
4.300000000000000000e+01 -9.709077328443527222e-02
4.400000000000000000e+01 -8.430915325880050659e-02
4.500000000000000000e+01 -7.162120938301086426e-02
4.600000000000000000e+01 -5.966473743319511414e-02
4.700000000000000000e+01 -4.890215396881103516e-02
4.800000000000000000e+01 -3.853560611605644226e-02
4.900000000000000000e+01 -2.895107492804527283e-02
5.000000000000000000e+01 -1.980451680719852448e-02
5.100000000000000000e+01 -1.122813019901514053e-02
5.200000000000000000e+01 -3.251432906836271286e-03
5.300000000000000000e+01 4.006091970950365067e-03
5.400000000000000000e+01 1.083078421652317047e-02
5.500000000000000000e+01 1.688849739730358124e-02
5.600000000000000000e+01 2.260359190404415131e-02
5.700000000000000000e+01 2.752427197992801666e-02
5.800000000000000000e+01 3.223333880305290222e-02
5.900000000000000000e+01 3.689985722303390503e-02
6.000000000000000000e+01 4.098194837570190430e-02
6.100000000000000000e+01 4.386040568351745605e-02
6.200000000000000000e+01 4.610574990510940552e-02
6.300000000000000000e+01 4.750813916325569153e-02
6.400000000000000000e+01 4.838049039244651794e-02
6.500000000000000000e+01 4.891609400510787964e-02
6.600000000000000000e+01 4.916162788867950439e-02
6.700000000000000000e+01 4.910315573215484619e-02
6.800000000000000000e+01 4.847412556409835815e-02
6.900000000000000000e+01 4.753276705741882324e-02
7.000000000000000000e+01 4.582931846380233765e-02
7.100000000000000000e+01 4.352501779794692993e-02
7.200000000000000000e+01 4.125009104609489441e-02
7.300000000000000000e+01 3.857295215129852295e-02
7.400000000000000000e+01 3.662569448351860046e-02
7.500000000000000000e+01 3.537720441818237305e-02
7.600000000000000000e+01 3.340192139148712158e-02
7.700000000000000000e+01 3.112220577895641327e-02
7.800000000000000000e+01 2.901047840714454651e-02
7.900000000000000000e+01 2.647300250828266144e-02
8.000000000000000000e+01 2.416354045271873474e-02
8.100000000000000000e+01 2.247142232954502106e-02
8.200000000000000000e+01 2.071549184620380402e-02
8.300000000000000000e+01 1.875600777566432953e-02
8.400000000000000000e+01 1.737852022051811218e-02
8.500000000000000000e+01 1.499756425619125366e-02
8.600000000000000000e+01 1.289512589573860168e-02
8.700000000000000000e+01 1.017960999161005020e-02
8.800000000000000000e+01 7.138849236071109772e-03
8.900000000000000000e+01 4.551394842565059662e-03
9.000000000000000000e+01 1.901652198284864426e-03
9.100000000000000000e+01 -6.083639455027878284e-04
9.200000000000000000e+01 -3.051468636840581894e-03
9.300000000000000000e+01 -4.768553655594587326e-03
9.400000000000000000e+01 -4.619434010237455368e-03
9.500000000000000000e+01 -5.522641353309154510e-03
9.600000000000000000e+01 -6.623181980103254318e-03
9.700000000000000000e+01 -6.363296415656805038e-03
9.800000000000000000e+01 -8.030826225876808167e-03
9.900000000000000000e+01 -1.081348676234483719e-02
