1.000000000000000000e+00 1.000000000000000000e+00
2.000000000000000000e+00 8.758112788200378418e-01
3.000000000000000000e+00 7.805047035217285156e-01
4.000000000000000000e+00 6.994688510894775391e-01
5.000000000000000000e+00 6.265701651573181152e-01
6.000000000000000000e+00 5.588578581809997559e-01
7.000000000000000000e+00 4.954335689544677734e-01
8.000000000000000000e+00 4.357205331325531006e-01
9.000000000000000000e+00 3.791655898094177246e-01
1.000000000000000000e+01 3.252725899219512939e-01
1.100000000000000000e+01 2.734222114086151123e-01
1.200000000000000000e+01 2.236630916595458984e-01
1.300000000000000000e+01 1.759723126888275146e-01
1.400000000000000000e+01 1.301290541887283325e-01
1.500000000000000000e+01 8.616602420806884766e-02
1.600000000000000000e+01 4.422742128372192383e-02
1.700000000000000000e+01 4.671098198741674423e-03
1.800000000000000000e+01 -3.236801922321319580e-02
1.900000000000000000e+01 -6.683537364006042480e-02
2.000000000000000000e+01 -9.822509437799453735e-02
2.100000000000000000e+01 -1.268068403005599976e-01
2.200000000000000000e+01 -1.522923707962036133e-01
2.300000000000000000e+01 -1.745902895927429199e-01
2.400000000000000000e+01 -1.936528831720352173e-01
2.500000000000000000e+01 -2.092461735010147095e-01
2.600000000000000000e+01 -2.214211374521255493e-01
2.700000000000000000e+01 -2.305159717798233032e-01
2.800000000000000000e+01 -2.369186580181121826e-01
2.900000000000000000e+01 -2.403141558170318604e-01
3.000000000000000000e+01 -2.405652701854705811e-01
3.100000000000000000e+01 -2.385461330413818359e-01
3.200000000000000000e+01 -2.337807714939117432e-01
3.300000000000000000e+01 -2.270188331604003906e-01
3.400000000000000000e+01 -2.186821103096008301e-01
3.500000000000000000e+01 -2.090278714895248413e-01
3.600000000000000000e+01 -1.982590407133102417e-01
3.700000000000000000e+01 -1.866523176431655884e-01
3.800000000000000000e+01 -1.744371056556701660e-01
3.900000000000000000e+01 -1.614807397127151489e-01
4.000000000000000000e+01 -1.483688950538635254e-01
4.100000000000000000e+01 -1.348562240600585938e-01
4.200000000000000000e+01 -1.213791295886039734e-01
4.300000000000000000e+01 -1.078885570168495178e-01
4.400000000000000000e+01 -9.465921670198440552e-02
4.500000000000000000e+01 -8.130796253681182861e-02
4.600000000000000000e+01 -6.869723647832870483e-02
4.700000000000000000e+01 -5.680854991078376770e-02
4.800000000000000000e+01 -4.515716433525085449e-02
4.900000000000000000e+01 -3.413845598697662354e-02
5.000000000000000000e+01 -2.338285371661186218e-02
5.100000000000000000e+01 -1.366975717246532440e-02
5.200000000000000000e+01 -4.677294753491878510e-03
5.300000000000000000e+01 3.467276925221085548e-03
5.400000000000000000e+01 1.113255042582750320e-02
5.500000000000000000e+01 1.798065938055515289e-02
5.600000000000000000e+01 2.418416738510131836e-02
5.700000000000000000e+01 2.979999035596847534e-02
5.800000000000000000e+01 3.501655533909797668e-02
5.900000000000000000e+01 3.977194428443908691e-02
6.000000000000000000e+01 4.401198402047157288e-02
6.100000000000000000e+01 4.745212197303771973e-02
6.200000000000000000e+01 5.016554892063140869e-02
6.300000000000000000e+01 5.217802524566650391e-02
6.400000000000000000e+01 5.311059951782226562e-02
6.500000000000000000e+01 5.399179086089134216e-02
6.600000000000000000e+01 5.414401739835739136e-02
6.700000000000000000e+01 5.375488102436065674e-02
6.800000000000000000e+01 5.286386236548423767e-02
6.900000000000000000e+01 5.152670294046401978e-02
7.000000000000000000e+01 5.021193251013755798e-02
7.100000000000000000e+01 4.777814075350761414e-02
7.200000000000000000e+01 4.483217373490333557e-02
7.300000000000000000e+01 4.212694615125656128e-02
7.400000000000000000e+01 3.933169692754745483e-02
7.500000000000000000e+01 3.654171153903007507e-02
7.600000000000000000e+01 3.397283330559730530e-02
7.700000000000000000e+01 3.172837197780609131e-02
7.800000000000000000e+01 2.959109842777252197e-02
7.900000000000000000e+01 2.697998844087123871e-02
8.000000000000000000e+01 2.386622689664363861e-02
8.100000000000000000e+01 2.075677551329135895e-02
8.200000000000000000e+01 1.862727478146553040e-02
8.300000000000000000e+01 1.635605841875076294e-02
8.400000000000000000e+01 1.376469526439905167e-02
8.500000000000000000e+01 1.166071556508541107e-02
8.600000000000000000e+01 9.421873837709426880e-03
8.700000000000000000e+01 7.381917908787727356e-03
8.800000000000000000e+01 5.823484621942043304e-03
8.900000000000000000e+01 4.738979041576385498e-03
9.000000000000000000e+01 3.114884719252586365e-03
9.100000000000000000e+01 1.288259983994066715e-03
9.200000000000000000e+01 -1.198919606395065784e-03
9.300000000000000000e+01 -2.592594129964709282e-03
9.400000000000000000e+01 -3.697771579027175903e-03
9.500000000000000000e+01 -4.592245910316705704e-03
9.600000000000000000e+01 -6.823119241744279861e-03
9.700000000000000000e+01 -6.664371583610773087e-03
9.800000000000000000e+01 -5.864790175110101700e-03
9.900000000000000000e+01 -6.359911523759365082e-03
