1.000000000000000000e+00 1.000000000000000000e+00
2.000000000000000000e+00 8.783194422721862793e-01
3.000000000000000000e+00 7.852610349655151367e-01
4.000000000000000000e+00 7.052620649337768555e-01
5.000000000000000000e+00 6.331059932708740234e-01
6.000000000000000000e+00 5.658231377601623535e-01
7.000000000000000000e+00 5.027340650558471680e-01
8.000000000000000000e+00 4.433276653289794922e-01
9.000000000000000000e+00 3.869825005531311035e-01
1.000000000000000000e+01 3.328559398651123047e-01
1.100000000000000000e+01 2.809876799583435059e-01
1.200000000000000000e+01 2.312969714403152466e-01
1.300000000000000000e+01 1.833916902542114258e-01
1.400000000000000000e+01 1.370186358690261841e-01
1.500000000000000000e+01 9.260576218366622925e-02
1.600000000000000000e+01 5.007041990756988525e-02
1.700000000000000000e+01 9.755011647939682007e-03
1.800000000000000000e+01 -2.817217819392681122e-02
1.900000000000000000e+01 -6.392852216958999634e-02
2.000000000000000000e+01 -9.657842665910720825e-02
2.100000000000000000e+01 -1.262650936841964722e-01
2.200000000000000000e+01 -1.526113748550415039e-01
2.300000000000000000e+01 -1.756489127874374390e-01
2.400000000000000000e+01 -1.952725946903228760e-01
2.500000000000000000e+01 -2.119292914867401123e-01
2.600000000000000000e+01 -2.251430898904800415e-01
2.700000000000000000e+01 -2.352965772151947021e-01
2.800000000000000000e+01 -2.424209266901016235e-01
2.900000000000000000e+01 -2.462945580482482910e-01
3.000000000000000000e+01 -2.473895251750946045e-01
3.100000000000000000e+01 -2.457756698131561279e-01
3.200000000000000000e+01 -2.417537122964859009e-01
3.300000000000000000e+01 -2.358458042144775391e-01
3.400000000000000000e+01 -2.276316285133361816e-01
3.500000000000000000e+01 -2.179648876190185547e-01
3.600000000000000000e+01 -2.067697495222091675e-01
3.700000000000000000e+01 -1.948875933885574341e-01
3.800000000000000000e+01 -1.821700334548950195e-01
3.900000000000000000e+01 -1.687163114547729492e-01
4.000000000000000000e+01 -1.550025343894958496e-01
4.100000000000000000e+01 -1.413172930479049683e-01
4.200000000000000000e+01 -1.276011019945144653e-01
4.300000000000000000e+01 -1.139644905924797058e-01
4.400000000000000000e+01 -1.007116958498954773e-01
4.500000000000000000e+01 -8.762723207473754883e-02
4.600000000000000000e+01 -7.465237379074096680e-02
4.700000000000000000e+01 -6.243298575282096863e-02
4.800000000000000000e+01 -5.068065598607063293e-02
4.900000000000000000e+01 -3.966686129570007324e-02
5.000000000000000000e+01 -2.934825792908668518e-02
5.100000000000000000e+01 -1.967581547796726227e-02
5.200000000000000000e+01 -1.057484280318021774e-02
5.300000000000000000e+01 -2.349955961108207703e-03
5.400000000000000000e+01 5.375996232032775879e-03
5.500000000000000000e+01 1.229980960488319397e-02
5.600000000000000000e+01 1.891131512820720673e-02
5.700000000000000000e+01 2.493541687726974487e-02
5.800000000000000000e+01 3.060758672654628754e-02
5.900000000000000000e+01 3.565777465701103210e-02
6.000000000000000000e+01 3.988407179713249207e-02
6.100000000000000000e+01 4.396685957908630371e-02
6.200000000000000000e+01 4.724753275513648987e-02
6.300000000000000000e+01 4.980947449803352356e-02
6.400000000000000000e+01 5.125367641448974609e-02
6.500000000000000000e+01 5.184828490018844604e-02
6.600000000000000000e+01 5.237654969096183777e-02
6.700000000000000000e+01 5.245136097073554993e-02
6.800000000000000000e+01 5.224464088678359985e-02
6.900000000000000000e+01 5.183284729719161987e-02
7.000000000000000000e+01 5.060140416026115417e-02
7.100000000000000000e+01 4.904278740286827087e-02
7.200000000000000000e+01 4.723487049341201782e-02
7.300000000000000000e+01 4.506283998489379883e-02
7.400000000000000000e+01 4.267776384949684143e-02
7.500000000000000000e+01 4.000694304704666138e-02
7.600000000000000000e+01 3.787498921155929565e-02
7.700000000000000000e+01 3.564029559493064880e-02
7.800000000000000000e+01 3.352139145135879517e-02
7.900000000000000000e+01 3.126118704676628113e-02
8.000000000000000000e+01 2.973730862140655518e-02
8.100000000000000000e+01 2.839490398764610291e-02
8.200000000000000000e+01 2.710681781172752380e-02
8.300000000000000000e+01 2.606732584536075592e-02
8.400000000000000000e+01 2.463302947580814362e-02
8.500000000000000000e+01 2.275142818689346313e-02
8.600000000000000000e+01 2.159024216234683990e-02
8.700000000000000000e+01 1.996418274939060211e-02
8.800000000000000000e+01 1.796870864927768707e-02
8.900000000000000000e+01 1.565804891288280487e-02
9.000000000000000000e+01 1.294608879834413528e-02
9.100000000000000000e+01 1.079136691987514496e-02
9.200000000000000000e+01 8.952085860073566437e-03
9.300000000000000000e+01 7.357563357800245285e-03
9.400000000000000000e+01 6.261747796088457108e-03
9.500000000000000000e+01 4.750231746584177017e-03
9.600000000000000000e+01 4.262106493115425110e-03
9.700000000000000000e+01 3.310805885121226311e-03
9.800000000000000000e+01 4.440917633473873138e-03
9.900000000000000000e+01 6.254863925278186798e-03
