1.000000000000000000e+00 1.000000000000000000e+00
2.000000000000000000e+00 8.727307319641113281e-01
3.000000000000000000e+00 7.756497263908386230e-01
4.000000000000000000e+00 6.929995417594909668e-01
5.000000000000000000e+00 6.184489130973815918e-01
6.000000000000000000e+00 5.498232841491699219e-01
7.000000000000000000e+00 4.860483407974243164e-01
8.000000000000000000e+00 4.260998368263244629e-01
9.000000000000000000e+00 3.694097995758056641e-01
1.000000000000000000e+01 3.153834342956542969e-01
1.100000000000000000e+01 2.636018097400665283e-01
1.200000000000000000e+01 2.139650136232376099e-01
1.300000000000000000e+01 1.662065088748931885e-01
1.400000000000000000e+01 1.207340508699417114e-01
1.500000000000000000e+01 7.754392921924591064e-02
1.600000000000000000e+01 3.655424714088439941e-02
1.700000000000000000e+01 -2.059531630948185921e-03
1.800000000000000000e+01 -3.807274624705314636e-02
1.900000000000000000e+01 -7.126721739768981934e-02
2.000000000000000000e+01 -1.017427667975425720e-01
2.100000000000000000e+01 -1.289011240005493164e-01
2.200000000000000000e+01 -1.528168469667434692e-01
2.300000000000000000e+01 -1.735271662473678589e-01
2.400000000000000000e+01 -1.910546123981475830e-01
2.500000000000000000e+01 -2.053821533918380737e-01
2.600000000000000000e+01 -2.164557576179504395e-01
2.700000000000000000e+01 -2.242671400308609009e-01
2.800000000000000000e+01 -2.292854636907577515e-01
2.900000000000000000e+01 -2.316867560148239136e-01
3.000000000000000000e+01 -2.314751893281936646e-01
3.100000000000000000e+01 -2.286472618579864502e-01
3.200000000000000000e+01 -2.237486988306045532e-01
3.300000000000000000e+01 -2.168221771717071533e-01
3.400000000000000000e+01 -2.086410522460937500e-01
3.500000000000000000e+01 -1.991426646709442139e-01
3.600000000000000000e+01 -1.887239515781402588e-01
3.700000000000000000e+01 -1.774210482835769653e-01
3.800000000000000000e+01 -1.651664525270462036e-01
3.900000000000000000e+01 -1.523903608322143555e-01
4.000000000000000000e+01 -1.392227113246917725e-01
4.100000000000000000e+01 -1.254125684499740601e-01
4.200000000000000000e+01 -1.119044348597526550e-01
4.300000000000000000e+01 -9.825282543897628784e-02
4.400000000000000000e+01 -8.529852330684661865e-02
4.500000000000000000e+01 -7.258182018995285034e-02
4.600000000000000000e+01 -6.018697470426559448e-02
4.700000000000000000e+01 -4.875747114419937134e-02
4.800000000000000000e+01 -3.817690908908843994e-02
4.900000000000000000e+01 -2.817383967339992523e-02
5.000000000000000000e+01 -1.824520155787467957e-02
5.100000000000000000e+01 -9.020956233143806458e-03
5.200000000000000000e+01 -8.610980003140866756e-04
5.300000000000000000e+01 6.887868046760559082e-03
5.400000000000000000e+01 1.442454289644956589e-02
5.500000000000000000e+01 2.075404301285743713e-02
5.600000000000000000e+01 2.659964188933372498e-02
5.700000000000000000e+01 3.180993348360061646e-02
5.800000000000000000e+01 3.593310341238975525e-02
5.900000000000000000e+01 3.965416178107261658e-02
6.000000000000000000e+01 4.309105128049850464e-02
6.100000000000000000e+01 4.572337493300437927e-02
6.200000000000000000e+01 4.758586362004280090e-02
6.300000000000000000e+01 4.921280220150947571e-02
6.400000000000000000e+01 4.986663535237312317e-02
6.500000000000000000e+01 4.993506148457527161e-02
6.600000000000000000e+01 4.882990568876266479e-02
6.700000000000000000e+01 4.693120718002319336e-02
6.800000000000000000e+01 4.501309618353843689e-02
6.900000000000000000e+01 4.301381483674049377e-02
7.000000000000000000e+01 4.146489500999450684e-02
7.100000000000000000e+01 3.981173038482666016e-02
7.200000000000000000e+01 3.740628436207771301e-02
7.300000000000000000e+01 3.474277257919311523e-02
7.400000000000000000e+01 3.174371644854545593e-02
7.500000000000000000e+01 2.964822389185428619e-02
7.600000000000000000e+01 2.811089158058166504e-02
7.700000000000000000e+01 2.631688304245471954e-02
7.800000000000000000e+01 2.398424223065376282e-02
7.900000000000000000e+01 2.204230800271034241e-02
8.000000000000000000e+01 2.005546353757381439e-02
8.100000000000000000e+01 1.820958964526653290e-02
8.200000000000000000e+01 1.700392737984657288e-02
8.300000000000000000e+01 1.511399447917938232e-02
8.400000000000000000e+01 1.316138450056314468e-02
8.500000000000000000e+01 1.137130055576562881e-02
8.600000000000000000e+01 1.068186759948730469e-02
8.700000000000000000e+01 9.252268821001052856e-03
8.800000000000000000e+01 7.512495387345552444e-03
8.900000000000000000e+01 5.432017147541046143e-03
9.000000000000000000e+01 4.075842909514904022e-03
9.100000000000000000e+01 1.261496799997985363e-03
9.200000000000000000e+01 -1.045404118485748768e-03
9.300000000000000000e+01 -1.920655020512640476e-03
9.400000000000000000e+01 -2.940726932138204575e-03
9.500000000000000000e+01 -5.799026694148778915e-03
9.600000000000000000e+01 -8.296936750411987305e-03
9.700000000000000000e+01 -1.055672671645879745e-02
9.800000000000000000e+01 -1.089002378284931183e-02
9.900000000000000000e+01 -1.608538441359996796e-02
