1.000000000000000000e+00 1.000000000000000000e+00
2.000000000000000000e+00 8.756856918334960938e-01
3.000000000000000000e+00 7.802148461341857910e-01
4.000000000000000000e+00 6.986945867538452148e-01
5.000000000000000000e+00 6.251984238624572754e-01
6.000000000000000000e+00 5.571151971817016602e-01
7.000000000000000000e+00 4.929510653018951416e-01
8.000000000000000000e+00 4.329178929328918457e-01
9.000000000000000000e+00 3.759048879146575928e-01
1.000000000000000000e+01 3.218538761138916016e-01
1.100000000000000000e+01 2.700428664684295654e-01
1.200000000000000000e+01 2.203188687562942505e-01
1.300000000000000000e+01 1.728655695915222168e-01
1.400000000000000000e+01 1.272349208593368530e-01
1.500000000000000000e+01 8.327911794185638428e-02
1.600000000000000000e+01 4.147572442889213562e-02
1.700000000000000000e+01 2.000269247218966484e-03
1.800000000000000000e+01 -3.469469025731086731e-02
1.900000000000000000e+01 -6.864769756793975830e-02
2.000000000000000000e+01 -9.970411658287048340e-02
2.100000000000000000e+01 -1.278794407844543457e-01
2.200000000000000000e+01 -1.525113135576248169e-01
2.300000000000000000e+01 -1.741647720336914062e-01
2.400000000000000000e+01 -1.923345923423767090e-01
2.500000000000000000e+01 -2.074361890554428101e-01
2.600000000000000000e+01 -2.192076891660690308e-01
2.700000000000000000e+01 -2.278074920177459717e-01
2.800000000000000000e+01 -2.335172742605209351e-01
2.900000000000000000e+01 -2.361145615577697754e-01
3.000000000000000000e+01 -2.363521009683609009e-01
3.100000000000000000e+01 -2.345426529645919800e-01
3.200000000000000000e+01 -2.305245399475097656e-01
3.300000000000000000e+01 -2.244144529104232788e-01
3.400000000000000000e+01 -2.164831459522247314e-01
3.500000000000000000e+01 -2.067944109439849854e-01
3.600000000000000000e+01 -1.961184889078140259e-01
3.700000000000000000e+01 -1.846708208322525024e-01
3.800000000000000000e+01 -1.722333282232284546e-01
3.900000000000000000e+01 -1.594733744859695435e-01
4.000000000000000000e+01 -1.463304013013839722e-01
4.100000000000000000e+01 -1.328131854534149170e-01
4.200000000000000000e+01 -1.189262866973876953e-01
4.300000000000000000e+01 -1.049692779779434204e-01
4.400000000000000000e+01 -9.121353179216384888e-02
4.500000000000000000e+01 -7.828266918659210205e-02
4.600000000000000000e+01 -6.560453772544860840e-02
4.700000000000000000e+01 -5.344491451978683472e-02
4.800000000000000000e+01 -4.193542897701263428e-02
4.900000000000000000e+01 -3.108032979071140289e-02
5.000000000000000000e+01 -2.049301005899906158e-02
5.100000000000000000e+01 -1.081170700490474701e-02
5.200000000000000000e+01 -1.379933324642479420e-03
5.300000000000000000e+01 6.649517454206943512e-03
5.400000000000000000e+01 1.380887534469366074e-02
5.500000000000000000e+01 2.011946775019168854e-02
5.600000000000000000e+01 2.601746469736099243e-02
5.700000000000000000e+01 3.096579015254974365e-02
5.800000000000000000e+01 3.562584146857261658e-02
5.900000000000000000e+01 3.939708694815635681e-02
6.000000000000000000e+01 4.301502928137779236e-02
6.100000000000000000e+01 4.594654589891433716e-02
6.200000000000000000e+01 4.812405630946159363e-02
6.300000000000000000e+01 4.987725988030433655e-02
6.400000000000000000e+01 5.087503418326377869e-02
6.500000000000000000e+01 5.109992250800132751e-02
6.600000000000000000e+01 5.065608024597167969e-02
6.700000000000000000e+01 4.962816089391708374e-02
6.800000000000000000e+01 4.874927550554275513e-02
6.900000000000000000e+01 4.744021967053413391e-02
7.000000000000000000e+01 4.579341784119606018e-02
7.100000000000000000e+01 4.363372921943664551e-02
7.200000000000000000e+01 4.124357178807258606e-02
7.300000000000000000e+01 3.819229826331138611e-02
7.400000000000000000e+01 3.553902730345726013e-02
7.500000000000000000e+01 3.238009288907051086e-02
7.600000000000000000e+01 2.977404184639453888e-02
7.700000000000000000e+01 2.666626870632171631e-02
7.800000000000000000e+01 2.397798001766204834e-02
7.900000000000000000e+01 2.129648998379707336e-02
8.000000000000000000e+01 1.899028941988945007e-02
8.100000000000000000e+01 1.618369668722152710e-02
8.200000000000000000e+01 1.373769622296094894e-02
8.300000000000000000e+01 1.164182182401418686e-02
8.400000000000000000e+01 9.702800773084163666e-03
8.500000000000000000e+01 7.524430286139249802e-03
8.600000000000000000e+01 5.775058642029762268e-03
8.700000000000000000e+01 3.960013389587402344e-03
8.800000000000000000e+01 1.817847834900021553e-03
8.900000000000000000e+01 8.047524024732410908e-04
9.000000000000000000e+01 -2.326625253772363067e-04
9.100000000000000000e+01 -4.325899062678217888e-04
9.200000000000000000e+01 -1.072407816536724567e-03
9.300000000000000000e+01 -2.322177635505795479e-03
9.400000000000000000e+01 -3.135058097541332245e-03
9.500000000000000000e+01 -5.103543400764465332e-03
9.600000000000000000e+01 -6.569038145244121552e-03
9.700000000000000000e+01 -7.597133982926607132e-03
9.800000000000000000e+01 -5.052618682384490967e-03
9.900000000000000000e+01 -1.870563835836946964e-03
