1.000000000000000000e+00 1.000000000000000000e+00
2.000000000000000000e+00 8.733457326889038086e-01
3.000000000000000000e+00 7.768390178680419922e-01
4.000000000000000000e+00 6.942657232284545898e-01
5.000000000000000000e+00 6.202676296234130859e-01
6.000000000000000000e+00 5.519667267799377441e-01
7.000000000000000000e+00 4.880867302417755127e-01
8.000000000000000000e+00 4.281169474124908447e-01
9.000000000000000000e+00 3.712565004825592041e-01
1.000000000000000000e+01 3.174158632755279541e-01
1.100000000000000000e+01 2.659874558448791504e-01
1.200000000000000000e+01 2.167097926139831543e-01
1.300000000000000000e+01 1.692807674407958984e-01
1.400000000000000000e+01 1.238309517502784729e-01
1.500000000000000000e+01 8.066094666719436646e-02
1.600000000000000000e+01 3.958971425890922546e-02
1.700000000000000000e+01 7.198175881057977676e-04
1.800000000000000000e+01 -3.567988798022270203e-02
1.900000000000000000e+01 -6.931222230195999146e-02
2.000000000000000000e+01 -1.001842916011810303e-01
2.100000000000000000e+01 -1.279212683439254761e-01
2.200000000000000000e+01 -1.524439603090286255e-01
2.300000000000000000e+01 -1.736719161272048950e-01
2.400000000000000000e+01 -1.914152950048446655e-01
2.500000000000000000e+01 -2.060418128967285156e-01
2.600000000000000000e+01 -2.173818498849868774e-01
2.700000000000000000e+01 -2.259044200181961060e-01
2.800000000000000000e+01 -2.310491800308227539e-01
2.900000000000000000e+01 -2.337130457162857056e-01
3.000000000000000000e+01 -2.339208126068115234e-01
3.100000000000000000e+01 -2.316393852233886719e-01
3.200000000000000000e+01 -2.273615449666976929e-01
3.300000000000000000e+01 -2.207561284303665161e-01
3.400000000000000000e+01 -2.125983089208602905e-01
3.500000000000000000e+01 -2.026450186967849731e-01
3.600000000000000000e+01 -1.917393505573272705e-01
3.700000000000000000e+01 -1.803337484598159790e-01
3.800000000000000000e+01 -1.683695763349533081e-01
3.900000000000000000e+01 -1.553058773279190063e-01
4.000000000000000000e+01 -1.420730650424957275e-01
4.100000000000000000e+01 -1.285106539726257324e-01
4.200000000000000000e+01 -1.145724356174468994e-01
4.300000000000000000e+01 -1.009213402867317200e-01
4.400000000000000000e+01 -8.735348284244537354e-02
4.500000000000000000e+01 -7.409505546092987061e-02
4.600000000000000000e+01 -6.163388490676879883e-02
4.700000000000000000e+01 -4.973164945840835571e-02
4.800000000000000000e+01 -3.842912614345550537e-02
4.900000000000000000e+01 -2.743425220251083374e-02
5.000000000000000000e+01 -1.706306636333465576e-02
5.100000000000000000e+01 -7.691383827477693558e-03
5.200000000000000000e+01 8.509060135111212730e-04
5.300000000000000000e+01 9.190524928271770477e-03
5.400000000000000000e+01 1.674669608473777771e-02
5.500000000000000000e+01 2.336173877120018005e-02
5.600000000000000000e+01 2.938316203653812408e-02
5.700000000000000000e+01 3.499836474657058716e-02
5.800000000000000000e+01 3.986793383955955505e-02
5.900000000000000000e+01 4.405613988637924194e-02
6.000000000000000000e+01 4.734734073281288147e-02
6.100000000000000000e+01 5.024623870849609375e-02
6.200000000000000000e+01 5.267659947276115417e-02
6.300000000000000000e+01 5.424109473824501038e-02
6.400000000000000000e+01 5.456649139523506165e-02
6.500000000000000000e+01 5.432345718145370483e-02
6.600000000000000000e+01 5.363279208540916443e-02
6.700000000000000000e+01 5.239629372954368591e-02
6.800000000000000000e+01 5.066679045557975769e-02
6.900000000000000000e+01 4.803785309195518494e-02
7.000000000000000000e+01 4.568663984537124634e-02
7.100000000000000000e+01 4.328817129135131836e-02
7.200000000000000000e+01 4.062270373106002808e-02
7.300000000000000000e+01 3.772629052400588989e-02
7.400000000000000000e+01 3.486374393105506897e-02
7.500000000000000000e+01 3.169143572449684143e-02
7.600000000000000000e+01 2.822243794798851013e-02
7.700000000000000000e+01 2.482415176928043365e-02
7.800000000000000000e+01 2.179078571498394012e-02
7.900000000000000000e+01 1.894485205411911011e-02
8.000000000000000000e+01 1.558619644492864609e-02
8.100000000000000000e+01 1.252939272671937943e-02
8.200000000000000000e+01 1.023841928690671921e-02
8.300000000000000000e+01 8.149401284754276276e-03
8.400000000000000000e+01 5.918601993471384048e-03
8.500000000000000000e+01 3.736936254426836967e-03
8.600000000000000000e+01 2.485407516360282898e-03
8.700000000000000000e+01 1.076485030353069305e-03
8.800000000000000000e+01 5.167519557289779186e-04
8.900000000000000000e+01 -8.316547609865665436e-04
9.000000000000000000e+01 -2.231711521744728088e-03
9.100000000000000000e+01 -3.457525512203574181e-03
9.200000000000000000e+01 -4.045940004289150238e-03
9.300000000000000000e+01 -4.706001840531826019e-03
9.400000000000000000e+01 -4.735771100968122482e-03
9.500000000000000000e+01 -6.663836073130369186e-03
9.600000000000000000e+01 -7.481447886675596237e-03
9.700000000000000000e+01 -7.766048889607191086e-03
9.800000000000000000e+01 -6.871451158076524734e-03
9.900000000000000000e+01 -4.148669540882110596e-03
