1.000000000000000000e+00 1.000000000000000000e+00
2.000000000000000000e+00 8.802735209465026855e-01
3.000000000000000000e+00 7.883867621421813965e-01
4.000000000000000000e+00 7.094138264656066895e-01
5.000000000000000000e+00 6.382764577865600586e-01
6.000000000000000000e+00 5.723322629928588867e-01
7.000000000000000000e+00 5.107079744338989258e-01
8.000000000000000000e+00 4.524010121822357178e-01
9.000000000000000000e+00 3.966466486454010010e-01
1.000000000000000000e+01 3.432116806507110596e-01
1.100000000000000000e+01 2.915067672729492188e-01
1.200000000000000000e+01 2.419483661651611328e-01
1.300000000000000000e+01 1.940518319606781006e-01
1.400000000000000000e+01 1.478199809789657593e-01
1.500000000000000000e+01 1.031456962227821350e-01
1.600000000000000000e+01 6.023334339261054993e-02
1.700000000000000000e+01 1.939456351101398468e-02
1.800000000000000000e+01 -1.927825063467025757e-02
1.900000000000000000e+01 -5.577191710472106934e-02
2.000000000000000000e+01 -8.944993466138839722e-02
2.100000000000000000e+01 -1.201608628034591675e-01
2.200000000000000000e+01 -1.477127373218536377e-01
2.300000000000000000e+01 -1.720101833343505859e-01
2.400000000000000000e+01 -1.931268125772476196e-01
2.500000000000000000e+01 -2.107039541006088257e-01
2.600000000000000000e+01 -2.252003699541091919e-01
2.700000000000000000e+01 -2.363691031932830811e-01
2.800000000000000000e+01 -2.446141839027404785e-01
2.900000000000000000e+01 -2.497261315584182739e-01
3.000000000000000000e+01 -2.521578073501586914e-01
3.100000000000000000e+01 -2.519430816173553467e-01
3.200000000000000000e+01 -2.493048757314682007e-01
3.300000000000000000e+01 -2.448350042104721069e-01
3.400000000000000000e+01 -2.381520420312881470e-01
3.500000000000000000e+01 -2.296453863382339478e-01
3.600000000000000000e+01 -2.197944521903991699e-01
3.700000000000000000e+01 -2.087004333734512329e-01
3.800000000000000000e+01 -1.968660801649093628e-01
3.900000000000000000e+01 -1.843970417976379395e-01
4.000000000000000000e+01 -1.709325611591339111e-01
4.100000000000000000e+01 -1.572085916996002197e-01
4.200000000000000000e+01 -1.431636363267898560e-01
4.300000000000000000e+01 -1.288234293460845947e-01
4.400000000000000000e+01 -1.150787621736526489e-01
4.500000000000000000e+01 -1.013884246349334717e-01
4.600000000000000000e+01 -8.786424249410629272e-02
4.700000000000000000e+01 -7.444058358669281006e-02
4.800000000000000000e+01 -6.190400570631027222e-02
4.900000000000000000e+01 -4.950691014528274536e-02
5.000000000000000000e+01 -3.726464509963989258e-02
5.100000000000000000e+01 -2.595308423042297363e-02
5.200000000000000000e+01 -1.576136052608489990e-02
5.300000000000000000e+01 -6.216693203896284103e-03
5.400000000000000000e+01 2.325250767171382904e-03
5.500000000000000000e+01 1.079727616161108017e-02
5.600000000000000000e+01 1.865073479712009430e-02
5.700000000000000000e+01 2.569149807095527649e-02
5.800000000000000000e+01 3.246594965457916260e-02
5.900000000000000000e+01 3.831396996974945068e-02
6.000000000000000000e+01 4.352835938334465027e-02
6.100000000000000000e+01 4.790652543306350708e-02
6.200000000000000000e+01 5.116211995482444763e-02
6.300000000000000000e+01 5.423480644822120667e-02
6.400000000000000000e+01 5.647537484765052795e-02
6.500000000000000000e+01 5.804350227117538452e-02
6.600000000000000000e+01 5.941594019532203674e-02
6.700000000000000000e+01 6.003305688500404358e-02
6.800000000000000000e+01 5.999939888715744019e-02
6.900000000000000000e+01 5.939844995737075806e-02
7.000000000000000000e+01 5.825908109545707703e-02
7.100000000000000000e+01 5.688284710049629211e-02
7.200000000000000000e+01 5.490580201148986816e-02
7.300000000000000000e+01 5.276624858379364014e-02
7.400000000000000000e+01 5.033991858363151550e-02
7.500000000000000000e+01 4.847533255815505981e-02
7.600000000000000000e+01 4.687794297933578491e-02
7.700000000000000000e+01 4.459558427333831787e-02
7.800000000000000000e+01 4.207595810294151306e-02
7.900000000000000000e+01 3.955312073230743408e-02
8.000000000000000000e+01 3.725270181894302368e-02
8.100000000000000000e+01 3.451369702816009521e-02
8.200000000000000000e+01 3.183064237236976624e-02
8.300000000000000000e+01 2.930397540330886841e-02
8.400000000000000000e+01 2.698759920895099640e-02
8.500000000000000000e+01 2.438252046704292297e-02
8.600000000000000000e+01 2.149942517280578613e-02
8.700000000000000000e+01 1.872409880161285400e-02
8.800000000000000000e+01 1.574249006807804108e-02
8.900000000000000000e+01 1.308519300073385239e-02
9.000000000000000000e+01 1.042922027409076691e-02
9.100000000000000000e+01 7.382808253169059753e-03
9.200000000000000000e+01 4.485691431909799576e-03
9.300000000000000000e+01 2.810172503814101219e-03
9.400000000000000000e+01 9.117541485466063023e-04
9.500000000000000000e+01 1.013168730423785746e-04
9.600000000000000000e+01 -2.638096339069306850e-04
9.700000000000000000e+01 2.528546610847115517e-04
9.800000000000000000e+01 8.341434295289218426e-04
9.900000000000000000e+01 -1.316900248639285564e-03
