1.000000000000000000e+00 1.000000000000000000e+00
2.000000000000000000e+00 8.794975876808166504e-01
3.000000000000000000e+00 7.866897583007812500e-01
4.000000000000000000e+00 7.069923281669616699e-01
5.000000000000000000e+00 6.350588202476501465e-01
6.000000000000000000e+00 5.685575604438781738e-01
7.000000000000000000e+00 5.062000751495361328e-01
8.000000000000000000e+00 4.469700753688812256e-01
9.000000000000000000e+00 3.905979394912719727e-01
1.000000000000000000e+01 3.368431627750396729e-01
1.100000000000000000e+01 2.853471338748931885e-01
1.200000000000000000e+01 2.355424910783767700e-01
1.300000000000000000e+01 1.875769495964050293e-01
1.400000000000000000e+01 1.412320733070373535e-01
1.500000000000000000e+01 9.668468683958053589e-02
1.600000000000000000e+01 5.411775782704353333e-02
1.700000000000000000e+01 1.346035674214363098e-02
1.800000000000000000e+01 -2.493171766400337219e-02
1.900000000000000000e+01 -6.066925451159477234e-02
2.000000000000000000e+01 -9.361301362514495850e-02
2.100000000000000000e+01 -1.234196275472640991e-01
2.200000000000000000e+01 -1.504072695970535278e-01
2.300000000000000000e+01 -1.739333570003509521e-01
2.400000000000000000e+01 -1.942634433507919312e-01
2.500000000000000000e+01 -2.112281173467636108e-01
2.600000000000000000e+01 -2.249493300914764404e-01
2.700000000000000000e+01 -2.356324344873428345e-01
2.800000000000000000e+01 -2.432527244091033936e-01
2.900000000000000000e+01 -2.475259602069854736e-01
3.000000000000000000e+01 -2.491364330053329468e-01
3.100000000000000000e+01 -2.481373399496078491e-01
3.200000000000000000e+01 -2.446552664041519165e-01
3.300000000000000000e+01 -2.392867654561996460e-01
3.400000000000000000e+01 -2.320044040679931641e-01
3.500000000000000000e+01 -2.229318171739578247e-01
3.600000000000000000e+01 -2.121775448322296143e-01
3.700000000000000000e+01 -2.005370855331420898e-01
3.800000000000000000e+01 -1.884125471115112305e-01
3.900000000000000000e+01 -1.757899373769760132e-01
4.000000000000000000e+01 -1.623717248439788818e-01
4.100000000000000000e+01 -1.485217809677124023e-01
4.200000000000000000e+01 -1.346995681524276733e-01
4.300000000000000000e+01 -1.209860220551490784e-01
4.400000000000000000e+01 -1.074045076966285706e-01
4.500000000000000000e+01 -9.371925145387649536e-02
4.600000000000000000e+01 -8.038082718849182129e-02
4.700000000000000000e+01 -6.737489253282546997e-02
4.800000000000000000e+01 -5.514154583215713501e-02
4.900000000000000000e+01 -4.361029341816902161e-02
5.000000000000000000e+01 -3.248852118849754333e-02
5.100000000000000000e+01 -2.196674421429634094e-02
5.200000000000000000e+01 -1.251098327338695526e-02
5.300000000000000000e+01 -3.589329542592167854e-03
5.400000000000000000e+01 4.723027348518371582e-03
5.500000000000000000e+01 1.235204376280307770e-02
5.600000000000000000e+01 1.943377032876014709e-02
5.700000000000000000e+01 2.610299922525882721e-02
5.800000000000000000e+01 3.153954818844795227e-02
5.900000000000000000e+01 3.627666831016540527e-02
6.000000000000000000e+01 4.004527628421783447e-02
6.100000000000000000e+01 4.361415654420852661e-02
6.200000000000000000e+01 4.632404819130897522e-02
6.300000000000000000e+01 4.871654883027076721e-02
6.400000000000000000e+01 5.058519542217254639e-02
6.500000000000000000e+01 5.226472392678260803e-02
6.600000000000000000e+01 5.348999798297882080e-02
6.700000000000000000e+01 5.407619848847389221e-02
6.800000000000000000e+01 5.364341661334037781e-02
6.900000000000000000e+01 5.264810472726821899e-02
7.000000000000000000e+01 5.137187242507934570e-02
7.100000000000000000e+01 5.046016722917556763e-02
7.200000000000000000e+01 4.951915517449378967e-02
7.300000000000000000e+01 4.776352271437644958e-02
7.400000000000000000e+01 4.579398408532142639e-02
7.500000000000000000e+01 4.355320706963539124e-02
7.600000000000000000e+01 4.108522832393646240e-02
7.700000000000000000e+01 3.868622332811355591e-02
7.800000000000000000e+01 3.649189695715904236e-02
7.900000000000000000e+01 3.440061211585998535e-02
8.000000000000000000e+01 3.184808045625686646e-02
8.100000000000000000e+01 2.922026999294757843e-02
8.200000000000000000e+01 2.748423069715499878e-02
8.300000000000000000e+01 2.599621191620826721e-02
8.400000000000000000e+01 2.482160180807113647e-02
8.500000000000000000e+01 2.324835583567619324e-02
8.600000000000000000e+01 2.163736708462238312e-02
8.700000000000000000e+01 1.930049806833267212e-02
8.800000000000000000e+01 1.666522212326526642e-02
8.900000000000000000e+01 1.442788913846015930e-02
9.000000000000000000e+01 1.186577044427394867e-02
9.100000000000000000e+01 9.890136308968067169e-03
9.200000000000000000e+01 8.239437825977802277e-03
9.300000000000000000e+01 7.301691453903913498e-03
9.400000000000000000e+01 6.719842087477445602e-03
9.500000000000000000e+01 5.963819567114114761e-03
9.600000000000000000e+01 4.476818721741437912e-03
9.700000000000000000e+01 4.033498000353574753e-03
9.800000000000000000e+01 2.329230541363358498e-03
9.900000000000000000e+01 -1.136357081122696400e-03
