1.000000000000000000e+00 1.000000000000000000e+00
2.000000000000000000e+00 8.765773177146911621e-01
3.000000000000000000e+00 7.821054458618164062e-01
4.000000000000000000e+00 7.013736963272094727e-01
5.000000000000000000e+00 6.283743381500244141e-01
6.000000000000000000e+00 5.612214207649230957e-01
7.000000000000000000e+00 4.982424676418304443e-01
8.000000000000000000e+00 4.386291205883026123e-01
9.000000000000000000e+00 3.820945024490356445e-01
1.000000000000000000e+01 3.281577825546264648e-01
1.100000000000000000e+01 2.763975858688354492e-01
1.200000000000000000e+01 2.266361117362976074e-01
1.300000000000000000e+01 1.787355840206146240e-01
1.400000000000000000e+01 1.324952542781829834e-01
1.500000000000000000e+01 8.844640851020812988e-02
1.600000000000000000e+01 4.659104719758033752e-02
1.700000000000000000e+01 7.065817713737487793e-03
1.800000000000000000e+01 -2.987367287278175354e-02
1.900000000000000000e+01 -6.450816243886947632e-02
2.000000000000000000e+01 -9.624870121479034424e-02
2.100000000000000000e+01 -1.252946108579635620e-01
2.200000000000000000e+01 -1.512205749750137329e-01
2.300000000000000000e+01 -1.738625019788742065e-01
2.400000000000000000e+01 -1.934908330440521240e-01
2.500000000000000000e+01 -2.095084190368652344e-01
2.600000000000000000e+01 -2.220810204744338989e-01
2.700000000000000000e+01 -2.312173992395401001e-01
2.800000000000000000e+01 -2.373434603214263916e-01
2.900000000000000000e+01 -2.408926486968994141e-01
3.000000000000000000e+01 -2.419224530458450317e-01
3.100000000000000000e+01 -2.405309230089187622e-01
3.200000000000000000e+01 -2.362333238124847412e-01
3.300000000000000000e+01 -2.302001118659973145e-01
3.400000000000000000e+01 -2.223522961139678955e-01
3.500000000000000000e+01 -2.133045345544815063e-01
3.600000000000000000e+01 -2.027967721223831177e-01
3.700000000000000000e+01 -1.910015940666198730e-01
3.800000000000000000e+01 -1.786745190620422363e-01
3.900000000000000000e+01 -1.659332960844039917e-01
4.000000000000000000e+01 -1.526053249835968018e-01
4.100000000000000000e+01 -1.389485597610473633e-01
4.200000000000000000e+01 -1.252917200326919556e-01
4.300000000000000000e+01 -1.117859706282615662e-01
4.400000000000000000e+01 -9.860694408416748047e-02
4.500000000000000000e+01 -8.564180135726928711e-02
4.600000000000000000e+01 -7.325348258018493652e-02
4.700000000000000000e+01 -6.104082241654396057e-02
4.800000000000000000e+01 -4.972767457365989685e-02
4.900000000000000000e+01 -3.805458173155784607e-02
5.000000000000000000e+01 -2.733230590820312500e-02
5.100000000000000000e+01 -1.768180169165134430e-02
5.200000000000000000e+01 -8.353879675269126892e-03
5.300000000000000000e+01 5.923284916207194328e-04
5.400000000000000000e+01 8.350015617907047272e-03
5.500000000000000000e+01 1.573455519974231720e-02
5.600000000000000000e+01 2.220520377159118652e-02
5.700000000000000000e+01 2.860859967768192291e-02
5.800000000000000000e+01 3.387287259101867676e-02
5.900000000000000000e+01 3.844915330410003662e-02
6.000000000000000000e+01 4.232780635356903076e-02
6.100000000000000000e+01 4.552416875958442688e-02
6.200000000000000000e+01 4.837158322334289551e-02
6.300000000000000000e+01 5.068755894899368286e-02
6.400000000000000000e+01 5.221955105662345886e-02
6.500000000000000000e+01 5.338059365749359131e-02
6.600000000000000000e+01 5.423452332615852356e-02
6.700000000000000000e+01 5.409974232316017151e-02
6.800000000000000000e+01 5.341080576181411743e-02
6.900000000000000000e+01 5.260155722498893738e-02
7.000000000000000000e+01 5.130993947386741638e-02
7.100000000000000000e+01 4.899910837411880493e-02
7.200000000000000000e+01 4.679772630333900452e-02
7.300000000000000000e+01 4.443504661321640015e-02
7.400000000000000000e+01 4.203727096319198608e-02
7.500000000000000000e+01 3.954314067959785461e-02
7.600000000000000000e+01 3.663206472992897034e-02
7.700000000000000000e+01 3.359645232558250427e-02
7.800000000000000000e+01 3.053299151360988617e-02
7.900000000000000000e+01 2.731244079768657684e-02
8.000000000000000000e+01 2.463583461940288544e-02
8.100000000000000000e+01 2.224665507674217224e-02
8.200000000000000000e+01 1.985076256096363068e-02
8.300000000000000000e+01 1.624250411987304688e-02
8.400000000000000000e+01 1.399707514792680740e-02
8.500000000000000000e+01 1.122935023158788681e-02
8.600000000000000000e+01 9.736745618283748627e-03
8.700000000000000000e+01 8.023343980312347412e-03
8.800000000000000000e+01 6.823108997195959091e-03
8.900000000000000000e+01 6.058353930711746216e-03
9.000000000000000000e+01 5.481171887367963791e-03
9.100000000000000000e+01 4.312441218644380569e-03
9.200000000000000000e+01 3.188952803611755371e-03
9.300000000000000000e+01 1.983332447707653046e-03
9.400000000000000000e+01 4.963749670423567295e-04
9.500000000000000000e+01 -9.402084397152066231e-04
9.600000000000000000e+01 -2.905611181631684303e-03
9.700000000000000000e+01 -5.087052006274461746e-03
9.800000000000000000e+01 -8.383419364690780640e-03
9.900000000000000000e+01 -1.126247271895408630e-02
