1.000000000000000000e+00 1.000000000000000000e+00
2.000000000000000000e+00 8.780306577682495117e-01
3.000000000000000000e+00 7.841733098030090332e-01
4.000000000000000000e+00 7.038537859916687012e-01
5.000000000000000000e+00 6.312783360481262207e-01
6.000000000000000000e+00 5.641382932662963867e-01
7.000000000000000000e+00 5.011817216873168945e-01
8.000000000000000000e+00 4.419539272785186768e-01
9.000000000000000000e+00 3.856429755687713623e-01
1.000000000000000000e+01 3.320194482803344727e-01
1.100000000000000000e+01 2.806242704391479492e-01
1.200000000000000000e+01 2.312972694635391235e-01
1.300000000000000000e+01 1.835234761238098145e-01
1.400000000000000000e+01 1.374086737632751465e-01
1.500000000000000000e+01 9.311752766370773315e-02
1.600000000000000000e+01 5.057669058442115784e-02
1.700000000000000000e+01 1.007948536425828934e-02
1.800000000000000000e+01 -2.778953127562999725e-02
1.900000000000000000e+01 -6.311456114053726196e-02
2.000000000000000000e+01 -9.583009034395217896e-02
2.100000000000000000e+01 -1.253899335861206055e-01
2.200000000000000000e+01 -1.516370326280593872e-01
2.300000000000000000e+01 -1.744886487722396851e-01
2.400000000000000000e+01 -1.943230032920837402e-01
2.500000000000000000e+01 -2.104772776365280151e-01
2.600000000000000000e+01 -2.233777195215225220e-01
2.700000000000000000e+01 -2.328857779502868652e-01
2.800000000000000000e+01 -2.394225597381591797e-01
2.900000000000000000e+01 -2.431295067071914673e-01
3.000000000000000000e+01 -2.444657832384109497e-01
3.100000000000000000e+01 -2.434932589530944824e-01
3.200000000000000000e+01 -2.398617714643478394e-01
3.300000000000000000e+01 -2.339610904455184937e-01
3.400000000000000000e+01 -2.261404693126678467e-01
3.500000000000000000e+01 -2.168806195259094238e-01
3.600000000000000000e+01 -2.060579061508178711e-01
3.700000000000000000e+01 -1.942454129457473755e-01
3.800000000000000000e+01 -1.815800517797470093e-01
3.900000000000000000e+01 -1.684936285018920898e-01
4.000000000000000000e+01 -1.553307324647903442e-01
4.100000000000000000e+01 -1.418168842792510986e-01
4.200000000000000000e+01 -1.282334923744201660e-01
4.300000000000000000e+01 -1.143659949302673340e-01
4.400000000000000000e+01 -1.008184701204299927e-01
4.500000000000000000e+01 -8.773808181285858154e-02
4.600000000000000000e+01 -7.486126571893692017e-02
4.700000000000000000e+01 -6.222886592149734497e-02
4.800000000000000000e+01 -5.019556358456611633e-02
4.900000000000000000e+01 -3.885361179709434509e-02
5.000000000000000000e+01 -2.818198502063751221e-02
5.100000000000000000e+01 -1.845286041498184204e-02
5.200000000000000000e+01 -9.807102382183074951e-03
5.300000000000000000e+01 -1.947586890310049057e-03
5.400000000000000000e+01 5.115184932947158813e-03
5.500000000000000000e+01 1.215557940304279327e-02
5.600000000000000000e+01 1.844963617622852325e-02
5.700000000000000000e+01 2.451544441282749176e-02
5.800000000000000000e+01 3.003416396677494049e-02
5.900000000000000000e+01 3.485006093978881836e-02
6.000000000000000000e+01 3.908472880721092224e-02
6.100000000000000000e+01 4.265438765287399292e-02
6.200000000000000000e+01 4.576713964343070984e-02
6.300000000000000000e+01 4.823522642254829407e-02
6.400000000000000000e+01 4.988469928503036499e-02
6.500000000000000000e+01 5.109441280364990234e-02
6.600000000000000000e+01 5.212956294417381287e-02
6.700000000000000000e+01 5.252641811966896057e-02
6.800000000000000000e+01 5.241557210683822632e-02
6.900000000000000000e+01 5.173688009381294250e-02
7.000000000000000000e+01 5.017870664596557617e-02
7.100000000000000000e+01 4.847032949328422546e-02
7.200000000000000000e+01 4.693772271275520325e-02
7.300000000000000000e+01 4.538308456540107727e-02
7.400000000000000000e+01 4.364858195185661316e-02
7.500000000000000000e+01 4.171353206038475037e-02
7.600000000000000000e+01 3.898135945200920105e-02
7.700000000000000000e+01 3.667159005999565125e-02
7.800000000000000000e+01 3.395154699683189392e-02
7.900000000000000000e+01 3.182721883058547974e-02
8.000000000000000000e+01 2.918962202966213226e-02
8.100000000000000000e+01 2.652117051184177399e-02
8.200000000000000000e+01 2.453740127384662628e-02
8.300000000000000000e+01 2.324045076966285706e-02
8.400000000000000000e+01 2.241384796798229218e-02
8.500000000000000000e+01 2.079717256128787994e-02
8.600000000000000000e+01 1.887447945773601532e-02
8.700000000000000000e+01 1.691789925098419189e-02
8.800000000000000000e+01 1.575793325901031494e-02
8.900000000000000000e+01 1.427333801984786987e-02
9.000000000000000000e+01 1.348167378455400467e-02
9.100000000000000000e+01 1.249718759208917618e-02
9.200000000000000000e+01 1.206713542342185974e-02
9.300000000000000000e+01 1.135972887277603149e-02
9.400000000000000000e+01 9.676487185060977936e-03
9.500000000000000000e+01 7.905190810561180115e-03
9.600000000000000000e+01 4.717430565506219864e-03
9.700000000000000000e+01 1.862036413513123989e-03
9.800000000000000000e+01 1.383161579724401236e-04
9.900000000000000000e+01 1.711138640530407429e-03
