1.000000000000000000e+00 1.000000000000000000e+00
2.000000000000000000e+00 8.791204094886779785e-01
3.000000000000000000e+00 7.861537933349609375e-01
4.000000000000000000e+00 7.061333656311035156e-01
5.000000000000000000e+00 6.341970562934875488e-01
6.000000000000000000e+00 5.674856901168823242e-01
7.000000000000000000e+00 5.045837759971618652e-01
8.000000000000000000e+00 4.453377425670623779e-01
9.000000000000000000e+00 3.890928924083709717e-01
1.000000000000000000e+01 3.352413475513458252e-01
1.100000000000000000e+01 2.836831212043762207e-01
1.200000000000000000e+01 2.337966859340667725e-01
1.300000000000000000e+01 1.859587430953979492e-01
1.400000000000000000e+01 1.395895183086395264e-01
1.500000000000000000e+01 9.503694623708724976e-02
1.600000000000000000e+01 5.239031091332435608e-02
1.700000000000000000e+01 1.196788903325796127e-02
1.800000000000000000e+01 -2.635090798139572144e-02
1.900000000000000000e+01 -6.182718276977539062e-02
2.000000000000000000e+01 -9.466673433780670166e-02
2.100000000000000000e+01 -1.245879754424095154e-01
2.200000000000000000e+01 -1.509608626365661621e-01
2.300000000000000000e+01 -1.742288321256637573e-01
2.400000000000000000e+01 -1.944078207015991211e-01
2.500000000000000000e+01 -2.115822583436965942e-01
2.600000000000000000e+01 -2.255660593509674072e-01
2.700000000000000000e+01 -2.358552068471908569e-01
2.800000000000000000e+01 -2.432108372449874878e-01
2.900000000000000000e+01 -2.475585937500000000e-01
3.000000000000000000e+01 -2.488870471715927124e-01
3.100000000000000000e+01 -2.478422671556472778e-01
3.200000000000000000e+01 -2.442746907472610474e-01
3.300000000000000000e+01 -2.385176420211791992e-01
3.400000000000000000e+01 -2.303548306226730347e-01
3.500000000000000000e+01 -2.205694615840911865e-01
3.600000000000000000e+01 -2.098871171474456787e-01
3.700000000000000000e+01 -1.983237862586975098e-01
3.800000000000000000e+01 -1.859280616044998169e-01
3.900000000000000000e+01 -1.728266477584838867e-01
4.000000000000000000e+01 -1.594090312719345093e-01
4.100000000000000000e+01 -1.455496400594711304e-01
4.200000000000000000e+01 -1.317939311265945435e-01
4.300000000000000000e+01 -1.182031333446502686e-01
4.400000000000000000e+01 -1.047313511371612549e-01
4.500000000000000000e+01 -9.144952148199081421e-02
4.600000000000000000e+01 -7.852813601493835449e-02
4.700000000000000000e+01 -6.571216136217117310e-02
4.800000000000000000e+01 -5.320765450596809387e-02
4.900000000000000000e+01 -4.140058159828186035e-02
5.000000000000000000e+01 -3.031885810196399689e-02
5.100000000000000000e+01 -1.995166018605232239e-02
5.200000000000000000e+01 -1.062725111842155457e-02
5.300000000000000000e+01 -1.564002479426562786e-03
5.400000000000000000e+01 6.978727877140045166e-03
5.500000000000000000e+01 1.464246399700641632e-02
5.600000000000000000e+01 2.141485735774040222e-02
5.700000000000000000e+01 2.772951684892177582e-02
5.800000000000000000e+01 3.352439031004905701e-02
5.900000000000000000e+01 3.898199647665023804e-02
6.000000000000000000e+01 4.370534792542457581e-02
6.100000000000000000e+01 4.767348244786262512e-02
6.200000000000000000e+01 5.043774843215942383e-02
6.300000000000000000e+01 5.287864804267883301e-02
6.400000000000000000e+01 5.438302084803581238e-02
6.500000000000000000e+01 5.532881990075111389e-02
6.600000000000000000e+01 5.538900941610336304e-02
6.700000000000000000e+01 5.548204481601715088e-02
6.800000000000000000e+01 5.512075126171112061e-02
6.900000000000000000e+01 5.455685406923294067e-02
7.000000000000000000e+01 5.385024100542068481e-02
7.100000000000000000e+01 5.302227288484573364e-02
7.200000000000000000e+01 5.220692977309226990e-02
7.300000000000000000e+01 5.057629570364952087e-02
7.400000000000000000e+01 4.840591922402381897e-02
7.500000000000000000e+01 4.606621712446212769e-02
7.600000000000000000e+01 4.415080696344375610e-02
7.700000000000000000e+01 4.136827960610389709e-02
7.800000000000000000e+01 3.837737068533897400e-02
7.900000000000000000e+01 3.533496707677841187e-02
8.000000000000000000e+01 3.224687650799751282e-02
8.100000000000000000e+01 2.956303395330905914e-02
8.200000000000000000e+01 2.688639424741268158e-02
8.300000000000000000e+01 2.496627159416675568e-02
8.400000000000000000e+01 2.326317504048347473e-02
8.500000000000000000e+01 2.162434905767440796e-02
8.600000000000000000e+01 2.039697021245956421e-02
8.700000000000000000e+01 1.838192343711853027e-02
8.800000000000000000e+01 1.625048741698265076e-02
8.900000000000000000e+01 1.541393529623746872e-02
9.000000000000000000e+01 1.451112516224384308e-02
9.100000000000000000e+01 1.307083666324615479e-02
9.200000000000000000e+01 1.139122620224952698e-02
9.300000000000000000e+01 9.936077520251274109e-03
9.400000000000000000e+01 7.920223288238048553e-03
9.500000000000000000e+01 4.298505373299121857e-03
9.600000000000000000e+01 1.411585020832717419e-03
9.700000000000000000e+01 -1.300416653975844383e-03
9.800000000000000000e+01 -4.024523310363292694e-03
9.900000000000000000e+01 -7.431418169289827347e-03
