1.000000000000000000e+00 1.000000000000000000e+00
2.000000000000000000e+00 8.657569885253906250e-01
3.000000000000000000e+00 7.641817927360534668e-01
4.000000000000000000e+00 6.778512001037597656e-01
5.000000000000000000e+00 6.007647514343261719e-01
6.000000000000000000e+00 5.299569964408874512e-01
7.000000000000000000e+00 4.642983675003051758e-01
8.000000000000000000e+00 4.030401706695556641e-01
9.000000000000000000e+00 3.454364836215972900e-01
1.000000000000000000e+01 2.910108566284179688e-01
1.100000000000000000e+01 2.396343499422073364e-01
1.200000000000000000e+01 1.908793002367019653e-01
1.300000000000000000e+01 1.446670591831207275e-01
1.400000000000000000e+01 1.008880883455276489e-01
1.500000000000000000e+01 5.951522290706634521e-02
1.600000000000000000e+01 2.054912038147449493e-02
1.700000000000000000e+01 -1.596241816878318787e-02
1.800000000000000000e+01 -4.959151148796081543e-02
1.900000000000000000e+01 -8.068466931581497192e-02
2.000000000000000000e+01 -1.084565967321395874e-01
2.100000000000000000e+01 -1.331593096256256104e-01
2.200000000000000000e+01 -1.545934826135635376e-01
2.300000000000000000e+01 -1.728140413761138916e-01
2.400000000000000000e+01 -1.874542683362960815e-01
2.500000000000000000e+01 -1.988021731376647949e-01
2.600000000000000000e+01 -2.068309187889099121e-01
2.700000000000000000e+01 -2.122598886489868164e-01
2.800000000000000000e+01 -2.149163782596588135e-01
2.900000000000000000e+01 -2.150092422962188721e-01
3.000000000000000000e+01 -2.130881696939468384e-01
3.100000000000000000e+01 -2.089154720306396484e-01
3.200000000000000000e+01 -2.031149417161941528e-01
3.300000000000000000e+01 -1.954234838485717773e-01
3.400000000000000000e+01 -1.864936649799346924e-01
3.500000000000000000e+01 -1.763092279434204102e-01
3.600000000000000000e+01 -1.650632172822952271e-01
3.700000000000000000e+01 -1.528233736753463745e-01
3.800000000000000000e+01 -1.403692662715911865e-01
3.900000000000000000e+01 -1.276004463434219360e-01
4.000000000000000000e+01 -1.146934106945991516e-01
4.100000000000000000e+01 -1.022201776504516602e-01
4.200000000000000000e+01 -8.970440924167633057e-02
4.300000000000000000e+01 -7.721143960952758789e-02
4.400000000000000000e+01 -6.488931179046630859e-02
4.500000000000000000e+01 -5.277885124087333679e-02
4.600000000000000000e+01 -4.152335599064826965e-02
4.700000000000000000e+01 -3.097666427493095398e-02
4.800000000000000000e+01 -2.099021524190902710e-02
4.900000000000000000e+01 -1.187348179519176483e-02
5.000000000000000000e+01 -3.586572594940662384e-03
5.100000000000000000e+01 3.922403324395418167e-03
5.200000000000000000e+01 1.083036232739686966e-02
5.300000000000000000e+01 1.683069765567779541e-02
5.400000000000000000e+01 2.205231972038745880e-02
5.500000000000000000e+01 2.646033465862274170e-02
5.600000000000000000e+01 3.085465170443058014e-02
5.700000000000000000e+01 3.440542519092559814e-02
5.800000000000000000e+01 3.733514249324798584e-02
5.900000000000000000e+01 3.940509632229804993e-02
6.000000000000000000e+01 4.082752019166946411e-02
6.100000000000000000e+01 4.163789004087448120e-02
6.200000000000000000e+01 4.214523360133171082e-02
6.300000000000000000e+01 4.224332794547080994e-02
6.400000000000000000e+01 4.175011441111564636e-02
6.500000000000000000e+01 4.106882587075233459e-02
6.600000000000000000e+01 4.017498344182968140e-02
6.700000000000000000e+01 3.886983916163444519e-02
6.800000000000000000e+01 3.710415586829185486e-02
6.900000000000000000e+01 3.465370833873748779e-02
7.000000000000000000e+01 3.213801234960556030e-02
7.100000000000000000e+01 2.933800965547561646e-02
7.200000000000000000e+01 2.632902190089225769e-02
7.300000000000000000e+01 2.329577878117561340e-02
7.400000000000000000e+01 2.051931992173194885e-02
7.500000000000000000e+01 1.792287081480026245e-02
7.600000000000000000e+01 1.603756286203861237e-02
7.700000000000000000e+01 1.459983456879854202e-02
7.800000000000000000e+01 1.354545168578624725e-02
7.900000000000000000e+01 1.217574067413806915e-02
8.000000000000000000e+01 1.068456564098596573e-02
8.100000000000000000e+01 9.300743229687213898e-03
8.200000000000000000e+01 7.761596702039241791e-03
8.300000000000000000e+01 6.099635269492864609e-03
8.400000000000000000e+01 4.425589460879564285e-03
8.500000000000000000e+01 3.529017325490713120e-03
8.600000000000000000e+01 2.971696201711893082e-03
8.700000000000000000e+01 2.039259998127818108e-03
8.800000000000000000e+01 3.394898085389286280e-04
8.900000000000000000e+01 -4.796478897333145142e-04
9.000000000000000000e+01 -1.385107054375112057e-03
9.100000000000000000e+01 -1.031987019814550877e-03
9.200000000000000000e+01 -2.656094264239072800e-03
9.300000000000000000e+01 -2.688247477635741234e-03
9.400000000000000000e+01 -3.387053497135639191e-03
9.500000000000000000e+01 -3.840820398181676865e-03
9.600000000000000000e+01 -3.475485369563102722e-03
9.700000000000000000e+01 -4.012105520814657211e-03
9.800000000000000000e+01 1.592920627444982529e-03
9.900000000000000000e+01 5.697668064385652542e-03
