0.0 0.006873139104544063
1200000.0 0.023930767732420626
2400000.0 0.06322174917216239
3600000.0 0.15301778111695466
4800000.0 0.2638506274869911
6000000.0 0.3586832512452347
7200000.0 0.4202075854968417
8400000.0 0.4606116259008821
9600000.0 0.4884937529565629
10800000.0 0.5078609789353591
12000000.0 0.5221081336783816
13200000.0 0.536883991429446
14400000.0 0.5413362272866405
15600000.0 0.5489328547179787
16800000.0 0.5573086234243259
18000000.0 0.5626234799788519
19200000.0 0.5684948660155271
20400000.0 0.5718062164343156
21600000.0 0.575173219801319
22800000.0 0.575952361076328
24000000.0 0.5797645880290508
25200000.0 0.5817402676906809
26400000.0 0.5879733978907533
27600000.0 0.5880847037871831
28800000.0 0.5901438628711356
30000000.0 0.5930656426524196
31200000.0 0.5971283078721096
32400000.0 0.5964604724935303
33600000.0 0.5971004813980021
34800000.0 0.5984639786292679
36000000.0 0.5994100787489217
37200000.0 0.602888388012355
38400000.0 0.6031109998052147
39600000.0 0.6052258118373821
40800000.0 0.6046971088293402
42000000.0 0.6066171355427554
43200000.0 0.6080919386704511
44400000.0 0.6079249798258063
45600000.0 0.6108745860811976
46800000.0 0.6124606951053232
48000000.0 0.6124328686312157
49200000.0 0.6154659543089295
50400000.0 0.6151320366196399
51600000.0 0.6151876895678549
52800000.0 0.6139354982330189
54000000.0 0.6189999165205777
55200000.0 0.6172190221776999
56400000.0 0.6169129309625178
57600000.0 0.6195007930545121
58800000.0 0.6201408019589838
60000000.0 0.6225617052063334
