 time crystallinity "clusters w/ >= 2 members" "   independent clusters" "mean size cryst domains" "crystalline grid elements"
0 0.0 0.0031443915741436405 2.0 112.0 1.0089285714285714 113.0
1 1200000.0 0.028355177115507692 164.0 604.0 1.6870860927152318 1019.0
2 2400000.0 0.09138214096891782 334.0 851.0 3.8589894242068157 3284.0
3 3600000.0 0.16673623285193534 336.0 748.0 8.010695187165775 5992.0
4 4800000.0 0.2307927762473217 298.0 632.0 13.123417721518987 8294.0
5 6000000.0 0.2746194729665804 243.0 507.0 19.465483234714004 9869.0
6 7200000.0 0.30553468569997494 218.0 458.0 23.973799126637555 10980.0
7 8400000.0 0.3254027882127056 195.0 427.0 27.3864168618267 11694.0
8 9600000.0 0.3435178228566658 163.0 373.0 33.09651474530831 12345.0
9 10800000.0 0.3543701477585775 163.0 345.0 36.91304347826087 12735.0
10 12000000.0 0.36842251718284774 144.0 314.0 42.1656050955414 13240.0
11 13200000.0 0.3750452180204246 143.0 302.0 44.629139072847686 13478.0
12 14400000.0 0.38470100453571526 131.0 278.0 49.73021582733813 13825.0
13 15600000.0 0.3913515318473996 126.0 253.0 55.58893280632411 14064.0
14 16800000.0 0.3965550825054957 127.0 253.0 56.32806324110672 14251.0
15 18000000.0 0.4023986420680636 119.0 264.0 54.77651515151515 14461.0
16 19200000.0 0.40782480451901937 119.0 285.0 51.424561403508775 14656.0
17 20400000.0 0.4076578456743746 124.0 270.0 54.25925925925926 14650.0
18 21600000.0 0.4134457522887275 117.0 254.0 58.496062992125985 14858.0
19 22800000.0 0.41787016167181457 105.0 248.0 60.55241935483871 15017.0
20 24000000.0 0.41773102930127726 116.0 248.0 60.53225806451613 15012.0
21 25200000.0 0.42262848874419123 106.0 227.0 66.90748898678414 15188.0
22 26400000.0 0.4254389626290453 107.0 243.0 62.91769547325103 15289.0
23 27600000.0 0.4296964131674875 102.0 225.0 68.63111111111111 15442.0
24 28800000.0 0.43125469571750563 100.0 239.0 64.84518828451883 15498.0
25 30000000.0 0.4334808136461029 97.0 210.0 74.18095238095238 15578.0
26 31200000.0 0.43503909619612097 99.0 214.0 73.05607476635514 15634.0
27 32400000.0 0.4361521551604196 100.0 218.0 71.89908256880734 15674.0
28 33600000.0 0.4387121907783065 95.0 199.0 79.22613065326634 15766.0
29 34800000.0 0.43912958788991846 82.0 206.0 76.60679611650485 15781.0
30 36000000.0 0.4425244177310293 90.0 186.0 85.5 15903.0
31 37200000.0 0.4418844088265576 84.0 200.0 79.4 15880.0
32 38400000.0 0.44589142109803265 96.0 192.0 83.45833333333333 16024.0
33 39600000.0 0.44502880040070125 95.0 193.0 82.86528497409327 15993.0
34 40800000.0 0.44680969474357907 89.0 184.0 87.2663043478261 16057.0
35 42000000.0 0.4492862509391435 93.0 190.0 84.97894736842105 16146.0
36 43200000.0 0.44939755683557336 85.0 187.0 86.36363636363636 16150.0
37 44400000.0 0.44792275370787765 89.0 189.0 85.16931216931216 16097.0
38 45600000.0 0.4525697748838245 93.0 186.0 87.44086021505376 16264.0
39 46800000.0 0.4532097837882962 90.0 185.0 88.03783783783784 16287.0
40 48000000.0 0.4527367337284693 86.0 187.0 87.00534759358288 16270.0
41 49200000.0 0.45429501627848734 83.0 170.0 96.03529411764706 16326.0
42 50400000.0 0.45755071374906087 84.0 182.0 90.34615384615384 16443.0
43 51600000.0 0.4576063666972758 85.0 190.0 86.55263157894737 16445.0
44 52800000.0 0.4564654812588697 77.0 175.0 93.73714285714286 16404.0
45 54000000.0 0.46055597295266715 89.0 189.0 87.57142857142857 16551.0
46 55200000.0 0.46008292289284025 85.0 186.0 88.89247311827957 16534.0
47 56400000.0 0.46038901410802235 92.0 183.0 90.40983606557377 16545.0
48 57600000.0 0.46066727884909703 91.0 184.0 89.97282608695652 16555.0
49 58800000.0 0.46275426440715695 77.0 176.0 94.48863636363636 16630.0
50 60000000.0 0.4628655703035868 80.0 184.0 90.40217391304348 16634.0
