1.000000000000000000e+00 1.000000000000000000e+00
2.000000000000000000e+00 8.994159698486328125e-01
3.000000000000000000e+00 8.295354247093200684e-01
4.000000000000000000e+00 7.683227658271789551e-01
5.000000000000000000e+00 7.108109593391418457e-01
6.000000000000000000e+00 6.553785204887390137e-01
7.000000000000000000e+00 6.008687615394592285e-01
8.000000000000000000e+00 5.464174151420593262e-01
9.000000000000000000e+00 4.919331967830657959e-01
1.000000000000000000e+01 4.382728338241577148e-01
1.100000000000000000e+01 3.853279948234558105e-01
1.200000000000000000e+01 3.329844176769256592e-01
1.300000000000000000e+01 2.814853489398956299e-01
1.400000000000000000e+01 2.311210483312606812e-01
1.500000000000000000e+01 1.818075329065322876e-01
1.600000000000000000e+01 1.342625916004180908e-01
1.700000000000000000e+01 8.869918435811996460e-02
1.800000000000000000e+01 4.527842625975608826e-02
1.900000000000000000e+01 3.807072294875979424e-03
2.000000000000000000e+01 -3.521816805005073547e-02
2.100000000000000000e+01 -7.161550223827362061e-02
2.200000000000000000e+01 -1.046945378184318542e-01
2.300000000000000000e+01 -1.344453990459442139e-01
2.400000000000000000e+01 -1.592974662780761719e-01
2.500000000000000000e+01 -1.787318885326385498e-01
2.600000000000000000e+01 -1.918327510356903076e-01
2.700000000000000000e+01 -1.985235959291458130e-01
2.800000000000000000e+01 -2.007629871368408203e-01
2.900000000000000000e+01 -1.994514763355255127e-01
3.000000000000000000e+01 -1.966420114040374756e-01
3.100000000000000000e+01 -1.920568495988845825e-01
3.200000000000000000e+01 -1.863356083631515503e-01
3.300000000000000000e+01 -1.793998479843139648e-01
3.400000000000000000e+01 -1.718467622995376587e-01
3.500000000000000000e+01 -1.638575047254562378e-01
3.600000000000000000e+01 -1.552461683750152588e-01
3.700000000000000000e+01 -1.458631604909896851e-01
3.800000000000000000e+01 -1.360713690519332886e-01
3.900000000000000000e+01 -1.260708421468734741e-01
4.000000000000000000e+01 -1.153444498777389526e-01
4.100000000000000000e+01 -1.048103794455528259e-01
4.200000000000000000e+01 -9.415914118289947510e-02
4.300000000000000000e+01 -8.319149911403656006e-02
4.400000000000000000e+01 -7.174302637577056885e-02
4.500000000000000000e+01 -6.016116216778755188e-02
4.600000000000000000e+01 -4.840547963976860046e-02
4.700000000000000000e+01 -3.661129623651504517e-02
4.800000000000000000e+01 -2.520619332790374756e-02
4.900000000000000000e+01 -1.442416571080684662e-02
5.000000000000000000e+01 -4.731096327304840088e-03
5.100000000000000000e+01 -5.574346985667943954e-03
5.200000000000000000e+01 -6.019599270075559616e-03
5.300000000000000000e+01 -6.179987452924251556e-03
5.400000000000000000e+01 -6.468290463089942932e-03
5.500000000000000000e+01 -6.405044347047805786e-03
5.600000000000000000e+01 -6.148741114884614944e-03
5.700000000000000000e+01 -5.866253282874822617e-03
5.800000000000000000e+01 -5.155352409929037094e-03
5.900000000000000000e+01 -4.112503491342067719e-03
6.000000000000000000e+01 -3.585364203900098801e-03
6.100000000000000000e+01 -2.753917826339602470e-03
6.200000000000000000e+01 -1.872920431196689606e-03
6.300000000000000000e+01 -1.005868194624781609e-03
6.400000000000000000e+01 -9.765126742422580719e-05
6.500000000000000000e+01 4.956136690452694893e-04
6.600000000000000000e+01 9.889468783512711525e-04
6.700000000000000000e+01 2.121309284120798111e-03
6.800000000000000000e+01 3.250378184020519257e-03
6.900000000000000000e+01 4.564292728900909424e-03
7.000000000000000000e+01 5.820224527269601822e-03
7.100000000000000000e+01 6.715174764394760132e-03
7.200000000000000000e+01 7.432198617607355118e-03
7.300000000000000000e+01 8.153226226568222046e-03
7.400000000000000000e+01 9.289253503084182739e-03
7.500000000000000000e+01 1.077541057020425797e-02
7.600000000000000000e+01 1.274936553090810776e-02
7.700000000000000000e+01 1.364513766020536423e-02
7.800000000000000000e+01 1.401041448116302490e-02
7.900000000000000000e+01 1.444353815168142319e-02
8.000000000000000000e+01 1.461103931069374084e-02
8.100000000000000000e+01 1.495691202580928802e-02
8.200000000000000000e+01 1.476812548935413361e-02
8.300000000000000000e+01 1.496125292032957077e-02
8.400000000000000000e+01 1.472239848226308823e-02
8.500000000000000000e+01 1.470170263200998306e-02
8.600000000000000000e+01 1.485415361821651459e-02
8.700000000000000000e+01 1.464814972132444382e-02
8.800000000000000000e+01 1.384167466312646866e-02
8.900000000000000000e+01 1.313974428921937943e-02
9.000000000000000000e+01 1.289655733853578568e-02
9.100000000000000000e+01 1.354916021227836609e-02
9.200000000000000000e+01 1.353984698653221130e-02
9.300000000000000000e+01 1.394327636808156967e-02
9.400000000000000000e+01 1.435341034084558487e-02
9.500000000000000000e+01 1.436833664774894714e-02
9.600000000000000000e+01 1.487314049154520035e-02
9.700000000000000000e+01 1.437925733625888824e-02
9.800000000000000000e+01 1.509685628116130829e-02
9.900000000000000000e+01 8.466484025120735168e-03
