1.000000000000000000e+00 1.000000000000000000e+00
2.000000000000000000e+00 9.019519090652465820e-01
3.000000000000000000e+00 8.338590264320373535e-01
4.000000000000000000e+00 7.739692330360412598e-01
5.000000000000000000e+00 7.179534435272216797e-01
6.000000000000000000e+00 6.633250713348388672e-01
7.000000000000000000e+00 6.092582941055297852e-01
8.000000000000000000e+00 5.552893877029418945e-01
9.000000000000000000e+00 5.018073916435241699e-01
1.000000000000000000e+01 4.485196471214294434e-01
1.100000000000000000e+01 3.955735266208648682e-01
1.200000000000000000e+01 3.431467413902282715e-01
1.300000000000000000e+01 2.912377119064331055e-01
1.400000000000000000e+01 2.403746545314788818e-01
1.500000000000000000e+01 1.911045759916305542e-01
1.600000000000000000e+01 1.433063894510269165e-01
1.700000000000000000e+01 9.729544818401336670e-02
1.800000000000000000e+01 5.334808677434921265e-02
1.900000000000000000e+01 1.158946380019187927e-02
2.000000000000000000e+01 -2.814016118645668030e-02
2.100000000000000000e+01 -6.531938910484313965e-02
2.200000000000000000e+01 -9.966012090444564819e-02
2.300000000000000000e+01 -1.304293274879455566e-01
2.400000000000000000e+01 -1.564691066741943359e-01
2.500000000000000000e+01 -1.769800037145614624e-01
2.600000000000000000e+01 -1.906898021697998047e-01
2.700000000000000000e+01 -1.978137791156768799e-01
2.800000000000000000e+01 -2.002530395984649658e-01
2.900000000000000000e+01 -1.996931731700897217e-01
3.000000000000000000e+01 -1.967286616563796997e-01
3.100000000000000000e+01 -1.920199543237686157e-01
3.200000000000000000e+01 -1.859157830476760864e-01
3.300000000000000000e+01 -1.789804399013519287e-01
3.400000000000000000e+01 -1.710746288299560547e-01
3.500000000000000000e+01 -1.626383513212203979e-01
3.600000000000000000e+01 -1.537315398454666138e-01
3.700000000000000000e+01 -1.444773823022842407e-01
3.800000000000000000e+01 -1.350366026163101196e-01
3.900000000000000000e+01 -1.251146793365478516e-01
4.000000000000000000e+01 -1.147764846682548523e-01
4.100000000000000000e+01 -1.042600572109222412e-01
4.200000000000000000e+01 -9.324668347835540771e-02
4.300000000000000000e+01 -8.169225603342056274e-02
4.400000000000000000e+01 -6.978475302457809448e-02
4.500000000000000000e+01 -5.836166813969612122e-02
4.600000000000000000e+01 -4.637427628040313721e-02
4.700000000000000000e+01 -3.498368337750434875e-02
4.800000000000000000e+01 -2.380523271858692169e-02
4.900000000000000000e+01 -1.274248771369457245e-02
5.000000000000000000e+01 -2.865015761926770210e-03
5.100000000000000000e+01 -3.327122190967202187e-03
5.200000000000000000e+01 -3.834182163700461388e-03
5.300000000000000000e+01 -4.233547020703554153e-03
5.400000000000000000e+01 -4.521215800195932388e-03
5.500000000000000000e+01 -4.680366721004247665e-03
5.600000000000000000e+01 -4.688929766416549683e-03
5.700000000000000000e+01 -4.578418098390102386e-03
5.800000000000000000e+01 -4.518432077020406723e-03
5.900000000000000000e+01 -4.563042894005775452e-03
6.000000000000000000e+01 -4.427976440638303757e-03
6.100000000000000000e+01 -4.340699873864650726e-03
6.200000000000000000e+01 -4.504290875047445297e-03
6.300000000000000000e+01 -4.328815732151269913e-03
6.400000000000000000e+01 -4.064354579895734787e-03
6.500000000000000000e+01 -3.473699558526277542e-03
6.600000000000000000e+01 -2.558519598096609116e-03
6.700000000000000000e+01 -1.545336679555475712e-03
6.800000000000000000e+01 -5.781633080914616585e-04
6.900000000000000000e+01 9.499980660621076822e-05
7.000000000000000000e+01 1.262107747606933117e-03
7.100000000000000000e+01 2.867990871891379356e-03
7.200000000000000000e+01 4.279371351003646851e-03
7.300000000000000000e+01 5.723444744944572449e-03
7.400000000000000000e+01 7.291410118341445923e-03
7.500000000000000000e+01 9.141894057393074036e-03
7.600000000000000000e+01 1.055118534713983536e-02
7.700000000000000000e+01 1.155959907919168472e-02
7.800000000000000000e+01 1.195470243692398071e-02
7.900000000000000000e+01 1.218785531818866730e-02
8.000000000000000000e+01 1.240094937384128571e-02
8.100000000000000000e+01 1.295392028987407684e-02
8.200000000000000000e+01 1.389265898615121841e-02
8.300000000000000000e+01 1.516007538884878159e-02
8.400000000000000000e+01 1.593059487640857697e-02
8.500000000000000000e+01 1.626766286790370941e-02
8.600000000000000000e+01 1.695258915424346924e-02
8.700000000000000000e+01 1.764751039445400238e-02
8.800000000000000000e+01 1.850596442818641663e-02
8.900000000000000000e+01 1.879207044839859009e-02
9.000000000000000000e+01 1.888274960219860077e-02
9.100000000000000000e+01 1.937043108046054840e-02
9.200000000000000000e+01 1.960868574678897858e-02
9.300000000000000000e+01 2.060733549296855927e-02
9.400000000000000000e+01 2.108773775398731232e-02
9.500000000000000000e+01 2.068021893501281738e-02
9.600000000000000000e+01 1.886811479926109314e-02
9.700000000000000000e+01 1.817681826651096344e-02
9.800000000000000000e+01 1.749500259757041931e-02
9.900000000000000000e+01 1.926080696284770966e-02
