1.000000000000000000e+00 1.000000000000000000e+00
2.000000000000000000e+00 9.042049646377563477e-01
3.000000000000000000e+00 8.379122018814086914e-01
4.000000000000000000e+00 7.794824242591857910e-01
5.000000000000000000e+00 7.244440913200378418e-01
6.000000000000000000e+00 6.713743209838867188e-01
7.000000000000000000e+00 6.185573935508728027e-01
8.000000000000000000e+00 5.659803152084350586e-01
9.000000000000000000e+00 5.132106542587280273e-01
1.000000000000000000e+01 4.606728851795196533e-01
1.100000000000000000e+01 4.083492457866668701e-01
1.200000000000000000e+01 3.567294180393218994e-01
1.300000000000000000e+01 3.053355813026428223e-01
1.400000000000000000e+01 2.548070251941680908e-01
1.500000000000000000e+01 2.051977664232254028e-01
1.600000000000000000e+01 1.570212393999099731e-01
1.700000000000000000e+01 1.103751063346862793e-01
1.800000000000000000e+01 6.588925421237945557e-02
1.900000000000000000e+01 2.346521429717540741e-02
2.000000000000000000e+01 -1.680518873035907745e-02
2.100000000000000000e+01 -5.462404713034629822e-02
2.200000000000000000e+01 -8.980282396078109741e-02
2.300000000000000000e+01 -1.215570718050003052e-01
2.400000000000000000e+01 -1.483597755432128906e-01
2.500000000000000000e+01 -1.698832511901855469e-01
2.600000000000000000e+01 -1.848161071538925171e-01
2.700000000000000000e+01 -1.929937750101089478e-01
2.800000000000000000e+01 -1.962919384241104126e-01
2.900000000000000000e+01 -1.960030794143676758e-01
3.000000000000000000e+01 -1.939463019371032715e-01
3.100000000000000000e+01 -1.901345551013946533e-01
3.200000000000000000e+01 -1.847801059484481812e-01
3.300000000000000000e+01 -1.784665286540985107e-01
3.400000000000000000e+01 -1.712058782577514648e-01
3.500000000000000000e+01 -1.633380353450775146e-01
3.600000000000000000e+01 -1.552227288484573364e-01
3.700000000000000000e+01 -1.466205716133117676e-01
3.800000000000000000e+01 -1.372370272874832153e-01
3.900000000000000000e+01 -1.273881793022155762e-01
4.000000000000000000e+01 -1.170666813850402832e-01
4.100000000000000000e+01 -1.063825786113739014e-01
4.200000000000000000e+01 -9.528049826622009277e-02
4.300000000000000000e+01 -8.407045155763626099e-02
4.400000000000000000e+01 -7.262488454580307007e-02
4.500000000000000000e+01 -6.088135764002799988e-02
4.600000000000000000e+01 -4.928036406636238098e-02
4.700000000000000000e+01 -3.806683421134948730e-02
4.800000000000000000e+01 -2.677497081458568573e-02
4.900000000000000000e+01 -1.598082110285758972e-02
5.000000000000000000e+01 -5.985485855489969254e-03
5.100000000000000000e+01 -7.293885108083486557e-03
5.200000000000000000e+01 -7.413827348500490189e-03
5.300000000000000000e+01 -7.597192656248807907e-03
5.400000000000000000e+01 -7.877750322222709656e-03
5.500000000000000000e+01 -7.707342039793729782e-03
5.600000000000000000e+01 -7.836101576685905457e-03
5.700000000000000000e+01 -7.794589735567569733e-03
5.800000000000000000e+01 -7.559696212410926819e-03
5.900000000000000000e+01 -7.397911977022886276e-03
6.000000000000000000e+01 -6.894341204315423965e-03
6.100000000000000000e+01 -6.387867964804172516e-03
6.200000000000000000e+01 -6.386119872331619263e-03
6.300000000000000000e+01 -6.439547520130872726e-03
6.400000000000000000e+01 -6.303624249994754791e-03
6.500000000000000000e+01 -5.969922989606857300e-03
6.600000000000000000e+01 -5.494701676070690155e-03
6.700000000000000000e+01 -4.811523016542196274e-03
6.800000000000000000e+01 -4.108970053493976593e-03
6.900000000000000000e+01 -3.441497916355729103e-03
7.000000000000000000e+01 -2.815022133290767670e-03
7.100000000000000000e+01 -2.199962502345442772e-03
7.200000000000000000e+01 -1.467107096686959267e-03
7.300000000000000000e+01 -3.708744043251499534e-05
7.400000000000000000e+01 1.304873148910701275e-03
7.500000000000000000e+01 2.756060799583792686e-03
7.600000000000000000e+01 4.221477080136537552e-03
7.700000000000000000e+01 5.792465060949325562e-03
7.800000000000000000e+01 6.722979247570037842e-03
7.900000000000000000e+01 7.716583088040351868e-03
8.000000000000000000e+01 8.714614436030387878e-03
8.100000000000000000e+01 9.699760936200618744e-03
8.200000000000000000e+01 1.041069906204938889e-02
8.300000000000000000e+01 1.163242291659116745e-02
8.400000000000000000e+01 1.311679370701313019e-02
8.500000000000000000e+01 1.400559023022651672e-02
8.600000000000000000e+01 1.486981753259897232e-02
8.700000000000000000e+01 1.507132779806852341e-02
8.800000000000000000e+01 1.511499006301164627e-02
8.900000000000000000e+01 1.555300876498222351e-02
9.000000000000000000e+01 1.664452999830245972e-02
9.100000000000000000e+01 1.725060865283012390e-02
9.200000000000000000e+01 1.690232194960117340e-02
9.300000000000000000e+01 1.664286106824874878e-02
9.400000000000000000e+01 1.724480651319026947e-02
9.500000000000000000e+01 1.769006624817848206e-02
9.600000000000000000e+01 1.824069581925868988e-02
9.700000000000000000e+01 1.811254955828189850e-02
9.800000000000000000e+01 1.596535928547382355e-02
9.900000000000000000e+01 1.011826936155557632e-02
