1.000000000000000000e+00 1.000000000000000000e+00
2.000000000000000000e+00 9.021417498588562012e-01
3.000000000000000000e+00 8.342708349227905273e-01
4.000000000000000000e+00 7.745397090911865234e-01
5.000000000000000000e+00 7.183320522308349609e-01
6.000000000000000000e+00 6.633806228637695312e-01
7.000000000000000000e+00 6.093317866325378418e-01
8.000000000000000000e+00 5.553755760192871094e-01
9.000000000000000000e+00 5.019502043724060059e-01
1.000000000000000000e+01 4.488290846347808838e-01
1.100000000000000000e+01 3.962035179138183594e-01
1.200000000000000000e+01 3.439065814018249512e-01
1.300000000000000000e+01 2.921236753463745117e-01
1.400000000000000000e+01 2.415745109319686890e-01
1.500000000000000000e+01 1.922760158777236938e-01
1.600000000000000000e+01 1.441884040832519531e-01
1.700000000000000000e+01 9.812209755182266235e-02
1.800000000000000000e+01 5.370642244815826416e-02
1.900000000000000000e+01 1.167464908212423325e-02
2.000000000000000000e+01 -2.791200205683708191e-02
2.100000000000000000e+01 -6.470488011837005615e-02
2.200000000000000000e+01 -9.916913509368896484e-02
2.300000000000000000e+01 -1.297282129526138306e-01
2.400000000000000000e+01 -1.554056406021118164e-01
2.500000000000000000e+01 -1.756679266691207886e-01
2.600000000000000000e+01 -1.891962587833404541e-01
2.700000000000000000e+01 -1.965597122907638550e-01
2.800000000000000000e+01 -1.988903880119323730e-01
2.900000000000000000e+01 -1.985627263784408569e-01
3.000000000000000000e+01 -1.959535181522369385e-01
3.100000000000000000e+01 -1.913306266069412231e-01
3.200000000000000000e+01 -1.859300732612609863e-01
3.300000000000000000e+01 -1.794000267982482910e-01
3.400000000000000000e+01 -1.721148043870925903e-01
3.500000000000000000e+01 -1.643346250057220459e-01
3.600000000000000000e+01 -1.557154357433319092e-01
3.700000000000000000e+01 -1.464296281337738037e-01
3.800000000000000000e+01 -1.365684121847152710e-01
3.900000000000000000e+01 -1.260336786508560181e-01
4.000000000000000000e+01 -1.154025942087173462e-01
4.100000000000000000e+01 -1.046515107154846191e-01
4.200000000000000000e+01 -9.354400634765625000e-02
4.300000000000000000e+01 -8.231800049543380737e-02
4.400000000000000000e+01 -7.093514502048492432e-02
4.500000000000000000e+01 -5.950195714831352234e-02
4.600000000000000000e+01 -4.786245524883270264e-02
4.700000000000000000e+01 -3.595921397209167480e-02
4.800000000000000000e+01 -2.430091984570026398e-02
4.900000000000000000e+01 -1.351689267903566360e-02
5.000000000000000000e+01 -4.114528652280569077e-03
5.100000000000000000e+01 -4.794813692569732666e-03
5.200000000000000000e+01 -4.995998926460742950e-03
5.300000000000000000e+01 -5.327838473021984100e-03
5.400000000000000000e+01 -5.886168684810400009e-03
5.500000000000000000e+01 -5.930809304118156433e-03
5.600000000000000000e+01 -5.809710361063480377e-03
5.700000000000000000e+01 -5.487370770424604416e-03
5.800000000000000000e+01 -5.207842681556940079e-03
5.900000000000000000e+01 -4.693764261901378632e-03
6.000000000000000000e+01 -4.615199752151966095e-03
6.100000000000000000e+01 -4.048686940222978592e-03
6.200000000000000000e+01 -3.991701640188694000e-03
6.300000000000000000e+01 -3.492366056889295578e-03
6.400000000000000000e+01 -2.876440295949578285e-03
6.500000000000000000e+01 -2.628228627145290375e-03
6.600000000000000000e+01 -2.203756943345069885e-03
6.700000000000000000e+01 -1.609298284165561199e-03
6.800000000000000000e+01 -1.116404775530099869e-03
6.900000000000000000e+01 -3.229292924515902996e-04
7.000000000000000000e+01 1.045474316924810410e-03
7.100000000000000000e+01 2.057985868304967880e-03
7.200000000000000000e+01 3.181716892868280411e-03
7.300000000000000000e+01 4.076609387993812561e-03
7.400000000000000000e+01 5.204480607062578201e-03
7.500000000000000000e+01 6.428169552236795425e-03
7.600000000000000000e+01 7.218643091619014740e-03
7.700000000000000000e+01 8.003054186701774597e-03
7.800000000000000000e+01 8.471234701573848724e-03
7.900000000000000000e+01 8.419780991971492767e-03
8.000000000000000000e+01 8.857526816427707672e-03
8.100000000000000000e+01 9.482841938734054565e-03
8.200000000000000000e+01 1.040115859359502792e-02
8.300000000000000000e+01 1.127753593027591705e-02
8.400000000000000000e+01 1.217977423220872879e-02
8.500000000000000000e+01 1.259621698409318924e-02
8.600000000000000000e+01 1.313124224543571472e-02
8.700000000000000000e+01 1.360173709690570831e-02
8.800000000000000000e+01 1.423532608896493912e-02
8.900000000000000000e+01 1.468524150550365448e-02
9.000000000000000000e+01 1.547070965170860291e-02
9.100000000000000000e+01 1.599053293466567993e-02
9.200000000000000000e+01 1.595500856637954712e-02
9.300000000000000000e+01 1.588719151914119720e-02
9.400000000000000000e+01 1.534667331725358963e-02
9.500000000000000000e+01 1.521303877234458923e-02
9.600000000000000000e+01 1.510444562882184982e-02
9.700000000000000000e+01 1.607920788228511810e-02
9.800000000000000000e+01 1.842599175870418549e-02
9.900000000000000000e+01 1.730901747941970825e-02
