1.000000000000000000e+00 1.000000000000000000e+00
2.000000000000000000e+00 9.011032581329345703e-01
3.000000000000000000e+00 8.324788212776184082e-01
4.000000000000000000e+00 7.723968029022216797e-01
5.000000000000000000e+00 7.156468033790588379e-01
6.000000000000000000e+00 6.608276963233947754e-01
7.000000000000000000e+00 6.065188050270080566e-01
8.000000000000000000e+00 5.528440475463867188e-01
9.000000000000000000e+00 4.994058310985565186e-01
1.000000000000000000e+01 4.462457597255706787e-01
1.100000000000000000e+01 3.932473361492156982e-01
1.200000000000000000e+01 3.408140838146209717e-01
1.300000000000000000e+01 2.891225218772888184e-01
1.400000000000000000e+01 2.382541745901107788e-01
1.500000000000000000e+01 1.889207065105438232e-01
1.600000000000000000e+01 1.410732716321945190e-01
1.700000000000000000e+01 9.499800950288772583e-02
1.800000000000000000e+01 5.099442228674888611e-02
1.900000000000000000e+01 9.470219723880290985e-03
2.000000000000000000e+01 -2.974888868629932404e-02
2.100000000000000000e+01 -6.654758006334304810e-02
2.200000000000000000e+01 -1.002396792173385620e-01
2.300000000000000000e+01 -1.305725127458572388e-01
2.400000000000000000e+01 -1.563753485679626465e-01
2.500000000000000000e+01 -1.767417490482330322e-01
2.600000000000000000e+01 -1.904870271682739258e-01
2.700000000000000000e+01 -1.983650028705596924e-01
2.800000000000000000e+01 -2.015131860971450806e-01
2.900000000000000000e+01 -2.014940232038497925e-01
3.000000000000000000e+01 -1.988734006881713867e-01
3.100000000000000000e+01 -1.943450868129730225e-01
3.200000000000000000e+01 -1.887243539094924927e-01
3.300000000000000000e+01 -1.821903288364410400e-01
3.400000000000000000e+01 -1.746903806924819946e-01
3.500000000000000000e+01 -1.665593832731246948e-01
3.600000000000000000e+01 -1.577796489000320435e-01
3.700000000000000000e+01 -1.483608782291412354e-01
3.800000000000000000e+01 -1.383893191814422607e-01
3.900000000000000000e+01 -1.277415007352828979e-01
4.000000000000000000e+01 -1.166209802031517029e-01
4.100000000000000000e+01 -1.052366793155670166e-01
4.200000000000000000e+01 -9.377019852399826050e-02
4.300000000000000000e+01 -8.209399878978729248e-02
4.400000000000000000e+01 -7.040546834468841553e-02
4.500000000000000000e+01 -5.843486264348030090e-02
4.600000000000000000e+01 -4.647748172283172607e-02
4.700000000000000000e+01 -3.454462066292762756e-02
4.800000000000000000e+01 -2.278721332550048828e-02
4.900000000000000000e+01 -1.156135369092226028e-02
5.000000000000000000e+01 -1.620681607164442539e-03
5.100000000000000000e+01 -2.628772286698222160e-03
5.200000000000000000e+01 -3.128756536170840263e-03
5.300000000000000000e+01 -3.614097135141491890e-03
5.400000000000000000e+01 -3.998443484306335449e-03
5.500000000000000000e+01 -4.206615965813398361e-03
5.600000000000000000e+01 -4.348077811300754547e-03
5.700000000000000000e+01 -4.689531866461038589e-03
5.800000000000000000e+01 -4.917133599519729614e-03
5.900000000000000000e+01 -5.034125875681638718e-03
6.000000000000000000e+01 -5.156572908163070679e-03
6.100000000000000000e+01 -5.775148048996925354e-03
6.200000000000000000e+01 -6.261989474296569824e-03
6.300000000000000000e+01 -6.487300153821706772e-03
6.400000000000000000e+01 -6.485803052783012390e-03
6.500000000000000000e+01 -6.353239528834819794e-03
6.600000000000000000e+01 -6.400060839951038361e-03
6.700000000000000000e+01 -6.023935042321681976e-03
6.800000000000000000e+01 -5.509343929588794708e-03
6.900000000000000000e+01 -4.738233983516693115e-03
7.000000000000000000e+01 -3.687985474243760109e-03
7.100000000000000000e+01 -2.668545581400394440e-03
7.200000000000000000e+01 -1.793060335330665112e-03
7.300000000000000000e+01 -1.104041701182723045e-03
7.400000000000000000e+01 1.013386063277721405e-04
7.500000000000000000e+01 1.220764825120568275e-03
7.600000000000000000e+01 2.132223453372716904e-03
7.700000000000000000e+01 2.618523081764578819e-03
7.800000000000000000e+01 3.486168337985873222e-03
7.900000000000000000e+01 4.496414680033922195e-03
8.000000000000000000e+01 5.614296533167362213e-03
8.100000000000000000e+01 6.667485926300287247e-03
8.200000000000000000e+01 7.166632916778326035e-03
8.300000000000000000e+01 7.748536765575408936e-03
8.400000000000000000e+01 8.016661740839481354e-03
8.500000000000000000e+01 8.152920752763748169e-03
8.600000000000000000e+01 7.903779856860637665e-03
8.700000000000000000e+01 8.422483690083026886e-03
8.800000000000000000e+01 9.468010626733303070e-03
8.900000000000000000e+01 1.041247323155403137e-02
9.000000000000000000e+01 1.163093838840723038e-02
9.100000000000000000e+01 1.279822830110788345e-02
9.200000000000000000e+01 1.265893876552581787e-02
9.300000000000000000e+01 1.218657568097114563e-02
9.400000000000000000e+01 1.189516950398683548e-02
9.500000000000000000e+01 1.265302300453186035e-02
9.600000000000000000e+01 1.363074872642755508e-02
9.700000000000000000e+01 1.409434340894222260e-02
9.800000000000000000e+01 1.541624404489994049e-02
9.900000000000000000e+01 1.107630040496587753e-02
