1.000000000000000000e+00 1.000000000000000000e+00
2.000000000000000000e+00 9.042167663574218750e-01
3.000000000000000000e+00 8.376496434211730957e-01
4.000000000000000000e+00 7.791814804077148438e-01
5.000000000000000000e+00 7.245431542396545410e-01
6.000000000000000000e+00 6.711496710777282715e-01
7.000000000000000000e+00 6.179887652397155762e-01
8.000000000000000000e+00 5.652703046798706055e-01
9.000000000000000000e+00 5.123459696769714355e-01
1.000000000000000000e+01 4.595073461532592773e-01
1.100000000000000000e+01 4.067208468914031982e-01
1.200000000000000000e+01 3.543452024459838867e-01
1.300000000000000000e+01 3.029298782348632812e-01
1.400000000000000000e+01 2.526710331439971924e-01
1.500000000000000000e+01 2.034032344818115234e-01
1.600000000000000000e+01 1.554245352745056152e-01
1.700000000000000000e+01 1.092021241784095764e-01
1.800000000000000000e+01 6.480399519205093384e-02
1.900000000000000000e+01 2.266882918775081635e-02
2.000000000000000000e+01 -1.742223463952541351e-02
2.100000000000000000e+01 -5.517322942614555359e-02
2.200000000000000000e+01 -9.031793475151062012e-02
2.300000000000000000e+01 -1.218660697340965271e-01
2.400000000000000000e+01 -1.489825248718261719e-01
2.500000000000000000e+01 -1.705598384141921997e-01
2.600000000000000000e+01 -1.852906793355941772e-01
2.700000000000000000e+01 -1.938470155000686646e-01
2.800000000000000000e+01 -1.972764283418655396e-01
2.900000000000000000e+01 -1.974499076604843140e-01
3.000000000000000000e+01 -1.953671425580978394e-01
3.100000000000000000e+01 -1.919842958450317383e-01
3.200000000000000000e+01 -1.868527382612228394e-01
3.300000000000000000e+01 -1.808451712131500244e-01
3.400000000000000000e+01 -1.739023178815841675e-01
3.500000000000000000e+01 -1.658964306116104126e-01
3.600000000000000000e+01 -1.578660607337951660e-01
3.700000000000000000e+01 -1.489790827035903931e-01
3.800000000000000000e+01 -1.391795426607131958e-01
3.900000000000000000e+01 -1.289053708314895630e-01
4.000000000000000000e+01 -1.182196214795112610e-01
4.100000000000000000e+01 -1.073236167430877686e-01
4.200000000000000000e+01 -9.600796550512313843e-02
4.300000000000000000e+01 -8.433055132627487183e-02
4.400000000000000000e+01 -7.279980182647705078e-02
4.500000000000000000e+01 -6.075963377952575684e-02
4.600000000000000000e+01 -4.899632930755615234e-02
4.700000000000000000e+01 -3.654578328132629395e-02
4.800000000000000000e+01 -2.499619685113430023e-02
4.900000000000000000e+01 -1.393208187073469162e-02
5.000000000000000000e+01 -3.902011318132281303e-03
5.100000000000000000e+01 -4.288871772587299347e-03
5.200000000000000000e+01 -4.503530915826559067e-03
5.300000000000000000e+01 -4.568643867969512939e-03
5.400000000000000000e+01 -4.671161063015460968e-03
5.500000000000000000e+01 -4.515890497714281082e-03
5.600000000000000000e+01 -4.242662806063890457e-03
5.700000000000000000e+01 -4.062037914991378784e-03
5.800000000000000000e+01 -3.568701678887009621e-03
5.900000000000000000e+01 -3.454726887866854668e-03
6.000000000000000000e+01 -3.545748535543680191e-03
6.100000000000000000e+01 -3.478274680674076080e-03
6.200000000000000000e+01 -3.391970880329608917e-03
6.300000000000000000e+01 -3.138096071779727936e-03
6.400000000000000000e+01 -2.739581512287259102e-03
6.500000000000000000e+01 -2.493753097951412201e-03
6.600000000000000000e+01 -2.580050844699144363e-03
6.700000000000000000e+01 -2.919520251452922821e-03
6.800000000000000000e+01 -3.228444140404462814e-03
6.900000000000000000e+01 -3.115402767434716225e-03
7.000000000000000000e+01 -2.834702841937541962e-03
7.100000000000000000e+01 -2.262028167024254799e-03
7.200000000000000000e+01 -1.445829984731972218e-03
7.300000000000000000e+01 -7.880543125793337822e-04
7.400000000000000000e+01 -2.491531486157327890e-04
7.500000000000000000e+01 9.824313456192612648e-04
7.600000000000000000e+01 2.644821535795927048e-03
7.700000000000000000e+01 3.749130293726921082e-03
7.800000000000000000e+01 4.915032535791397095e-03
7.900000000000000000e+01 5.560401361435651779e-03
8.000000000000000000e+01 6.134829483926296234e-03
8.100000000000000000e+01 6.481998134404420853e-03
8.200000000000000000e+01 6.729556713253259659e-03
8.300000000000000000e+01 7.272243499755859375e-03
8.400000000000000000e+01 8.607636205852031708e-03
8.500000000000000000e+01 9.588282555341720581e-03
8.600000000000000000e+01 1.059227902442216873e-02
8.700000000000000000e+01 1.149869803339242935e-02
8.800000000000000000e+01 1.215688697993755341e-02
8.900000000000000000e+01 1.273974031209945679e-02
9.000000000000000000e+01 1.310229673981666565e-02
9.100000000000000000e+01 1.331392396241426468e-02
9.200000000000000000e+01 1.355916447937488556e-02
9.300000000000000000e+01 1.368909422308206558e-02
9.400000000000000000e+01 1.411499921232461929e-02
9.500000000000000000e+01 1.444456819444894791e-02
9.600000000000000000e+01 1.537765283137559891e-02
9.700000000000000000e+01 1.655221916735172272e-02
9.800000000000000000e+01 1.682870835065841675e-02
9.900000000000000000e+01 2.529237791895866394e-02
