1.000000000000000000e+00 1.000000000000000000e+00
2.000000000000000000e+00 8.978343605995178223e-01
3.000000000000000000e+00 8.266756534576416016e-01
4.000000000000000000e+00 7.644574642181396484e-01
5.000000000000000000e+00 7.064034342765808105e-01
6.000000000000000000e+00 6.499649882316589355e-01
7.000000000000000000e+00 5.942096710205078125e-01
8.000000000000000000e+00 5.391446948051452637e-01
9.000000000000000000e+00 4.846426546573638916e-01
1.000000000000000000e+01 4.307388067245483398e-01
1.100000000000000000e+01 3.774117231369018555e-01
1.200000000000000000e+01 3.248248696327209473e-01
1.300000000000000000e+01 2.732205092906951904e-01
1.400000000000000000e+01 2.226780951023101807e-01
1.500000000000000000e+01 1.736395955085754395e-01
1.600000000000000000e+01 1.263306438922882080e-01
1.700000000000000000e+01 8.112775534391403198e-02
1.800000000000000000e+01 3.802783414721488953e-02
1.900000000000000000e+01 -2.503361552953720093e-03
2.000000000000000000e+01 -4.058998450636863708e-02
2.100000000000000000e+01 -7.579126954078674316e-02
2.200000000000000000e+01 -1.078437641263008118e-01
2.300000000000000000e+01 -1.364822536706924438e-01
2.400000000000000000e+01 -1.606087237596511841e-01
2.500000000000000000e+01 -1.794285178184509277e-01
2.600000000000000000e+01 -1.921074241399765015e-01
2.700000000000000000e+01 -1.983250826597213745e-01
2.800000000000000000e+01 -1.998601555824279785e-01
2.900000000000000000e+01 -1.982700973749160767e-01
3.000000000000000000e+01 -1.942261606454849243e-01
3.100000000000000000e+01 -1.892947852611541748e-01
3.200000000000000000e+01 -1.826248168945312500e-01
3.300000000000000000e+01 -1.755129843950271606e-01
3.400000000000000000e+01 -1.676924377679824829e-01
3.500000000000000000e+01 -1.590924113988876343e-01
3.600000000000000000e+01 -1.502036154270172119e-01
3.700000000000000000e+01 -1.408776491880416870e-01
3.800000000000000000e+01 -1.314162164926528931e-01
3.900000000000000000e+01 -1.219392493367195129e-01
4.000000000000000000e+01 -1.117642968893051147e-01
4.100000000000000000e+01 -1.012986376881599426e-01
4.200000000000000000e+01 -9.073435515165328979e-02
4.300000000000000000e+01 -8.013217896223068237e-02
4.400000000000000000e+01 -6.929772347211837769e-02
4.500000000000000000e+01 -5.784132704138755798e-02
4.600000000000000000e+01 -4.634354263544082642e-02
4.700000000000000000e+01 -3.516602143645286560e-02
4.800000000000000000e+01 -2.409839257597923279e-02
4.900000000000000000e+01 -1.408115867525339127e-02
5.000000000000000000e+01 -5.086502525955438614e-03
5.100000000000000000e+01 -6.146261002868413925e-03
5.200000000000000000e+01 -6.603023968636989594e-03
5.300000000000000000e+01 -6.836010143160820007e-03
5.400000000000000000e+01 -7.225818000733852386e-03
5.500000000000000000e+01 -6.670508533716201782e-03
5.600000000000000000e+01 -6.174314301460981369e-03
5.700000000000000000e+01 -5.766521207988262177e-03
5.800000000000000000e+01 -5.416270811110734940e-03
5.900000000000000000e+01 -4.741853103041648865e-03
6.000000000000000000e+01 -4.232337232679128647e-03
6.100000000000000000e+01 -3.771528135985136032e-03
6.200000000000000000e+01 -2.936699427664279938e-03
6.300000000000000000e+01 -2.197500783950090408e-03
6.400000000000000000e+01 -1.652333419770002365e-03
6.500000000000000000e+01 -1.097984495572745800e-03
6.600000000000000000e+01 -5.780960418633185327e-05
6.700000000000000000e+01 1.064389129169285297e-03
6.800000000000000000e+01 2.103775972500443459e-03
6.900000000000000000e+01 3.216371173039078712e-03
7.000000000000000000e+01 4.848623182624578476e-03
7.100000000000000000e+01 6.859106011688709259e-03
7.200000000000000000e+01 8.283353410661220551e-03
7.300000000000000000e+01 9.796884842216968536e-03
7.400000000000000000e+01 1.131783612072467804e-02
7.500000000000000000e+01 1.283143460750579834e-02
7.600000000000000000e+01 1.321083959192037582e-02
7.700000000000000000e+01 1.385614555329084396e-02
7.800000000000000000e+01 1.444238144904375076e-02
7.900000000000000000e+01 1.470315270125865936e-02
8.000000000000000000e+01 1.563109084963798523e-02
8.100000000000000000e+01 1.624862104654312134e-02
8.200000000000000000e+01 1.673886552453041077e-02
8.300000000000000000e+01 1.733490824699401855e-02
8.400000000000000000e+01 1.820517517626285553e-02
8.500000000000000000e+01 1.887083798646926880e-02
8.600000000000000000e+01 1.975077949464321136e-02
8.700000000000000000e+01 2.002276107668876648e-02
8.800000000000000000e+01 1.938062720000743866e-02
8.900000000000000000e+01 1.918986998498439789e-02
9.000000000000000000e+01 1.900384761393070221e-02
9.100000000000000000e+01 1.908044330775737762e-02
9.200000000000000000e+01 1.893724501132965088e-02
9.300000000000000000e+01 1.812088862061500549e-02
9.400000000000000000e+01 1.810913532972335815e-02
9.500000000000000000e+01 1.880455389618873596e-02
9.600000000000000000e+01 1.876679062843322754e-02
9.700000000000000000e+01 1.750468835234642029e-02
9.800000000000000000e+01 1.775632239878177643e-02
9.900000000000000000e+01 1.201180648058652878e-02
