1.000000000000000000e+00 1.000000000000000000e+00
2.000000000000000000e+00 8.993695974349975586e-01
3.000000000000000000e+00 8.290552496910095215e-01
4.000000000000000000e+00 7.675787210464477539e-01
5.000000000000000000e+00 7.104879021644592285e-01
6.000000000000000000e+00 6.549023985862731934e-01
7.000000000000000000e+00 6.000614762306213379e-01
8.000000000000000000e+00 5.456212162971496582e-01
9.000000000000000000e+00 4.915815889835357666e-01
1.000000000000000000e+01 4.375524222850799561e-01
1.100000000000000000e+01 3.842245042324066162e-01
1.200000000000000000e+01 3.315452039241790771e-01
1.300000000000000000e+01 2.797626852989196777e-01
1.400000000000000000e+01 2.291307002305984497e-01
1.500000000000000000e+01 1.798169910907745361e-01
1.600000000000000000e+01 1.322245597839355469e-01
1.700000000000000000e+01 8.674564212560653687e-02
1.800000000000000000e+01 4.351494088768959045e-02
1.900000000000000000e+01 2.557589439675211906e-03
2.000000000000000000e+01 -3.602077811956405640e-02
2.100000000000000000e+01 -7.217308133840560913e-02
2.200000000000000000e+01 -1.052232980728149414e-01
2.300000000000000000e+01 -1.345511078834533691e-01
2.400000000000000000e+01 -1.591723114252090454e-01
2.500000000000000000e+01 -1.777981966733932495e-01
2.600000000000000000e+01 -1.902323961257934570e-01
2.700000000000000000e+01 -1.969701051712036133e-01
2.800000000000000000e+01 -1.990387439727783203e-01
2.900000000000000000e+01 -1.979495584964752197e-01
3.000000000000000000e+01 -1.947486251592636108e-01
3.100000000000000000e+01 -1.899031996726989746e-01
3.200000000000000000e+01 -1.838524937629699707e-01
3.300000000000000000e+01 -1.771675199270248413e-01
3.400000000000000000e+01 -1.697238534688949585e-01
3.500000000000000000e+01 -1.616817265748977661e-01
3.600000000000000000e+01 -1.528120636940002441e-01
3.700000000000000000e+01 -1.434642970561981201e-01
3.800000000000000000e+01 -1.336627900600433350e-01
3.900000000000000000e+01 -1.232321336865425110e-01
4.000000000000000000e+01 -1.127763539552688599e-01
4.100000000000000000e+01 -1.020440310239791870e-01
4.200000000000000000e+01 -9.162327647209167480e-02
4.300000000000000000e+01 -8.090718090534210205e-02
4.400000000000000000e+01 -6.970521062612533569e-02
4.500000000000000000e+01 -5.829876661300659180e-02
4.600000000000000000e+01 -4.688176885247230530e-02
4.700000000000000000e+01 -3.536311909556388855e-02
4.800000000000000000e+01 -2.420265600085258484e-02
4.900000000000000000e+01 -1.329565420746803284e-02
5.000000000000000000e+01 -4.157661926001310349e-03
5.100000000000000000e+01 -5.316711030900478363e-03
5.200000000000000000e+01 -5.841968115419149399e-03
5.300000000000000000e+01 -6.535517983138561249e-03
5.400000000000000000e+01 -7.028577849268913269e-03
5.500000000000000000e+01 -7.385274395346641541e-03
5.600000000000000000e+01 -7.122081238776445389e-03
5.700000000000000000e+01 -6.639132276177406311e-03
5.800000000000000000e+01 -6.057046819478273392e-03
5.900000000000000000e+01 -5.081359297037124634e-03
6.000000000000000000e+01 -4.139301367104053497e-03
6.100000000000000000e+01 -3.238756675273180008e-03
6.200000000000000000e+01 -2.455778419971466064e-03
6.300000000000000000e+01 -1.853395253419876099e-03
6.400000000000000000e+01 -1.068056328222155571e-03
6.500000000000000000e+01 -4.708663254859857261e-05
6.600000000000000000e+01 1.037308829836547375e-03
6.700000000000000000e+01 1.886752084828913212e-03
6.800000000000000000e+01 2.794858068227767944e-03
6.900000000000000000e+01 3.992014564573764801e-03
7.000000000000000000e+01 5.034452769905328751e-03
7.100000000000000000e+01 6.309807300567626953e-03
7.200000000000000000e+01 6.663763429969549179e-03
7.300000000000000000e+01 7.161519490182399750e-03
7.400000000000000000e+01 7.796895690262317657e-03
7.500000000000000000e+01 9.292301721870899200e-03
7.600000000000000000e+01 1.007319428026676178e-02
7.700000000000000000e+01 1.110647339373826981e-02
7.800000000000000000e+01 1.212206482887268066e-02
7.900000000000000000e+01 1.291958894580602646e-02
8.000000000000000000e+01 1.372294593602418900e-02
8.100000000000000000e+01 1.371373236179351807e-02
8.200000000000000000e+01 1.339044235646724701e-02
8.300000000000000000e+01 1.365358009934425354e-02
8.400000000000000000e+01 1.346134953200817108e-02
8.500000000000000000e+01 1.368309743702411652e-02
8.600000000000000000e+01 1.395987160503864288e-02
8.700000000000000000e+01 1.414632238447666168e-02
8.800000000000000000e+01 1.316528208553791046e-02
8.900000000000000000e+01 1.230933051556348801e-02
9.000000000000000000e+01 1.115400251001119614e-02
9.100000000000000000e+01 9.912466630339622498e-03
9.200000000000000000e+01 8.714837953448295593e-03
9.300000000000000000e+01 7.010878529399633408e-03
9.400000000000000000e+01 6.479686126112937927e-03
9.500000000000000000e+01 6.216402165591716766e-03
9.600000000000000000e+01 6.350602023303508759e-03
9.700000000000000000e+01 6.938096135854721069e-03
9.800000000000000000e+01 3.442700952291488647e-03
9.900000000000000000e+01 1.095294766128063202e-02
