1.000000000000000000e+00 1.000000000000000000e+00
2.000000000000000000e+00 9.032756686210632324e-01
3.000000000000000000e+00 8.365715146064758301e-01
4.000000000000000000e+00 7.780061960220336914e-01
5.000000000000000000e+00 7.227771282196044922e-01
6.000000000000000000e+00 6.691512465476989746e-01
7.000000000000000000e+00 6.158804893493652344e-01
8.000000000000000000e+00 5.626778602600097656e-01
9.000000000000000000e+00 5.095592141151428223e-01
1.000000000000000000e+01 4.567347764968872070e-01
1.100000000000000000e+01 4.041649699211120605e-01
1.200000000000000000e+01 3.520708680152893066e-01
1.300000000000000000e+01 3.006992638111114502e-01
1.400000000000000000e+01 2.500958740711212158e-01
1.500000000000000000e+01 2.007254064083099365e-01
1.600000000000000000e+01 1.527867317199707031e-01
1.700000000000000000e+01 1.063780933618545532e-01
1.800000000000000000e+01 6.182336807250976562e-02
1.900000000000000000e+01 1.934790052473545074e-02
2.000000000000000000e+01 -2.036530338227748871e-02
2.100000000000000000e+01 -5.768172815442085266e-02
2.200000000000000000e+01 -9.238409250974655151e-02
2.300000000000000000e+01 -1.237422898411750793e-01
2.400000000000000000e+01 -1.510321944952011108e-01
2.500000000000000000e+01 -1.722025722265243530e-01
2.600000000000000000e+01 -1.870958656072616577e-01
2.700000000000000000e+01 -1.956339031457901001e-01
2.800000000000000000e+01 -1.987247765064239502e-01
2.900000000000000000e+01 -1.985968798398971558e-01
3.000000000000000000e+01 -1.963266581296920776e-01
3.100000000000000000e+01 -1.926627904176712036e-01
3.200000000000000000e+01 -1.874335706233978271e-01
3.300000000000000000e+01 -1.812455952167510986e-01
3.400000000000000000e+01 -1.740479469299316406e-01
3.500000000000000000e+01 -1.661724597215652466e-01
3.600000000000000000e+01 -1.579396724700927734e-01
3.700000000000000000e+01 -1.488082557916641235e-01
3.800000000000000000e+01 -1.392167061567306519e-01
3.900000000000000000e+01 -1.294785141944885254e-01
4.000000000000000000e+01 -1.192580312490463257e-01
4.100000000000000000e+01 -1.085264235734939575e-01
4.200000000000000000e+01 -9.779775887727737427e-02
4.300000000000000000e+01 -8.672562241554260254e-02
4.400000000000000000e+01 -7.515434920787811279e-02
4.500000000000000000e+01 -6.280622631311416626e-02
4.600000000000000000e+01 -5.111636966466903687e-02
4.700000000000000000e+01 -3.921972960233688354e-02
4.800000000000000000e+01 -2.748103253543376923e-02
4.900000000000000000e+01 -1.642654463648796082e-02
5.000000000000000000e+01 -6.846204865723848343e-03
5.100000000000000000e+01 -7.433933671563863754e-03
5.200000000000000000e+01 -7.928919978439807892e-03
5.300000000000000000e+01 -8.050651289522647858e-03
5.400000000000000000e+01 -7.966352626681327820e-03
5.500000000000000000e+01 -7.946090772747993469e-03
5.600000000000000000e+01 -7.801714818924665451e-03
5.700000000000000000e+01 -7.578750140964984894e-03
5.800000000000000000e+01 -7.122671231627464294e-03
5.900000000000000000e+01 -6.337766535580158234e-03
6.000000000000000000e+01 -5.727993790060281754e-03
6.100000000000000000e+01 -5.253795534372329712e-03
6.200000000000000000e+01 -4.711794201284646988e-03
6.300000000000000000e+01 -4.174359142780303955e-03
6.400000000000000000e+01 -3.207641653716564178e-03
6.500000000000000000e+01 -2.702868543565273285e-03
6.600000000000000000e+01 -1.974373823031783104e-03
6.700000000000000000e+01 -9.984722128137946129e-04
6.800000000000000000e+01 -4.286855619284324348e-05
6.900000000000000000e+01 8.553069201298058033e-04
7.000000000000000000e+01 1.562734250910580158e-03
7.100000000000000000e+01 2.726212609559297562e-03
7.200000000000000000e+01 4.321930930018424988e-03
7.300000000000000000e+01 5.937918554991483688e-03
7.400000000000000000e+01 7.257564924657344818e-03
7.500000000000000000e+01 8.898693136870861053e-03
7.600000000000000000e+01 1.002448424696922302e-02
7.700000000000000000e+01 1.097743120044469833e-02
7.800000000000000000e+01 1.187570299953222275e-02
7.900000000000000000e+01 1.298669166862964630e-02
8.000000000000000000e+01 1.410316303372383118e-02
8.100000000000000000e+01 1.475331559777259827e-02
8.200000000000000000e+01 1.522850897163152695e-02
8.300000000000000000e+01 1.616935059428215027e-02
8.400000000000000000e+01 1.645760238170623779e-02
8.500000000000000000e+01 1.693660020828247070e-02
8.600000000000000000e+01 1.768740266561508179e-02
8.700000000000000000e+01 1.797826215624809265e-02
8.800000000000000000e+01 1.820147968828678131e-02
8.900000000000000000e+01 1.871717721223831177e-02
9.000000000000000000e+01 1.949801854789257050e-02
9.100000000000000000e+01 2.013709768652915955e-02
9.200000000000000000e+01 2.045890502631664276e-02
9.300000000000000000e+01 2.008562162518501282e-02
9.400000000000000000e+01 1.963898912072181702e-02
9.500000000000000000e+01 2.010737545788288116e-02
9.600000000000000000e+01 1.930936053395271301e-02
9.700000000000000000e+01 1.717227511107921600e-02
9.800000000000000000e+01 1.562277600169181824e-02
9.900000000000000000e+01 1.127004530280828476e-02
