1.000000000000000000e+00 1.000000000000000000e+00
2.000000000000000000e+00 8.955909609794616699e-01
3.000000000000000000e+00 8.225373625755310059e-01
4.000000000000000000e+00 7.588015794754028320e-01
5.000000000000000000e+00 6.995611786842346191e-01
6.000000000000000000e+00 6.420922279357910156e-01
7.000000000000000000e+00 5.860690474510192871e-01
8.000000000000000000e+00 5.302125215530395508e-01
9.000000000000000000e+00 4.749369025230407715e-01
1.000000000000000000e+01 4.201795458793640137e-01
1.100000000000000000e+01 3.663205802440643311e-01
1.200000000000000000e+01 3.135128617286682129e-01
1.300000000000000000e+01 2.617674171924591064e-01
1.400000000000000000e+01 2.117251753807067871e-01
1.500000000000000000e+01 1.632006913423538208e-01
1.600000000000000000e+01 1.167065799236297607e-01
1.700000000000000000e+01 7.187148928642272949e-02
1.800000000000000000e+01 2.921844087541103363e-02
1.900000000000000000e+01 -1.059311535209417343e-02
2.000000000000000000e+01 -4.787744581699371338e-02
2.100000000000000000e+01 -8.228889107704162598e-02
2.200000000000000000e+01 -1.133623197674751282e-01
2.300000000000000000e+01 -1.407530754804611206e-01
2.400000000000000000e+01 -1.638936847448348999e-01
2.500000000000000000e+01 -1.814974993467330933e-01
2.600000000000000000e+01 -1.928250491619110107e-01
2.700000000000000000e+01 -1.982051134109497070e-01
2.800000000000000000e+01 -1.991708874702453613e-01
2.900000000000000000e+01 -1.970068514347076416e-01
3.000000000000000000e+01 -1.928716301918029785e-01
3.100000000000000000e+01 -1.871574968099594116e-01
3.200000000000000000e+01 -1.802937835454940796e-01
3.300000000000000000e+01 -1.725112646818161011e-01
3.400000000000000000e+01 -1.638949960470199585e-01
3.500000000000000000e+01 -1.550921350717544556e-01
3.600000000000000000e+01 -1.459585279226303101e-01
3.700000000000000000e+01 -1.370045244693756104e-01
3.800000000000000000e+01 -1.275653541088104248e-01
3.900000000000000000e+01 -1.180135905742645264e-01
4.000000000000000000e+01 -1.079310849308967590e-01
4.100000000000000000e+01 -9.789207577705383301e-02
4.200000000000000000e+01 -8.698823302984237671e-02
4.300000000000000000e+01 -7.634189724922180176e-02
4.400000000000000000e+01 -6.565308570861816406e-02
4.500000000000000000e+01 -5.452917516231536865e-02
4.600000000000000000e+01 -4.313898086547851562e-02
4.700000000000000000e+01 -3.207211568951606750e-02
4.800000000000000000e+01 -2.177047543227672577e-02
4.900000000000000000e+01 -1.225585490465164185e-02
5.000000000000000000e+01 -2.447909442707896233e-03
5.100000000000000000e+01 -3.248326713219285011e-03
5.200000000000000000e+01 -3.571402980014681816e-03
5.300000000000000000e+01 -4.237293731421232224e-03
5.400000000000000000e+01 -4.616783466190099716e-03
5.500000000000000000e+01 -5.053168628364801407e-03
5.600000000000000000e+01 -5.168676376342773438e-03
5.700000000000000000e+01 -5.070695187896490097e-03
5.800000000000000000e+01 -5.116972140967845917e-03
5.900000000000000000e+01 -4.871025215834379196e-03
6.000000000000000000e+01 -4.597874823957681656e-03
6.100000000000000000e+01 -4.254588857293128967e-03
6.200000000000000000e+01 -3.499887883663177490e-03
6.300000000000000000e+01 -2.606449415907263756e-03
6.400000000000000000e+01 -1.623852062039077282e-03
6.500000000000000000e+01 -1.019404968246817589e-03
6.600000000000000000e+01 -4.870800767093896866e-04
6.700000000000000000e+01 -1.065313772414810956e-04
6.800000000000000000e+01 1.264922029804438353e-04
6.900000000000000000e+01 8.181518205674365163e-05
7.000000000000000000e+01 4.829032404813915491e-04
7.100000000000000000e+01 1.328127924352884293e-03
7.200000000000000000e+01 1.812573871575295925e-03
7.300000000000000000e+01 3.251670859754085541e-03
7.400000000000000000e+01 4.642578773200511932e-03
7.500000000000000000e+01 6.225157529115676880e-03
7.600000000000000000e+01 7.508866488933563232e-03
7.700000000000000000e+01 7.856776937842369080e-03
7.800000000000000000e+01 8.423115126788616180e-03
7.900000000000000000e+01 9.077497757971286774e-03
8.000000000000000000e+01 9.795195423066616058e-03
8.100000000000000000e+01 1.048487983644008636e-02
8.200000000000000000e+01 1.072737760841846466e-02
8.300000000000000000e+01 1.116408035159111023e-02
8.400000000000000000e+01 1.124286092817783356e-02
8.500000000000000000e+01 1.122105773538351059e-02
8.600000000000000000e+01 1.092460658401250839e-02
8.700000000000000000e+01 1.042423304170370102e-02
8.800000000000000000e+01 1.035537384450435638e-02
8.900000000000000000e+01 1.071200799196958542e-02
9.000000000000000000e+01 1.140121463686227798e-02
9.100000000000000000e+01 1.193388272076845169e-02
9.200000000000000000e+01 1.222170889377593994e-02
9.300000000000000000e+01 1.318455394357442856e-02
9.400000000000000000e+01 1.367347873747348785e-02
9.500000000000000000e+01 1.427374221384525299e-02
9.600000000000000000e+01 1.419767271727323532e-02
9.700000000000000000e+01 1.213812641799449921e-02
9.800000000000000000e+01 8.290206082165241241e-03
9.900000000000000000e+01 7.851582951843738556e-03
