1.000000000000000000e+00 1.000000000000000000e+00
2.000000000000000000e+00 9.031395912170410156e-01
3.000000000000000000e+00 8.361205458641052246e-01
4.000000000000000000e+00 7.772258520126342773e-01
5.000000000000000000e+00 7.221353054046630859e-01
6.000000000000000000e+00 6.680466532707214355e-01
7.000000000000000000e+00 6.146002411842346191e-01
8.000000000000000000e+00 5.611645579338073730e-01
9.000000000000000000e+00 5.076997280120849609e-01
1.000000000000000000e+01 4.545490443706512451e-01
1.100000000000000000e+01 4.015855491161346436e-01
1.200000000000000000e+01 3.493813872337341309e-01
1.300000000000000000e+01 2.979307770729064941e-01
1.400000000000000000e+01 2.475880235433578491e-01
1.500000000000000000e+01 1.984472721815109253e-01
1.600000000000000000e+01 1.506027430295944214e-01
1.700000000000000000e+01 1.040404364466667175e-01
1.800000000000000000e+01 5.987960845232009888e-02
1.900000000000000000e+01 1.793509349226951599e-02
2.000000000000000000e+01 -2.179961465299129486e-02
2.100000000000000000e+01 -5.907277762889862061e-02
2.200000000000000000e+01 -9.339222311973571777e-02
2.300000000000000000e+01 -1.242387220263481140e-01
2.400000000000000000e+01 -1.507774591445922852e-01
2.500000000000000000e+01 -1.719568520784378052e-01
2.600000000000000000e+01 -1.864234507083892822e-01
2.700000000000000000e+01 -1.942286193370819092e-01
2.800000000000000000e+01 -1.974683403968811035e-01
2.900000000000000000e+01 -1.973832696676254272e-01
3.000000000000000000e+01 -1.948104053735733032e-01
3.100000000000000000e+01 -1.907094269990921021e-01
3.200000000000000000e+01 -1.852990984916687012e-01
3.300000000000000000e+01 -1.789457052946090698e-01
3.400000000000000000e+01 -1.716093122959136963e-01
3.500000000000000000e+01 -1.634907871484756470e-01
3.600000000000000000e+01 -1.551411598920822144e-01
3.700000000000000000e+01 -1.460575759410858154e-01
3.800000000000000000e+01 -1.366766095161437988e-01
3.900000000000000000e+01 -1.272598505020141602e-01
4.000000000000000000e+01 -1.173578500747680664e-01
4.100000000000000000e+01 -1.069115474820137024e-01
4.200000000000000000e+01 -9.617023169994354248e-02
4.300000000000000000e+01 -8.510789275169372559e-02
4.400000000000000000e+01 -7.353147119283676147e-02
4.500000000000000000e+01 -6.177516281604766846e-02
4.600000000000000000e+01 -4.983988776803016663e-02
4.700000000000000000e+01 -3.780221566557884216e-02
4.800000000000000000e+01 -2.640497311949729919e-02
4.900000000000000000e+01 -1.616324670612812042e-02
5.000000000000000000e+01 -6.588110234588384628e-03
5.100000000000000000e+01 -6.690593902021646500e-03
5.200000000000000000e+01 -6.592802703380584717e-03
5.300000000000000000e+01 -6.831372156739234924e-03
5.400000000000000000e+01 -7.014100905507802963e-03
5.500000000000000000e+01 -6.732896436005830765e-03
5.600000000000000000e+01 -6.208755541592836380e-03
5.700000000000000000e+01 -5.673174746334552765e-03
5.800000000000000000e+01 -5.210790783166885376e-03
5.900000000000000000e+01 -5.229020025581121445e-03
6.000000000000000000e+01 -5.137054715305566788e-03
6.100000000000000000e+01 -4.858925938606262207e-03
6.200000000000000000e+01 -4.557176493108272552e-03
6.300000000000000000e+01 -4.335774108767509460e-03
6.400000000000000000e+01 -3.852205583825707436e-03
6.500000000000000000e+01 -3.530700458213686943e-03
6.600000000000000000e+01 -3.333544591441750526e-03
6.700000000000000000e+01 -2.156639704480767250e-03
6.800000000000000000e+01 -1.096755033358931541e-03
6.900000000000000000e+01 8.752387657295912504e-05
7.000000000000000000e+01 1.068710233084857464e-03
7.100000000000000000e+01 2.246395451948046684e-03
7.200000000000000000e+01 3.106030635535717010e-03
7.300000000000000000e+01 3.687534481287002563e-03
7.400000000000000000e+01 4.655240103602409363e-03
7.500000000000000000e+01 5.864644888788461685e-03
7.600000000000000000e+01 7.368120364844799042e-03
7.700000000000000000e+01 8.651100099086761475e-03
7.800000000000000000e+01 1.008488703519105911e-02
7.900000000000000000e+01 1.123293954879045486e-02
8.000000000000000000e+01 1.224288251250982285e-02
8.100000000000000000e+01 1.316059939563274384e-02
8.200000000000000000e+01 1.367841195315122604e-02
8.300000000000000000e+01 1.426026225090026855e-02
8.400000000000000000e+01 1.486291922628879547e-02
8.500000000000000000e+01 1.560494396835565567e-02
8.600000000000000000e+01 1.690590195357799530e-02
8.700000000000000000e+01 1.725121401250362396e-02
8.800000000000000000e+01 1.767385564744472504e-02
8.900000000000000000e+01 1.792536489665508270e-02
9.000000000000000000e+01 1.758273318409919739e-02
9.100000000000000000e+01 1.806585490703582764e-02
9.200000000000000000e+01 1.850113086402416229e-02
9.300000000000000000e+01 1.913408376276493073e-02
9.400000000000000000e+01 2.003823779523372650e-02
9.500000000000000000e+01 2.134942263364791870e-02
9.600000000000000000e+01 2.349594421684741974e-02
9.700000000000000000e+01 2.356367558240890503e-02
9.800000000000000000e+01 2.337340079247951508e-02
9.900000000000000000e+01 2.619186975061893463e-02
