1.000000000000000000e+00 1.000000000000000000e+00
2.000000000000000000e+00 9.043956995010375977e-01
3.000000000000000000e+00 8.383305668830871582e-01
4.000000000000000000e+00 7.801061868667602539e-01
5.000000000000000000e+00 7.253178358078002930e-01
6.000000000000000000e+00 6.720766425132751465e-01
7.000000000000000000e+00 6.193414330482482910e-01
8.000000000000000000e+00 5.667242407798767090e-01
9.000000000000000000e+00 5.141787528991699219e-01
1.000000000000000000e+01 4.613784849643707275e-01
1.100000000000000000e+01 4.087253808975219727e-01
1.200000000000000000e+01 3.566271960735321045e-01
1.300000000000000000e+01 3.053270578384399414e-01
1.400000000000000000e+01 2.548922002315521240e-01
1.500000000000000000e+01 2.055489420890808105e-01
1.600000000000000000e+01 1.576749384403228760e-01
1.700000000000000000e+01 1.112253144383430481e-01
1.800000000000000000e+01 6.671757996082305908e-02
1.900000000000000000e+01 2.419243380427360535e-02
2.000000000000000000e+01 -1.601090095937252045e-02
2.100000000000000000e+01 -5.397095158696174622e-02
2.200000000000000000e+01 -8.934940397739410400e-02
2.300000000000000000e+01 -1.210451871156692505e-01
2.400000000000000000e+01 -1.482019871473312378e-01
2.500000000000000000e+01 -1.693050712347030640e-01
2.600000000000000000e+01 -1.842957139015197754e-01
2.700000000000000000e+01 -1.928210407495498657e-01
2.800000000000000000e+01 -1.960003525018692017e-01
2.900000000000000000e+01 -1.961533874273300171e-01
3.000000000000000000e+01 -1.938668638467788696e-01
3.100000000000000000e+01 -1.898337304592132568e-01
3.200000000000000000e+01 -1.848926246166229248e-01
3.300000000000000000e+01 -1.786430031061172485e-01
3.400000000000000000e+01 -1.713539510965347290e-01
3.500000000000000000e+01 -1.636093556880950928e-01
3.600000000000000000e+01 -1.552251875400543213e-01
3.700000000000000000e+01 -1.465199440717697144e-01
3.800000000000000000e+01 -1.373801976442337036e-01
3.900000000000000000e+01 -1.277059912681579590e-01
4.000000000000000000e+01 -1.175652667880058289e-01
4.100000000000000000e+01 -1.068528667092323303e-01
4.200000000000000000e+01 -9.609710425138473511e-02
4.300000000000000000e+01 -8.510280400514602661e-02
4.400000000000000000e+01 -7.381112873554229736e-02
4.500000000000000000e+01 -6.208417937159538269e-02
4.600000000000000000e+01 -5.016916990280151367e-02
4.700000000000000000e+01 -3.857158496975898743e-02
4.800000000000000000e+01 -2.686914987862110138e-02
4.900000000000000000e+01 -1.601915992796421051e-02
5.000000000000000000e+01 -6.141306366771459579e-03
5.100000000000000000e+01 -7.224460132420063019e-03
5.200000000000000000e+01 -7.763066794723272324e-03
5.300000000000000000e+01 -8.033683523535728455e-03
5.400000000000000000e+01 -8.331893011927604675e-03
5.500000000000000000e+01 -8.588438853621482849e-03
5.600000000000000000e+01 -8.680076338350772858e-03
5.700000000000000000e+01 -8.262606337666511536e-03
5.800000000000000000e+01 -7.897557690739631653e-03
5.900000000000000000e+01 -7.104318588972091675e-03
6.000000000000000000e+01 -6.979973521083593369e-03
6.100000000000000000e+01 -7.177378982305526733e-03
6.200000000000000000e+01 -7.134106941521167755e-03
6.300000000000000000e+01 -6.680875550955533981e-03
6.400000000000000000e+01 -6.490018218755722046e-03
6.500000000000000000e+01 -6.058139260858297348e-03
6.600000000000000000e+01 -5.576283205300569534e-03
6.700000000000000000e+01 -4.952361341565847397e-03
6.800000000000000000e+01 -4.420623648911714554e-03
6.900000000000000000e+01 -3.935599233955144882e-03
7.000000000000000000e+01 -3.402470843866467476e-03
7.100000000000000000e+01 -2.899885410442948341e-03
7.200000000000000000e+01 -1.868288847617805004e-03
7.300000000000000000e+01 -1.023183693177998066e-03
7.400000000000000000e+01 6.563658826053142548e-04
7.500000000000000000e+01 1.957121537998318672e-03
7.600000000000000000e+01 3.719444386661052704e-03
7.700000000000000000e+01 4.776205401867628098e-03
7.800000000000000000e+01 6.019065156579017639e-03
7.900000000000000000e+01 7.122103124856948853e-03
8.000000000000000000e+01 8.725889958441257477e-03
8.100000000000000000e+01 1.009634044021368027e-02
8.200000000000000000e+01 1.150325126945972443e-02
8.300000000000000000e+01 1.178831886500120163e-02
8.400000000000000000e+01 1.237439177930355072e-02
8.500000000000000000e+01 1.280839554965496063e-02
8.600000000000000000e+01 1.387326885014772415e-02
8.700000000000000000e+01 1.493754889816045761e-02
8.800000000000000000e+01 1.513108052313327789e-02
8.900000000000000000e+01 1.578155532479286194e-02
9.000000000000000000e+01 1.615895144641399384e-02
9.100000000000000000e+01 1.626660116016864777e-02
9.200000000000000000e+01 1.642479561269283295e-02
9.300000000000000000e+01 1.754052937030792236e-02
9.400000000000000000e+01 1.770017854869365692e-02
9.500000000000000000e+01 1.856372877955436707e-02
9.600000000000000000e+01 1.863985694944858551e-02
9.700000000000000000e+01 1.735427044332027435e-02
9.800000000000000000e+01 1.961744762957096100e-02
9.900000000000000000e+01 1.739601418375968933e-02
