1.000000000000000000e+00 1.000000000000000000e+00
2.000000000000000000e+00 8.974821567535400391e-01
3.000000000000000000e+00 8.261244893074035645e-01
4.000000000000000000e+00 7.635925412178039551e-01
5.000000000000000000e+00 7.052500247955322266e-01
6.000000000000000000e+00 6.487011909484863281e-01
7.000000000000000000e+00 5.928573012351989746e-01
8.000000000000000000e+00 5.376908779144287109e-01
9.000000000000000000e+00 4.827591478824615479e-01
1.000000000000000000e+01 4.282175004482269287e-01
1.100000000000000000e+01 3.746350407600402832e-01
1.200000000000000000e+01 3.217418193817138672e-01
1.300000000000000000e+01 2.701333165168762207e-01
1.400000000000000000e+01 2.196649461984634399e-01
1.500000000000000000e+01 1.707807928323745728e-01
1.600000000000000000e+01 1.235564798116683960e-01
1.700000000000000000e+01 7.855740189552307129e-02
1.800000000000000000e+01 3.606230020523071289e-02
1.900000000000000000e+01 -3.975504543632268906e-03
2.000000000000000000e+01 -4.164464771747589111e-02
2.100000000000000000e+01 -7.654024660587310791e-02
2.200000000000000000e+01 -1.085433810949325562e-01
2.300000000000000000e+01 -1.369373500347137451e-01
2.400000000000000000e+01 -1.608216166496276855e-01
2.500000000000000000e+01 -1.790816038846969604e-01
2.600000000000000000e+01 -1.912691444158554077e-01
2.700000000000000000e+01 -1.971960067749023438e-01
2.800000000000000000e+01 -1.991000622510910034e-01
2.900000000000000000e+01 -1.973581016063690186e-01
3.000000000000000000e+01 -1.932066828012466431e-01
3.100000000000000000e+01 -1.878404319286346436e-01
3.200000000000000000e+01 -1.816707998514175415e-01
3.300000000000000000e+01 -1.747021228075027466e-01
3.400000000000000000e+01 -1.667240709066390991e-01
3.500000000000000000e+01 -1.580809205770492554e-01
3.600000000000000000e+01 -1.490184813737869263e-01
3.700000000000000000e+01 -1.400408744812011719e-01
3.800000000000000000e+01 -1.307507455348968506e-01
3.900000000000000000e+01 -1.212151423096656799e-01
4.000000000000000000e+01 -1.109047234058380127e-01
4.100000000000000000e+01 -1.006874144077301025e-01
4.200000000000000000e+01 -8.968676626682281494e-02
4.300000000000000000e+01 -7.881835103034973145e-02
4.400000000000000000e+01 -6.787056475877761841e-02
4.500000000000000000e+01 -5.671498179435729980e-02
4.600000000000000000e+01 -4.558425396680831909e-02
4.700000000000000000e+01 -3.413109108805656433e-02
4.800000000000000000e+01 -2.350699715316295624e-02
4.900000000000000000e+01 -1.339958235621452332e-02
5.000000000000000000e+01 -3.865277161821722984e-03
5.100000000000000000e+01 -4.015908576548099518e-03
5.200000000000000000e+01 -5.080508999526500702e-03
5.300000000000000000e+01 -5.776000209152698517e-03
5.400000000000000000e+01 -6.497588008642196655e-03
5.500000000000000000e+01 -7.022609934210777283e-03
5.600000000000000000e+01 -7.313281763345003128e-03
5.700000000000000000e+01 -7.187665905803442001e-03
5.800000000000000000e+01 -7.214140612632036209e-03
5.900000000000000000e+01 -6.968409754335880280e-03
6.000000000000000000e+01 -6.951753050088882446e-03
6.100000000000000000e+01 -6.673161406069993973e-03
6.200000000000000000e+01 -6.232785526663064957e-03
6.300000000000000000e+01 -5.707683507353067398e-03
6.400000000000000000e+01 -5.171165335923433304e-03
6.500000000000000000e+01 -4.737200681120157242e-03
6.600000000000000000e+01 -3.887644503265619278e-03
6.700000000000000000e+01 -3.307075705379247665e-03
6.800000000000000000e+01 -2.501301467418670654e-03
6.900000000000000000e+01 -1.257085474207997322e-03
7.000000000000000000e+01 2.247562661068513989e-04
7.100000000000000000e+01 1.400299719534814358e-03
7.200000000000000000e+01 2.732294378802180290e-03
7.300000000000000000e+01 3.931433428078889847e-03
7.400000000000000000e+01 5.458922591060400009e-03
7.500000000000000000e+01 6.439030636101961136e-03
7.600000000000000000e+01 7.855474017560482025e-03
7.700000000000000000e+01 9.287059307098388672e-03
7.800000000000000000e+01 1.047142967581748962e-02
7.900000000000000000e+01 1.201462931931018829e-02
8.000000000000000000e+01 1.343684270977973938e-02
8.100000000000000000e+01 1.459141168743371964e-02
8.200000000000000000e+01 1.446519605815410614e-02
8.300000000000000000e+01 1.446770131587982178e-02
8.400000000000000000e+01 1.450412813574075699e-02
8.500000000000000000e+01 1.419297885149717331e-02
8.600000000000000000e+01 1.421591080725193024e-02
8.700000000000000000e+01 1.416918914765119553e-02
8.800000000000000000e+01 1.450900733470916748e-02
8.900000000000000000e+01 1.473561394959688187e-02
9.000000000000000000e+01 1.485701929777860641e-02
9.100000000000000000e+01 1.400355063378810883e-02
9.200000000000000000e+01 1.292047090828418732e-02
9.300000000000000000e+01 1.120071019977331161e-02
9.400000000000000000e+01 1.010134909301996231e-02
9.500000000000000000e+01 8.888876996934413910e-03
9.600000000000000000e+01 6.568963173776865005e-03
9.700000000000000000e+01 6.106950808316469193e-03
9.800000000000000000e+01 5.893864668905735016e-03
9.900000000000000000e+01 1.979010179638862610e-03
