1.000000000000000000e+00 1.000000000000000000e+00
2.000000000000000000e+00 8.966051340103149414e-01
3.000000000000000000e+00 8.243150711059570312e-01
4.000000000000000000e+00 7.613425850868225098e-01
5.000000000000000000e+00 7.025440931320190430e-01
6.000000000000000000e+00 6.456111073493957520e-01
7.000000000000000000e+00 5.896415710449218750e-01
8.000000000000000000e+00 5.344004034996032715e-01
9.000000000000000000e+00 4.795638322830200195e-01
1.000000000000000000e+01 4.254644513130187988e-01
1.100000000000000000e+01 3.719286024570465088e-01
1.200000000000000000e+01 3.192610144615173340e-01
1.300000000000000000e+01 2.674716114997863770e-01
1.400000000000000000e+01 2.174125015735626221e-01
1.500000000000000000e+01 1.684438586235046387e-01
1.600000000000000000e+01 1.211814582347869873e-01
1.700000000000000000e+01 7.586604356765747070e-02
1.800000000000000000e+01 3.305401653051376343e-02
1.900000000000000000e+01 -7.301062345504760742e-03
2.000000000000000000e+01 -4.490834847092628479e-02
2.100000000000000000e+01 -7.968143373727798462e-02
2.200000000000000000e+01 -1.109515205025672913e-01
2.300000000000000000e+01 -1.387765854597091675e-01
2.400000000000000000e+01 -1.630466580390930176e-01
2.500000000000000000e+01 -1.819576770067214966e-01
2.600000000000000000e+01 -1.940954923629760742e-01
2.700000000000000000e+01 -2.003684490919113159e-01
2.800000000000000000e+01 -2.016305625438690186e-01
2.900000000000000000e+01 -1.997670829296112061e-01
3.000000000000000000e+01 -1.959975361824035645e-01
3.100000000000000000e+01 -1.902529597282409668e-01
3.200000000000000000e+01 -1.833864897489547729e-01
3.300000000000000000e+01 -1.755059957504272461e-01
3.400000000000000000e+01 -1.672404408454895020e-01
3.500000000000000000e+01 -1.585285365581512451e-01
3.600000000000000000e+01 -1.492094993591308594e-01
3.700000000000000000e+01 -1.396325081586837769e-01
3.800000000000000000e+01 -1.302238106727600098e-01
3.900000000000000000e+01 -1.201839968562126160e-01
4.000000000000000000e+01 -1.098880767822265625e-01
4.100000000000000000e+01 -9.906808286905288696e-02
4.200000000000000000e+01 -8.823530375957489014e-02
4.300000000000000000e+01 -7.753597944974899292e-02
4.400000000000000000e+01 -6.639108806848526001e-02
4.500000000000000000e+01 -5.517128854990005493e-02
4.600000000000000000e+01 -4.432536661624908447e-02
4.700000000000000000e+01 -3.319575265049934387e-02
4.800000000000000000e+01 -2.263525687158107758e-02
4.900000000000000000e+01 -1.248640567064285278e-02
5.000000000000000000e+01 -3.742571221664547920e-03
5.100000000000000000e+01 -4.311028867959976196e-03
5.200000000000000000e+01 -4.631586372852325439e-03
5.300000000000000000e+01 -5.200150422751903534e-03
5.400000000000000000e+01 -5.877584218978881836e-03
5.500000000000000000e+01 -6.263114511966705322e-03
5.600000000000000000e+01 -6.460749544203281403e-03
5.700000000000000000e+01 -6.216974928975105286e-03
5.800000000000000000e+01 -6.073439959436655045e-03
5.900000000000000000e+01 -5.777255166321992874e-03
6.000000000000000000e+01 -5.765376146882772446e-03
6.100000000000000000e+01 -5.056545604020357132e-03
6.200000000000000000e+01 -4.681788384914398193e-03
6.300000000000000000e+01 -4.315574653446674347e-03
6.400000000000000000e+01 -3.561419202014803886e-03
6.500000000000000000e+01 -2.921612001955509186e-03
6.600000000000000000e+01 -2.374842762947082520e-03
6.700000000000000000e+01 -1.404855400323867798e-03
6.800000000000000000e+01 -6.359436665661633015e-04
6.900000000000000000e+01 8.316861203638836741e-05
7.000000000000000000e+01 5.709335673600435257e-04
7.100000000000000000e+01 1.817746437154710293e-03
7.200000000000000000e+01 3.428515512496232986e-03
7.300000000000000000e+01 4.492420237511396408e-03
7.400000000000000000e+01 5.126215051859617233e-03
7.500000000000000000e+01 5.398491863161325455e-03
7.600000000000000000e+01 6.430278066545724869e-03
7.700000000000000000e+01 7.384454365819692612e-03
7.800000000000000000e+01 8.579279296100139618e-03
7.900000000000000000e+01 9.716507978737354279e-03
8.000000000000000000e+01 1.023769006133079529e-02
8.100000000000000000e+01 1.138511952012777328e-02
8.200000000000000000e+01 1.203922182321548462e-02
8.300000000000000000e+01 1.255311165004968643e-02
8.400000000000000000e+01 1.329031120985746384e-02
8.500000000000000000e+01 1.401167828589677811e-02
8.600000000000000000e+01 1.478203572332859039e-02
8.700000000000000000e+01 1.536142826080322266e-02
8.800000000000000000e+01 1.661519147455692291e-02
8.900000000000000000e+01 1.722730509936809540e-02
9.000000000000000000e+01 1.732903160154819489e-02
9.100000000000000000e+01 1.834345422685146332e-02
9.200000000000000000e+01 1.752134598791599274e-02
9.300000000000000000e+01 1.646338589489459991e-02
9.400000000000000000e+01 1.573474518954753876e-02
9.500000000000000000e+01 1.471479330211877823e-02
9.600000000000000000e+01 1.397731713950634003e-02
9.700000000000000000e+01 1.132864411920309067e-02
9.800000000000000000e+01 7.847155444324016571e-03
9.900000000000000000e+01 5.316336173564195633e-03
