1.000000000000000000e+00 1.000000000000000000e+00
2.000000000000000000e+00 9.025122523307800293e-01
3.000000000000000000e+00 8.352844119071960449e-01
4.000000000000000000e+00 7.764371633529663086e-01
5.000000000000000000e+00 7.209895849227905273e-01
6.000000000000000000e+00 6.671228408813476562e-01
7.000000000000000000e+00 6.134155988693237305e-01
8.000000000000000000e+00 5.600010752677917480e-01
9.000000000000000000e+00 5.065389275550842285e-01
1.000000000000000000e+01 4.531849920749664307e-01
1.100000000000000000e+01 4.003815054893493652e-01
1.200000000000000000e+01 3.480617105960845947e-01
1.300000000000000000e+01 2.966695725917816162e-01
1.400000000000000000e+01 2.461663335561752319e-01
1.500000000000000000e+01 1.968505233526229858e-01
1.600000000000000000e+01 1.489708870649337769e-01
1.700000000000000000e+01 1.027227938175201416e-01
1.800000000000000000e+01 5.868536978960037231e-02
1.900000000000000000e+01 1.663629151880741119e-02
2.000000000000000000e+01 -2.288724295794963837e-02
2.100000000000000000e+01 -6.009894981980323792e-02
2.200000000000000000e+01 -9.458006173372268677e-02
2.300000000000000000e+01 -1.255246251821517944e-01
2.400000000000000000e+01 -1.521654129028320312e-01
2.500000000000000000e+01 -1.730968803167343140e-01
2.600000000000000000e+01 -1.872086226940155029e-01
2.700000000000000000e+01 -1.949042230844497681e-01
2.800000000000000000e+01 -1.979428380727767944e-01
2.900000000000000000e+01 -1.975746899843215942e-01
3.000000000000000000e+01 -1.949786394834518433e-01
3.100000000000000000e+01 -1.905710399150848389e-01
3.200000000000000000e+01 -1.852871775627136230e-01
3.300000000000000000e+01 -1.789154708385467529e-01
3.400000000000000000e+01 -1.716951131820678711e-01
3.500000000000000000e+01 -1.635547578334808350e-01
3.600000000000000000e+01 -1.551483720541000366e-01
3.700000000000000000e+01 -1.460605114698410034e-01
3.800000000000000000e+01 -1.367070376873016357e-01
3.900000000000000000e+01 -1.268843710422515869e-01
4.000000000000000000e+01 -1.164174973964691162e-01
4.100000000000000000e+01 -1.055848672986030579e-01
4.200000000000000000e+01 -9.476481378078460693e-02
4.300000000000000000e+01 -8.372991532087326050e-02
4.400000000000000000e+01 -7.228410243988037109e-02
4.500000000000000000e+01 -6.081914901733398438e-02
4.600000000000000000e+01 -4.940215498208999634e-02
4.700000000000000000e+01 -3.780063986778259277e-02
4.800000000000000000e+01 -2.635631710290908813e-02
4.900000000000000000e+01 -1.564107835292816162e-02
5.000000000000000000e+01 -6.202807184308767319e-03
5.100000000000000000e+01 -7.243945728987455368e-03
5.200000000000000000e+01 -7.548160385340452194e-03
5.300000000000000000e+01 -8.075721561908721924e-03
5.400000000000000000e+01 -8.721024729311466217e-03
5.500000000000000000e+01 -9.018469601869583130e-03
5.600000000000000000e+01 -9.158450178802013397e-03
5.700000000000000000e+01 -9.180346503853797913e-03
5.800000000000000000e+01 -9.081060998141765594e-03
5.900000000000000000e+01 -8.865838870406150818e-03
6.000000000000000000e+01 -8.702356368303298950e-03
6.100000000000000000e+01 -8.139426819980144501e-03
6.200000000000000000e+01 -7.356790825724601746e-03
6.300000000000000000e+01 -6.489677820354700089e-03
6.400000000000000000e+01 -5.694994237273931503e-03
6.500000000000000000e+01 -4.739455413073301315e-03
6.600000000000000000e+01 -4.020437132567167282e-03
6.700000000000000000e+01 -3.474215744063258171e-03
6.800000000000000000e+01 -2.789720427244901657e-03
6.900000000000000000e+01 -1.570349792018532753e-03
7.000000000000000000e+01 -3.706451389007270336e-04
7.100000000000000000e+01 7.955663022585213184e-04
7.200000000000000000e+01 2.490321407094597816e-03
7.300000000000000000e+01 3.874707268550992012e-03
7.400000000000000000e+01 5.033249966800212860e-03
7.500000000000000000e+01 6.282750051468610764e-03
7.600000000000000000e+01 7.754529360681772232e-03
7.700000000000000000e+01 8.898794651031494141e-03
7.800000000000000000e+01 9.386455640196800232e-03
7.900000000000000000e+01 1.010045409202575684e-02
8.000000000000000000e+01 1.103402115404605865e-02
8.100000000000000000e+01 1.193054858595132828e-02
8.200000000000000000e+01 1.313982903957366943e-02
8.300000000000000000e+01 1.400323864072561264e-02
8.400000000000000000e+01 1.532776094973087311e-02
8.500000000000000000e+01 1.611221767961978912e-02
8.600000000000000000e+01 1.677389070391654968e-02
8.700000000000000000e+01 1.800523512065410614e-02
8.800000000000000000e+01 1.873352751135826111e-02
8.900000000000000000e+01 1.923338137567043304e-02
9.000000000000000000e+01 1.893445663154125214e-02
9.100000000000000000e+01 1.992513984441757202e-02
9.200000000000000000e+01 2.072426304221153259e-02
9.300000000000000000e+01 2.114086411893367767e-02
9.400000000000000000e+01 2.319516800343990326e-02
9.500000000000000000e+01 2.482635155320167542e-02
9.600000000000000000e+01 2.395740523934364319e-02
9.700000000000000000e+01 2.312068641185760498e-02
9.800000000000000000e+01 2.292492240667343140e-02
9.900000000000000000e+01 2.182398736476898193e-02
