1.000000000000000000e+00 1.000000000000000000e+00
2.000000000000000000e+00 8.982447385787963867e-01
3.000000000000000000e+00 8.274948596954345703e-01
4.000000000000000000e+00 7.650716304779052734e-01
5.000000000000000000e+00 7.068378329277038574e-01
6.000000000000000000e+00 6.505604386329650879e-01
7.000000000000000000e+00 5.950754880905151367e-01
8.000000000000000000e+00 5.397456288337707520e-01
9.000000000000000000e+00 4.848741888999938965e-01
1.000000000000000000e+01 4.307386577129364014e-01
1.100000000000000000e+01 3.772540688514709473e-01
1.200000000000000000e+01 3.246927261352539062e-01
1.300000000000000000e+01 2.729144096374511719e-01
1.400000000000000000e+01 2.224934995174407959e-01
1.500000000000000000e+01 1.735875159502029419e-01
1.600000000000000000e+01 1.262722313404083252e-01
1.700000000000000000e+01 8.102541416883468628e-02
1.800000000000000000e+01 3.819957748055458069e-02
1.900000000000000000e+01 -2.201485913246870041e-03
2.000000000000000000e+01 -4.036088660359382629e-02
2.100000000000000000e+01 -7.529462128877639771e-02
2.200000000000000000e+01 -1.077351272106170654e-01
2.300000000000000000e+01 -1.364717781543731689e-01
2.400000000000000000e+01 -1.605506092309951782e-01
2.500000000000000000e+01 -1.792916357517242432e-01
2.600000000000000000e+01 -1.912444382905960083e-01
2.700000000000000000e+01 -1.973723322153091431e-01
2.800000000000000000e+01 -1.991517245769500732e-01
2.900000000000000000e+01 -1.976183801889419556e-01
3.000000000000000000e+01 -1.941241919994354248e-01
3.100000000000000000e+01 -1.887729167938232422e-01
3.200000000000000000e+01 -1.823784112930297852e-01
3.300000000000000000e+01 -1.751286089420318604e-01
3.400000000000000000e+01 -1.675092428922653198e-01
3.500000000000000000e+01 -1.590000838041305542e-01
3.600000000000000000e+01 -1.500480473041534424e-01
3.700000000000000000e+01 -1.404922157526016235e-01
3.800000000000000000e+01 -1.310374587774276733e-01
3.900000000000000000e+01 -1.211052909493446350e-01
4.000000000000000000e+01 -1.109397560358047485e-01
4.100000000000000000e+01 -1.006781235337257385e-01
4.200000000000000000e+01 -8.976150304079055786e-02
4.300000000000000000e+01 -7.909329235553741455e-02
4.400000000000000000e+01 -6.811740249395370483e-02
4.500000000000000000e+01 -5.705045536160469055e-02
4.600000000000000000e+01 -4.602852091193199158e-02
4.700000000000000000e+01 -3.535403683781623840e-02
4.800000000000000000e+01 -2.461528405547142029e-02
4.900000000000000000e+01 -1.490231230854988098e-02
5.000000000000000000e+01 -5.733958911150693893e-03
5.100000000000000000e+01 -6.464952602982521057e-03
5.200000000000000000e+01 -7.243208121508359909e-03
5.300000000000000000e+01 -7.449379190802574158e-03
5.400000000000000000e+01 -7.391030434519052505e-03
5.500000000000000000e+01 -7.015926297754049301e-03
5.600000000000000000e+01 -6.676116026937961578e-03
5.700000000000000000e+01 -6.335478276014328003e-03
5.800000000000000000e+01 -5.812996067106723785e-03
5.900000000000000000e+01 -4.934045020490884781e-03
6.000000000000000000e+01 -4.446370061486959457e-03
6.100000000000000000e+01 -3.666982520371675491e-03
6.200000000000000000e+01 -2.660296857357025146e-03
6.300000000000000000e+01 -1.480762730352580547e-03
6.400000000000000000e+01 -4.342751053627580404e-04
6.500000000000000000e+01 6.433010566979646683e-04
6.600000000000000000e+01 2.223329385742545128e-03
6.700000000000000000e+01 3.558035707101225853e-03
6.800000000000000000e+01 4.696024116128683090e-03
6.900000000000000000e+01 6.085454951971769333e-03
7.000000000000000000e+01 7.358747534453868866e-03
7.100000000000000000e+01 8.645375259220600128e-03
7.200000000000000000e+01 9.959278628230094910e-03
7.300000000000000000e+01 1.121969707310199738e-02
7.400000000000000000e+01 1.215466577559709549e-02
7.500000000000000000e+01 1.308660022914409637e-02
7.600000000000000000e+01 1.402033213526010513e-02
7.700000000000000000e+01 1.482091378420591354e-02
7.800000000000000000e+01 1.527169533073902130e-02
7.900000000000000000e+01 1.538792625069618225e-02
8.000000000000000000e+01 1.613174751400947571e-02
8.100000000000000000e+01 1.670164614915847778e-02
8.200000000000000000e+01 1.651993021368980408e-02
8.300000000000000000e+01 1.607523299753665924e-02
8.400000000000000000e+01 1.572857983410358429e-02
8.500000000000000000e+01 1.615968346595764160e-02
8.600000000000000000e+01 1.594328880310058594e-02
8.700000000000000000e+01 1.526792813092470169e-02
8.800000000000000000e+01 1.374483481049537659e-02
8.900000000000000000e+01 1.265174616128206253e-02
9.000000000000000000e+01 1.156366616487503052e-02
9.100000000000000000e+01 1.075924839824438095e-02
9.200000000000000000e+01 1.001633517444133759e-02
9.300000000000000000e+01 9.227419272065162659e-03
9.400000000000000000e+01 9.314818307757377625e-03
9.500000000000000000e+01 8.766759186983108521e-03
9.600000000000000000e+01 8.437575772404670715e-03
9.700000000000000000e+01 1.111561432480812073e-02
9.800000000000000000e+01 1.240132562816143036e-02
9.900000000000000000e+01 8.723844774067401886e-03
