1.000000000000000000e+00 1.000000000000000000e+00
2.000000000000000000e+00 9.039564728736877441e-01
3.000000000000000000e+00 8.376274704933166504e-01
4.000000000000000000e+00 7.796118855476379395e-01
5.000000000000000000e+00 7.250124812126159668e-01
6.000000000000000000e+00 6.719444990158081055e-01
7.000000000000000000e+00 6.190587878227233887e-01
8.000000000000000000e+00 5.664464831352233887e-01
9.000000000000000000e+00 5.136660933494567871e-01
1.000000000000000000e+01 4.609906673431396484e-01
1.100000000000000000e+01 4.087930917739868164e-01
1.200000000000000000e+01 3.568736910820007324e-01
1.300000000000000000e+01 3.055747449398040771e-01
1.400000000000000000e+01 2.552929222583770752e-01
1.500000000000000000e+01 2.057886719703674316e-01
1.600000000000000000e+01 1.577108651399612427e-01
1.700000000000000000e+01 1.110147908329963684e-01
1.800000000000000000e+01 6.628628075122833252e-02
1.900000000000000000e+01 2.352591417729854584e-02
2.000000000000000000e+01 -1.698495820164680481e-02
2.100000000000000000e+01 -5.500650033354759216e-02
2.200000000000000000e+01 -9.023434668779373169e-02
2.300000000000000000e+01 -1.220603808760643005e-01
2.400000000000000000e+01 -1.493369787931442261e-01
2.500000000000000000e+01 -1.708974540233612061e-01
2.600000000000000000e+01 -1.854726225137710571e-01
2.700000000000000000e+01 -1.939625293016433716e-01
2.800000000000000000e+01 -1.976191848516464233e-01
2.900000000000000000e+01 -1.976295560598373413e-01
3.000000000000000000e+01 -1.950874626636505127e-01
3.100000000000000000e+01 -1.908687353134155273e-01
3.200000000000000000e+01 -1.854893565177917480e-01
3.300000000000000000e+01 -1.792774349451065063e-01
3.400000000000000000e+01 -1.722366958856582642e-01
3.500000000000000000e+01 -1.640545874834060669e-01
3.600000000000000000e+01 -1.553424447774887085e-01
3.700000000000000000e+01 -1.460936814546585083e-01
3.800000000000000000e+01 -1.365343332290649414e-01
3.900000000000000000e+01 -1.271002888679504395e-01
4.000000000000000000e+01 -1.169714927673339844e-01
4.100000000000000000e+01 -1.064850315451622009e-01
4.200000000000000000e+01 -9.567234665155410767e-02
4.300000000000000000e+01 -8.416645973920822144e-02
4.400000000000000000e+01 -7.237909734249114990e-02
4.500000000000000000e+01 -6.050076708197593689e-02
4.600000000000000000e+01 -4.838479682803153992e-02
4.700000000000000000e+01 -3.673277795314788818e-02
4.800000000000000000e+01 -2.529645152390003204e-02
4.900000000000000000e+01 -1.450771279633045197e-02
5.000000000000000000e+01 -4.788207355886697769e-03
5.100000000000000000e+01 -5.343032535165548325e-03
5.200000000000000000e+01 -5.475263576954603195e-03
5.300000000000000000e+01 -5.545869935303926468e-03
5.400000000000000000e+01 -6.021436769515275955e-03
5.500000000000000000e+01 -6.439888384193181992e-03
5.600000000000000000e+01 -6.669519003480672836e-03
5.700000000000000000e+01 -6.361552514135837555e-03
5.800000000000000000e+01 -6.154377479106187820e-03
5.900000000000000000e+01 -6.399835459887981415e-03
6.000000000000000000e+01 -6.177250761538743973e-03
6.100000000000000000e+01 -5.923158954828977585e-03
6.200000000000000000e+01 -5.440550856292247772e-03
6.300000000000000000e+01 -4.746934864670038223e-03
6.400000000000000000e+01 -4.155062139034271240e-03
6.500000000000000000e+01 -3.853476839140057564e-03
6.600000000000000000e+01 -3.677263157442212105e-03
6.700000000000000000e+01 -3.880884265527129173e-03
6.800000000000000000e+01 -4.177294205874204636e-03
6.900000000000000000e+01 -4.000834189355373383e-03
7.000000000000000000e+01 -3.401816356927156448e-03
7.100000000000000000e+01 -2.966837957501411438e-03
7.200000000000000000e+01 -2.581771928817033768e-03
7.300000000000000000e+01 -1.674581784754991531e-03
7.400000000000000000e+01 -7.775548729114234447e-04
7.500000000000000000e+01 -4.987018473912030458e-05
7.600000000000000000e+01 1.378959976136684418e-03
7.700000000000000000e+01 2.776135224848985672e-03
7.800000000000000000e+01 4.073546733707189560e-03
7.900000000000000000e+01 4.794023465365171432e-03
8.000000000000000000e+01 6.047369446605443954e-03
8.100000000000000000e+01 7.403444033116102219e-03
8.200000000000000000e+01 9.101637639105319977e-03
8.300000000000000000e+01 1.083542220294475555e-02
8.400000000000000000e+01 1.204138807952404022e-02
8.500000000000000000e+01 1.314624864608049393e-02
8.600000000000000000e+01 1.374843809753656387e-02
8.700000000000000000e+01 1.454427745193243027e-02
8.800000000000000000e+01 1.499873772263526917e-02
8.900000000000000000e+01 1.502850372344255447e-02
9.000000000000000000e+01 1.638366468250751495e-02
9.100000000000000000e+01 1.714188233017921448e-02
9.200000000000000000e+01 1.823604479432106018e-02
9.300000000000000000e+01 1.802376098930835724e-02
9.400000000000000000e+01 1.760286092758178711e-02
9.500000000000000000e+01 1.822520419955253601e-02
9.600000000000000000e+01 1.860252954065799713e-02
9.700000000000000000e+01 1.973252557218074799e-02
9.800000000000000000e+01 2.042362280189990997e-02
9.900000000000000000e+01 1.733344607055187225e-02
