1.000000000000000000e+00 1.000000000000000000e+00
2.000000000000000000e+00 9.015514254570007324e-01
3.000000000000000000e+00 8.334057927131652832e-01
4.000000000000000000e+00 7.731262445449829102e-01
5.000000000000000000e+00 7.168371081352233887e-01
6.000000000000000000e+00 6.621304750442504883e-01
7.000000000000000000e+00 6.079573035240173340e-01
8.000000000000000000e+00 5.541712641716003418e-01
9.000000000000000000e+00 5.004716515541076660e-01
1.000000000000000000e+01 4.468714892864227295e-01
1.100000000000000000e+01 3.935827910900115967e-01
1.200000000000000000e+01 3.409523367881774902e-01
1.300000000000000000e+01 2.891027629375457764e-01
1.400000000000000000e+01 2.384957969188690186e-01
1.500000000000000000e+01 1.890993416309356689e-01
1.600000000000000000e+01 1.411581635475158691e-01
1.700000000000000000e+01 9.502649307250976562e-02
1.800000000000000000e+01 5.100041627883911133e-02
1.900000000000000000e+01 9.153054095804691315e-03
2.000000000000000000e+01 -3.047070652246475220e-02
2.100000000000000000e+01 -6.730341911315917969e-02
2.200000000000000000e+01 -1.013802513480186462e-01
2.300000000000000000e+01 -1.318097710609436035e-01
2.400000000000000000e+01 -1.580547839403152466e-01
2.500000000000000000e+01 -1.782972514629364014e-01
2.600000000000000000e+01 -1.919244676828384399e-01
2.700000000000000000e+01 -1.993623673915863037e-01
2.800000000000000000e+01 -2.020321339368820190e-01
2.900000000000000000e+01 -2.016388028860092163e-01
3.000000000000000000e+01 -1.986344903707504272e-01
3.100000000000000000e+01 -1.939331293106079102e-01
3.200000000000000000e+01 -1.879522204399108887e-01
3.300000000000000000e+01 -1.811664849519729614e-01
3.400000000000000000e+01 -1.734944134950637817e-01
3.500000000000000000e+01 -1.648787707090377808e-01
3.600000000000000000e+01 -1.562089025974273682e-01
3.700000000000000000e+01 -1.470543742179870605e-01
3.800000000000000000e+01 -1.372115164995193481e-01
3.900000000000000000e+01 -1.270170807838439941e-01
4.000000000000000000e+01 -1.162158027291297913e-01
4.100000000000000000e+01 -1.056780666112899780e-01
4.200000000000000000e+01 -9.431050717830657959e-02
4.300000000000000000e+01 -8.305160701274871826e-02
4.400000000000000000e+01 -7.127793133258819580e-02
4.500000000000000000e+01 -5.969653278589248657e-02
4.600000000000000000e+01 -4.802473634481430054e-02
4.700000000000000000e+01 -3.656916692852973938e-02
4.800000000000000000e+01 -2.536996454000473022e-02
4.900000000000000000e+01 -1.437081769108772278e-02
5.000000000000000000e+01 -4.633146803826093674e-03
5.100000000000000000e+01 -5.794246215373277664e-03
5.200000000000000000e+01 -6.100449711084365845e-03
5.300000000000000000e+01 -6.388293113559484482e-03
5.400000000000000000e+01 -6.312931422144174576e-03
5.500000000000000000e+01 -6.274708546698093414e-03
5.600000000000000000e+01 -6.419543176889419556e-03
5.700000000000000000e+01 -6.501038093119859695e-03
5.800000000000000000e+01 -6.537416018545627594e-03
5.900000000000000000e+01 -6.547581404447555542e-03
6.000000000000000000e+01 -6.524173077195882797e-03
6.100000000000000000e+01 -6.340882740914821625e-03
6.200000000000000000e+01 -6.072184536606073380e-03
6.300000000000000000e+01 -5.994492210447788239e-03
6.400000000000000000e+01 -5.739731714129447937e-03
6.500000000000000000e+01 -5.562767386436462402e-03
6.600000000000000000e+01 -5.238372832536697388e-03
6.700000000000000000e+01 -5.052677355706691742e-03
6.800000000000000000e+01 -4.777126945555210114e-03
6.900000000000000000e+01 -4.246542230248451233e-03
7.000000000000000000e+01 -3.802332794293761253e-03
7.100000000000000000e+01 -3.202140098437666893e-03
7.200000000000000000e+01 -2.066762419417500496e-03
7.300000000000000000e+01 -7.461769855581223965e-04
7.400000000000000000e+01 5.572633235715329647e-04
7.500000000000000000e+01 2.370495349168777466e-03
7.600000000000000000e+01 4.093131516128778458e-03
7.700000000000000000e+01 5.620549898594617844e-03
7.800000000000000000e+01 7.022359874099493027e-03
7.900000000000000000e+01 8.250064216554164886e-03
8.000000000000000000e+01 8.792943321168422699e-03
8.100000000000000000e+01 9.058660827577114105e-03
8.200000000000000000e+01 1.022449694573879242e-02
8.300000000000000000e+01 1.169480662792921066e-02
8.400000000000000000e+01 1.288037002086639404e-02
8.500000000000000000e+01 1.431530341506004333e-02
8.600000000000000000e+01 1.550936419516801834e-02
8.700000000000000000e+01 1.701146550476551056e-02
8.800000000000000000e+01 1.804766803979873657e-02
8.900000000000000000e+01 1.861208304762840271e-02
9.000000000000000000e+01 2.012380957603454590e-02
9.100000000000000000e+01 2.145387791097164154e-02
9.200000000000000000e+01 2.229237928986549377e-02
9.300000000000000000e+01 2.425199933350086212e-02
9.400000000000000000e+01 2.476171404123306274e-02
9.500000000000000000e+01 2.469733916223049164e-02
9.600000000000000000e+01 2.427443861961364746e-02
9.700000000000000000e+01 2.391760051250457764e-02
9.800000000000000000e+01 2.294898778200149536e-02
9.900000000000000000e+01 2.814113907516002655e-02
