1.000000000000000000e+00 1.000000000000000000e+00
2.000000000000000000e+00 9.040884375572204590e-01
3.000000000000000000e+00 8.382589221000671387e-01
4.000000000000000000e+00 7.805055379867553711e-01
5.000000000000000000e+00 7.260574698448181152e-01
6.000000000000000000e+00 6.728970408439636230e-01
7.000000000000000000e+00 6.201250553131103516e-01
8.000000000000000000e+00 5.676134228706359863e-01
9.000000000000000000e+00 5.150806307792663574e-01
1.000000000000000000e+01 4.625186920166015625e-01
1.100000000000000000e+01 4.100057482719421387e-01
1.200000000000000000e+01 3.581269383430480957e-01
1.300000000000000000e+01 3.066224157810211182e-01
1.400000000000000000e+01 2.560558915138244629e-01
1.500000000000000000e+01 2.065609991550445557e-01
1.600000000000000000e+01 1.583635509014129639e-01
1.700000000000000000e+01 1.117483153939247131e-01
1.800000000000000000e+01 6.702888756990432739e-02
1.900000000000000000e+01 2.426131814718246460e-02
2.000000000000000000e+01 -1.640124060213565826e-02
2.100000000000000000e+01 -5.464848130941390991e-02
2.200000000000000000e+01 -9.007933735847473145e-02
2.300000000000000000e+01 -1.216814890503883362e-01
2.400000000000000000e+01 -1.492609530687332153e-01
2.500000000000000000e+01 -1.710194498300552368e-01
2.600000000000000000e+01 -1.861287206411361694e-01
2.700000000000000000e+01 -1.944691240787506104e-01
2.800000000000000000e+01 -1.982202082872390747e-01
2.900000000000000000e+01 -1.985657662153244019e-01
3.000000000000000000e+01 -1.961618661880493164e-01
3.100000000000000000e+01 -1.920351237058639526e-01
3.200000000000000000e+01 -1.869239360094070435e-01
3.300000000000000000e+01 -1.806858777999877930e-01
3.400000000000000000e+01 -1.735120713710784912e-01
3.500000000000000000e+01 -1.657106578350067139e-01
3.600000000000000000e+01 -1.574895679950714111e-01
3.700000000000000000e+01 -1.488032937049865723e-01
3.800000000000000000e+01 -1.391068100929260254e-01
3.900000000000000000e+01 -1.289571672677993774e-01
4.000000000000000000e+01 -1.186546161770820618e-01
4.100000000000000000e+01 -1.081131324172019958e-01
4.200000000000000000e+01 -9.719420969486236572e-02
4.300000000000000000e+01 -8.586021512746810913e-02
4.400000000000000000e+01 -7.448084652423858643e-02
4.500000000000000000e+01 -6.264971196651458740e-02
4.600000000000000000e+01 -5.086391791701316833e-02
4.700000000000000000e+01 -3.907624259591102600e-02
4.800000000000000000e+01 -2.730014920234680176e-02
4.900000000000000000e+01 -1.596449874341487885e-02
5.000000000000000000e+01 -5.634838715195655823e-03
5.100000000000000000e+01 -6.395024713128805161e-03
5.200000000000000000e+01 -6.795658264309167862e-03
5.300000000000000000e+01 -6.782725919038057327e-03
5.400000000000000000e+01 -6.969916168600320816e-03
5.500000000000000000e+01 -7.377501111477613449e-03
5.600000000000000000e+01 -7.458797655999660492e-03
5.700000000000000000e+01 -7.323883008211851120e-03
5.800000000000000000e+01 -7.168164942413568497e-03
5.900000000000000000e+01 -6.884383037686347961e-03
6.000000000000000000e+01 -6.602697540074586868e-03
6.100000000000000000e+01 -6.274935789406299591e-03
6.200000000000000000e+01 -5.757682491093873978e-03
6.300000000000000000e+01 -5.297049414366483688e-03
6.400000000000000000e+01 -4.655239637941122055e-03
6.500000000000000000e+01 -4.219712689518928528e-03
6.600000000000000000e+01 -3.938586916774511337e-03
6.700000000000000000e+01 -3.413262078538537025e-03
6.800000000000000000e+01 -2.462995704263448715e-03
6.900000000000000000e+01 -1.619554590433835983e-03
7.000000000000000000e+01 -8.764896774664521217e-04
7.100000000000000000e+01 -2.582030138000845909e-04
7.200000000000000000e+01 4.586835857480764389e-04
7.300000000000000000e+01 1.966186566278338432e-03
7.400000000000000000e+01 3.597924951463937759e-03
7.500000000000000000e+01 4.843135830014944077e-03
7.600000000000000000e+01 6.143327802419662476e-03
7.700000000000000000e+01 6.444497965276241302e-03
7.800000000000000000e+01 6.528053898364305496e-03
7.900000000000000000e+01 6.177706643939018250e-03
8.000000000000000000e+01 6.875276099890470505e-03
8.100000000000000000e+01 7.627425249665975571e-03
8.200000000000000000e+01 8.570342324674129486e-03
8.300000000000000000e+01 9.234704077243804932e-03
8.400000000000000000e+01 1.035924348980188370e-02
8.500000000000000000e+01 1.153406407684087753e-02
8.600000000000000000e+01 1.195999979972839355e-02
8.700000000000000000e+01 1.231975294649600983e-02
8.800000000000000000e+01 1.316597592085599899e-02
8.900000000000000000e+01 1.367868017405271530e-02
9.000000000000000000e+01 1.418120879679918289e-02
9.100000000000000000e+01 1.454831566661596298e-02
9.200000000000000000e+01 1.611199416220188141e-02
9.300000000000000000e+01 1.707261055707931519e-02
9.400000000000000000e+01 1.777724176645278931e-02
9.500000000000000000e+01 1.856813952326774597e-02
9.600000000000000000e+01 1.858372054994106293e-02
9.700000000000000000e+01 1.829635538160800934e-02
9.800000000000000000e+01 1.661662757396697998e-02
9.900000000000000000e+01 1.296274550259113312e-02
