1.000000000000000000e+00 1.000000000000000000e+00
2.000000000000000000e+00 9.002689123153686523e-01
3.000000000000000000e+00 8.311342000961303711e-01
4.000000000000000000e+00 7.709223031997680664e-01
5.000000000000000000e+00 7.143793702125549316e-01
6.000000000000000000e+00 6.595662236213684082e-01
7.000000000000000000e+00 6.052473187446594238e-01
8.000000000000000000e+00 5.512360334396362305e-01
9.000000000000000000e+00 4.973047673702239990e-01
1.000000000000000000e+01 4.438817203044891357e-01
1.100000000000000000e+01 3.910238444805145264e-01
1.200000000000000000e+01 3.386988341808319092e-01
1.300000000000000000e+01 2.869753539562225342e-01
1.400000000000000000e+01 2.364064306020736694e-01
1.500000000000000000e+01 1.869012117385864258e-01
1.600000000000000000e+01 1.392945200204849243e-01
1.700000000000000000e+01 9.343354403972625732e-02
1.800000000000000000e+01 4.951350763440132141e-02
1.900000000000000000e+01 8.071939460933208466e-03
2.000000000000000000e+01 -3.074148856103420258e-02
2.100000000000000000e+01 -6.703857332468032837e-02
2.200000000000000000e+01 -1.006543561816215515e-01
2.300000000000000000e+01 -1.309703439474105835e-01
2.400000000000000000e+01 -1.566905379295349121e-01
2.500000000000000000e+01 -1.768679320812225342e-01
2.600000000000000000e+01 -1.907436698675155640e-01
2.700000000000000000e+01 -1.984035670757293701e-01
2.800000000000000000e+01 -2.008749097585678101e-01
2.900000000000000000e+01 -1.999471932649612427e-01
3.000000000000000000e+01 -1.971244961023330688e-01
3.100000000000000000e+01 -1.928884387016296387e-01
3.200000000000000000e+01 -1.871959716081619263e-01
3.300000000000000000e+01 -1.803723126649856567e-01
3.400000000000000000e+01 -1.730203330516815186e-01
3.500000000000000000e+01 -1.650504171848297119e-01
3.600000000000000000e+01 -1.562959104776382446e-01
3.700000000000000000e+01 -1.472679078578948975e-01
3.800000000000000000e+01 -1.377194374799728394e-01
3.900000000000000000e+01 -1.281029433012008667e-01
4.000000000000000000e+01 -1.179632246494293213e-01
4.100000000000000000e+01 -1.074438691139221191e-01
4.200000000000000000e+01 -9.652765840291976929e-02
4.300000000000000000e+01 -8.513442426919937134e-02
4.400000000000000000e+01 -7.304091751575469971e-02
4.500000000000000000e+01 -6.121171265840530396e-02
4.600000000000000000e+01 -4.939627274870872498e-02
4.700000000000000000e+01 -3.798500448465347290e-02
4.800000000000000000e+01 -2.642286941409111023e-02
4.900000000000000000e+01 -1.595586910843849182e-02
5.000000000000000000e+01 -6.288101896643638611e-03
5.100000000000000000e+01 -6.874706596136093140e-03
5.200000000000000000e+01 -7.313114590942859650e-03
5.300000000000000000e+01 -7.854570634663105011e-03
5.400000000000000000e+01 -8.193555288016796112e-03
5.500000000000000000e+01 -8.577815257012844086e-03
5.600000000000000000e+01 -8.590864017605781555e-03
5.700000000000000000e+01 -8.435790427029132843e-03
5.800000000000000000e+01 -8.318065665662288666e-03
5.900000000000000000e+01 -8.200549520552158356e-03
6.000000000000000000e+01 -7.903732359409332275e-03
6.100000000000000000e+01 -7.667022757232189178e-03
6.200000000000000000e+01 -7.247103843837976456e-03
6.300000000000000000e+01 -6.673404481261968613e-03
6.400000000000000000e+01 -6.128274835646152496e-03
6.500000000000000000e+01 -5.635626614093780518e-03
6.600000000000000000e+01 -5.388245452195405960e-03
6.700000000000000000e+01 -4.964240826666355133e-03
6.800000000000000000e+01 -4.190490115433931351e-03
6.900000000000000000e+01 -3.229175461456179619e-03
7.000000000000000000e+01 -1.911637024022638798e-03
7.100000000000000000e+01 -7.124991388991475105e-04
7.200000000000000000e+01 2.477335219737142324e-04
7.300000000000000000e+01 2.398089040070772171e-03
7.400000000000000000e+01 4.057270474731922150e-03
7.500000000000000000e+01 5.724640563130378723e-03
7.600000000000000000e+01 7.565174717456102371e-03
7.700000000000000000e+01 9.212130680680274963e-03
7.800000000000000000e+01 1.007288135588169098e-02
7.900000000000000000e+01 1.170345954596996307e-02
8.000000000000000000e+01 1.252235192805528641e-02
8.100000000000000000e+01 1.344953756779432297e-02
8.200000000000000000e+01 1.393242273479700089e-02
8.300000000000000000e+01 1.429229322820901871e-02
8.400000000000000000e+01 1.456912141293287277e-02
8.500000000000000000e+01 1.533626299351453781e-02
8.600000000000000000e+01 1.585680618882179260e-02
8.700000000000000000e+01 1.671333052217960358e-02
8.800000000000000000e+01 1.692893542349338531e-02
8.900000000000000000e+01 1.726499199867248535e-02
9.000000000000000000e+01 1.707351766526699066e-02
9.100000000000000000e+01 1.752606406807899475e-02
9.200000000000000000e+01 1.750496588647365570e-02
9.300000000000000000e+01 1.773539930582046509e-02
9.400000000000000000e+01 1.902244612574577332e-02
9.500000000000000000e+01 1.902594231069087982e-02
9.600000000000000000e+01 1.862131431698799133e-02
9.700000000000000000e+01 2.116076461970806122e-02
9.800000000000000000e+01 2.107808925211429596e-02
9.900000000000000000e+01 2.019927836954593658e-02
