1.000000000000000000e+00 1.000000000000000000e+00
2.000000000000000000e+00 8.945332169532775879e-01
3.000000000000000000e+00 8.212327361106872559e-01
4.000000000000000000e+00 7.572907805442810059e-01
5.000000000000000000e+00 6.980218887329101562e-01
6.000000000000000000e+00 6.406368017196655273e-01
7.000000000000000000e+00 5.845034718513488770e-01
8.000000000000000000e+00 5.288503170013427734e-01
9.000000000000000000e+00 4.736248254776000977e-01
1.000000000000000000e+01 4.189495742321014404e-01
1.100000000000000000e+01 3.651652038097381592e-01
1.200000000000000000e+01 3.126008510589599609e-01
1.300000000000000000e+01 2.612683176994323730e-01
1.400000000000000000e+01 2.109840959310531616e-01
1.500000000000000000e+01 1.621739715337753296e-01
1.600000000000000000e+01 1.155273914337158203e-01
1.700000000000000000e+01 7.090736925601959229e-02
1.800000000000000000e+01 2.864758297801017761e-02
1.900000000000000000e+01 -1.073221024125814438e-02
2.000000000000000000e+01 -4.749290645122528076e-02
2.100000000000000000e+01 -8.185710757970809937e-02
2.200000000000000000e+01 -1.132281050086021423e-01
2.300000000000000000e+01 -1.405678987503051758e-01
2.400000000000000000e+01 -1.634426265954971313e-01
2.500000000000000000e+01 -1.808874607086181641e-01
2.600000000000000000e+01 -1.916305124759674072e-01
2.700000000000000000e+01 -1.967373043298721313e-01
2.800000000000000000e+01 -1.974960118532180786e-01
2.900000000000000000e+01 -1.953424215316772461e-01
3.000000000000000000e+01 -1.909978836774826050e-01
3.100000000000000000e+01 -1.847350299358367920e-01
3.200000000000000000e+01 -1.778442859649658203e-01
3.300000000000000000e+01 -1.705494672060012817e-01
3.400000000000000000e+01 -1.625163257122039795e-01
3.500000000000000000e+01 -1.543730944395065308e-01
3.600000000000000000e+01 -1.460449248552322388e-01
3.700000000000000000e+01 -1.371350288391113281e-01
3.800000000000000000e+01 -1.276444345712661743e-01
3.900000000000000000e+01 -1.179698854684829712e-01
4.000000000000000000e+01 -1.080583184957504272e-01
4.100000000000000000e+01 -9.790534526109695435e-02
4.200000000000000000e+01 -8.757261186838150024e-02
4.300000000000000000e+01 -7.712294906377792358e-02
4.400000000000000000e+01 -6.617663800716400146e-02
4.500000000000000000e+01 -5.592347681522369385e-02
4.600000000000000000e+01 -4.536657407879829407e-02
4.700000000000000000e+01 -3.483954071998596191e-02
4.800000000000000000e+01 -2.410061843693256378e-02
4.900000000000000000e+01 -1.417819503694772720e-02
5.000000000000000000e+01 -5.604022182524204254e-03
5.100000000000000000e+01 -5.998698994517326355e-03
5.200000000000000000e+01 -6.575500592589378357e-03
5.300000000000000000e+01 -7.045815233141183853e-03
5.400000000000000000e+01 -7.300863042473793030e-03
5.500000000000000000e+01 -7.561161182820796967e-03
5.600000000000000000e+01 -7.808267604559659958e-03
5.700000000000000000e+01 -7.658855523914098740e-03
5.800000000000000000e+01 -7.805279456079006195e-03
5.900000000000000000e+01 -7.326154969632625580e-03
6.000000000000000000e+01 -6.726801861077547073e-03
6.100000000000000000e+01 -6.448853295296430588e-03
6.200000000000000000e+01 -6.196768488734960556e-03
6.300000000000000000e+01 -5.483866669237613678e-03
6.400000000000000000e+01 -4.356767982244491577e-03
6.500000000000000000e+01 -3.286111867055296898e-03
6.600000000000000000e+01 -2.078022807836532593e-03
6.700000000000000000e+01 -1.146932714618742466e-03
6.800000000000000000e+01 -4.450441629160195589e-04
6.900000000000000000e+01 7.087006233632564545e-04
7.000000000000000000e+01 1.533642876893281937e-03
7.100000000000000000e+01 2.886350266635417938e-03
7.200000000000000000e+01 4.017582163214683533e-03
7.300000000000000000e+01 5.357341840863227844e-03
7.400000000000000000e+01 6.426757201552391052e-03
7.500000000000000000e+01 7.824254222214221954e-03
7.600000000000000000e+01 8.925586938858032227e-03
7.700000000000000000e+01 1.034147478640079498e-02
7.800000000000000000e+01 1.152085140347480774e-02
7.900000000000000000e+01 1.294807810336351395e-02
8.000000000000000000e+01 1.448784209787845612e-02
8.100000000000000000e+01 1.593060232698917389e-02
8.200000000000000000e+01 1.615770347416400909e-02
8.300000000000000000e+01 1.574389077723026276e-02
8.400000000000000000e+01 1.611958630383014679e-02
8.500000000000000000e+01 1.707583479583263397e-02
8.600000000000000000e+01 1.731021329760551453e-02
8.700000000000000000e+01 1.769125089049339294e-02
8.800000000000000000e+01 1.784371212124824524e-02
8.900000000000000000e+01 1.841106265783309937e-02
9.000000000000000000e+01 1.908041723072528839e-02
9.100000000000000000e+01 1.951085403561592102e-02
9.200000000000000000e+01 2.009567990899085999e-02
9.300000000000000000e+01 2.017158456146717072e-02
9.400000000000000000e+01 2.201106213033199310e-02
9.500000000000000000e+01 2.451289445161819458e-02
9.600000000000000000e+01 2.449695207178592682e-02
9.700000000000000000e+01 2.454771474003791809e-02
9.800000000000000000e+01 2.197976037859916687e-02
9.900000000000000000e+01 2.276664599776268005e-02
