1.000000000000000000e+00 1.000000000000000000e+00
2.000000000000000000e+00 8.876358270645141602e-01
3.000000000000000000e+00 8.092917799949645996e-01
4.000000000000000000e+00 7.418544888496398926e-01
5.000000000000000000e+00 6.797270774841308594e-01
6.000000000000000000e+00 6.203000545501708984e-01
7.000000000000000000e+00 5.624715089797973633e-01
8.000000000000000000e+00 5.058190822601318359e-01
9.000000000000000000e+00 4.500787556171417236e-01
1.000000000000000000e+01 3.954322934150695801e-01
1.100000000000000000e+01 3.418194353580474854e-01
1.200000000000000000e+01 2.897219359874725342e-01
1.300000000000000000e+01 2.390935271978378296e-01
1.400000000000000000e+01 1.899802088737487793e-01
1.500000000000000000e+01 1.426622569561004639e-01
1.600000000000000000e+01 9.768432378768920898e-02
1.700000000000000000e+01 5.510925129055976868e-02
1.800000000000000000e+01 1.507770922034978867e-02
1.900000000000000000e+01 -2.247860468924045563e-02
2.000000000000000000e+01 -5.688887462019920349e-02
2.100000000000000000e+01 -8.892694115638732910e-02
2.200000000000000000e+01 -1.173370927572250366e-01
2.300000000000000000e+01 -1.417199075222015381e-01
2.400000000000000000e+01 -1.623564511537551880e-01
2.500000000000000000e+01 -1.776870042085647583e-01
2.600000000000000000e+01 -1.869327425956726074e-01
2.700000000000000000e+01 -1.907516568899154663e-01
2.800000000000000000e+01 -1.901990920305252075e-01
2.900000000000000000e+01 -1.875778734683990479e-01
3.000000000000000000e+01 -1.824837177991867065e-01
3.100000000000000000e+01 -1.759167015552520752e-01
3.200000000000000000e+01 -1.684356927871704102e-01
3.300000000000000000e+01 -1.603087782859802246e-01
3.400000000000000000e+01 -1.516746133565902710e-01
3.500000000000000000e+01 -1.423565894365310669e-01
3.600000000000000000e+01 -1.327781081199645996e-01
3.700000000000000000e+01 -1.239372268319129944e-01
3.800000000000000000e+01 -1.148753017187118530e-01
3.900000000000000000e+01 -1.058657839894294739e-01
4.000000000000000000e+01 -9.696430712938308716e-02
4.100000000000000000e+01 -8.729907870292663574e-02
4.200000000000000000e+01 -7.731411606073379517e-02
4.300000000000000000e+01 -6.746368110179901123e-02
4.400000000000000000e+01 -5.815661326050758362e-02
4.500000000000000000e+01 -4.861009493470191956e-02
4.600000000000000000e+01 -3.902261331677436829e-02
4.700000000000000000e+01 -2.931896224617958069e-02
4.800000000000000000e+01 -1.968204230070114136e-02
4.900000000000000000e+01 -1.098043564707040787e-02
5.000000000000000000e+01 -2.755971625447273254e-03
5.100000000000000000e+01 -3.474310738965868950e-03
5.200000000000000000e+01 -4.137399140745401382e-03
5.300000000000000000e+01 -4.767722450196743011e-03
5.400000000000000000e+01 -5.528846289962530136e-03
5.500000000000000000e+01 -5.730958189815282822e-03
5.600000000000000000e+01 -5.724683869630098343e-03
5.700000000000000000e+01 -5.649295635521411896e-03
5.800000000000000000e+01 -5.258039571344852448e-03
5.900000000000000000e+01 -4.766661208122968674e-03
6.000000000000000000e+01 -4.348941612988710403e-03
6.100000000000000000e+01 -4.163717385381460190e-03
6.200000000000000000e+01 -3.900879295542836189e-03
6.300000000000000000e+01 -4.067215137183666229e-03
6.400000000000000000e+01 -4.441607277840375900e-03
6.500000000000000000e+01 -4.651010967791080475e-03
6.600000000000000000e+01 -4.832051694393157959e-03
6.700000000000000000e+01 -4.074709024280309677e-03
6.800000000000000000e+01 -3.260483266785740852e-03
6.900000000000000000e+01 -2.934621181339025497e-03
7.000000000000000000e+01 -2.244875067844986916e-03
7.100000000000000000e+01 -9.460489964112639427e-04
7.200000000000000000e+01 5.726955132558941841e-04
7.300000000000000000e+01 2.518558176234364510e-03
7.400000000000000000e+01 3.933104686439037323e-03
7.500000000000000000e+01 4.981440957635641098e-03
7.600000000000000000e+01 5.661374423652887344e-03
7.700000000000000000e+01 5.996152292937040329e-03
7.800000000000000000e+01 6.183728110045194626e-03
7.900000000000000000e+01 6.673053372651338577e-03
8.000000000000000000e+01 7.085801567882299423e-03
8.100000000000000000e+01 7.413820829242467880e-03
8.200000000000000000e+01 8.234213106334209442e-03
8.300000000000000000e+01 8.801124058663845062e-03
8.400000000000000000e+01 8.886397816240787506e-03
8.500000000000000000e+01 9.467067196965217590e-03
8.600000000000000000e+01 9.988375939428806305e-03
8.700000000000000000e+01 1.029748190194368362e-02
8.800000000000000000e+01 1.053173281252384186e-02
8.900000000000000000e+01 1.053709629923105240e-02
9.000000000000000000e+01 1.066076941788196564e-02
9.100000000000000000e+01 1.080240216106176376e-02
9.200000000000000000e+01 1.089645549654960632e-02
9.300000000000000000e+01 9.804969653487205505e-03
9.400000000000000000e+01 1.054875645786523819e-02
9.500000000000000000e+01 1.260620821267366409e-02
9.600000000000000000e+01 1.204643119126558304e-02
9.700000000000000000e+01 1.256989128887653351e-02
9.800000000000000000e+01 1.473699603229761124e-02
9.900000000000000000e+01 1.187679637223482132e-02
