1.000000000000000000e+00 1.000000000000000000e+00
2.000000000000000000e+00 8.607954978942871094e-01
3.000000000000000000e+00 7.637559771537780762e-01
4.000000000000000000e+00 6.826310753822326660e-01
5.000000000000000000e+00 6.110434532165527344e-01
6.000000000000000000e+00 5.453496575355529785e-01
7.000000000000000000e+00 4.834167361259460449e-01
8.000000000000000000e+00 4.248718619346618652e-01
9.000000000000000000e+00 3.687711656093597412e-01
1.000000000000000000e+01 3.153351545333862305e-01
1.100000000000000000e+01 2.643812894821166992e-01
1.200000000000000000e+01 2.155942618846893311e-01
1.300000000000000000e+01 1.691896319389343262e-01
1.400000000000000000e+01 1.256962567567825317e-01
1.500000000000000000e+01 8.490675687789916992e-02
1.600000000000000000e+01 4.666933044791221619e-02
1.700000000000000000e+01 1.144924387335777283e-02
1.800000000000000000e+01 -2.078334055840969086e-02
1.900000000000000000e+01 -4.963946714997291565e-02
2.000000000000000000e+01 -7.527300715446472168e-02
2.100000000000000000e+01 -9.767429530620574951e-02
2.200000000000000000e+01 -1.165629401803016663e-01
2.300000000000000000e+01 -1.324530243873596191e-01
2.400000000000000000e+01 -1.448027789592742920e-01
2.500000000000000000e+01 -1.533006727695465088e-01
2.600000000000000000e+01 -1.574065238237380981e-01
2.700000000000000000e+01 -1.568945497274398804e-01
2.800000000000000000e+01 -1.530505716800689697e-01
2.900000000000000000e+01 -1.473566442728042603e-01
3.000000000000000000e+01 -1.400188505649566650e-01
3.100000000000000000e+01 -1.318963170051574707e-01
3.200000000000000000e+01 -1.234974861145019531e-01
3.300000000000000000e+01 -1.150592491030693054e-01
3.400000000000000000e+01 -1.067752167582511902e-01
3.500000000000000000e+01 -9.841780364513397217e-02
3.600000000000000000e+01 -9.024815261363983154e-02
3.700000000000000000e+01 -8.232592046260833740e-02
3.800000000000000000e+01 -7.502399384975433350e-02
3.900000000000000000e+01 -6.828123331069946289e-02
4.000000000000000000e+01 -6.158126518130302429e-02
4.100000000000000000e+01 -5.570314079523086548e-02
4.200000000000000000e+01 -4.923051223158836365e-02
4.300000000000000000e+01 -4.331871122121810913e-02
4.400000000000000000e+01 -3.746943548321723938e-02
4.500000000000000000e+01 -3.130830079317092896e-02
4.600000000000000000e+01 -2.587358281016349792e-02
4.700000000000000000e+01 -2.063101343810558319e-02
4.800000000000000000e+01 -1.482541393488645554e-02
4.900000000000000000e+01 -9.616700001060962677e-03
5.000000000000000000e+01 -5.224304273724555969e-03
5.100000000000000000e+01 -5.333411507308483124e-03
5.200000000000000000e+01 -5.177733022719621658e-03
5.300000000000000000e+01 -4.775989800691604614e-03
5.400000000000000000e+01 -4.470562096685171127e-03
5.500000000000000000e+01 -4.611243493854999542e-03
5.600000000000000000e+01 -4.847970325499773026e-03
5.700000000000000000e+01 -5.133315920829772949e-03
5.800000000000000000e+01 -5.239531397819519043e-03
5.900000000000000000e+01 -5.171020980924367905e-03
6.000000000000000000e+01 -5.457457154989242554e-03
6.100000000000000000e+01 -5.223948974162340164e-03
6.200000000000000000e+01 -4.770809784531593323e-03
6.300000000000000000e+01 -3.501995699480175972e-03
6.400000000000000000e+01 -1.905469922348856926e-03
6.500000000000000000e+01 -2.996941911987960339e-04
6.600000000000000000e+01 4.879177431575953960e-04
6.700000000000000000e+01 2.509651822037994862e-04
6.800000000000000000e+01 3.254211624152958393e-04
6.900000000000000000e+01 5.466156871989369392e-04
7.000000000000000000e+01 1.743950298987329006e-03
7.100000000000000000e+01 2.277192892506718636e-03
7.200000000000000000e+01 2.766235964372754097e-03
7.300000000000000000e+01 3.530361689627170563e-03
7.400000000000000000e+01 5.172904580831527710e-03
7.500000000000000000e+01 6.819947622716426849e-03
7.600000000000000000e+01 7.815215736627578735e-03
7.700000000000000000e+01 7.853009738028049469e-03
7.800000000000000000e+01 8.295446634292602539e-03
7.900000000000000000e+01 9.123765863478183746e-03
8.000000000000000000e+01 9.616778232157230377e-03
8.100000000000000000e+01 9.958956390619277954e-03
8.200000000000000000e+01 9.876850061118602753e-03
8.300000000000000000e+01 9.679161012172698975e-03
8.400000000000000000e+01 8.872871287167072296e-03
8.500000000000000000e+01 7.191895041614770889e-03
8.600000000000000000e+01 5.997657310217618942e-03
8.700000000000000000e+01 5.329336505383253098e-03
8.800000000000000000e+01 4.247351549565792084e-03
8.900000000000000000e+01 3.632854437455534935e-03
9.000000000000000000e+01 3.135155420750379562e-03
9.100000000000000000e+01 1.814716495573520660e-03
9.200000000000000000e+01 1.927217002958059311e-03
9.300000000000000000e+01 1.083208364434540272e-03
9.400000000000000000e+01 1.037123380228877068e-03
9.500000000000000000e+01 -3.573946887627243996e-04
9.600000000000000000e+01 1.975400518858805299e-04
9.700000000000000000e+01 -2.763791941106319427e-03
9.800000000000000000e+01 -2.298931125551462173e-03
9.900000000000000000e+01 -1.591636217199265957e-03
