1.000000000000000000e+00 1.000000000000000000e+00
2.000000000000000000e+00 8.994688391685485840e-01
3.000000000000000000e+00 8.293961286544799805e-01
4.000000000000000000e+00 7.682561874389648438e-01
5.000000000000000000e+00 7.111185789108276367e-01
6.000000000000000000e+00 6.554825305938720703e-01
7.000000000000000000e+00 6.006225347518920898e-01
8.000000000000000000e+00 5.461776256561279297e-01
9.000000000000000000e+00 4.921468496322631836e-01
1.000000000000000000e+01 4.385180473327636719e-01
1.100000000000000000e+01 3.854652047157287598e-01
1.200000000000000000e+01 3.329133689403533936e-01
1.300000000000000000e+01 2.812953293323516846e-01
1.400000000000000000e+01 2.307437062263488770e-01
1.500000000000000000e+01 1.817219406366348267e-01
1.600000000000000000e+01 1.339462995529174805e-01
1.700000000000000000e+01 8.832346647977828979e-02
1.800000000000000000e+01 4.457916691899299622e-02
1.900000000000000000e+01 3.278189571574330330e-03
2.000000000000000000e+01 -3.499479219317436218e-02
2.100000000000000000e+01 -7.106088101863861084e-02
2.200000000000000000e+01 -1.040998175740242004e-01
2.300000000000000000e+01 -1.334961950778961182e-01
2.400000000000000000e+01 -1.587672084569931030e-01
2.500000000000000000e+01 -1.781728714704513550e-01
2.600000000000000000e+01 -1.910232305526733398e-01
2.700000000000000000e+01 -1.977326124906539917e-01
2.800000000000000000e+01 -1.999126970767974854e-01
2.900000000000000000e+01 -1.990259140729904175e-01
3.000000000000000000e+01 -1.959019303321838379e-01
3.100000000000000000e+01 -1.910479068756103516e-01
3.200000000000000000e+01 -1.850109845399856567e-01
3.300000000000000000e+01 -1.785890311002731323e-01
3.400000000000000000e+01 -1.709868162870407104e-01
3.500000000000000000e+01 -1.626309156417846680e-01
3.600000000000000000e+01 -1.537811309099197388e-01
3.700000000000000000e+01 -1.446969509124755859e-01
3.800000000000000000e+01 -1.349119693040847778e-01
3.900000000000000000e+01 -1.251862496137619019e-01
4.000000000000000000e+01 -1.148416921496391296e-01
4.100000000000000000e+01 -1.045821309089660645e-01
4.200000000000000000e+01 -9.362477064132690430e-02
4.300000000000000000e+01 -8.247432112693786621e-02
4.400000000000000000e+01 -7.142885029315948486e-02
4.500000000000000000e+01 -6.013237684965133667e-02
4.600000000000000000e+01 -4.872859269380569458e-02
4.700000000000000000e+01 -3.681303933262825012e-02
4.800000000000000000e+01 -2.564518898725509644e-02
4.900000000000000000e+01 -1.491294987499713898e-02
5.000000000000000000e+01 -4.949104972183704376e-03
5.100000000000000000e+01 -5.397683940827846527e-03
5.200000000000000000e+01 -5.395358894020318985e-03
5.300000000000000000e+01 -5.335091147571802139e-03
5.400000000000000000e+01 -5.208674352616071701e-03
5.500000000000000000e+01 -5.379176698625087738e-03
5.600000000000000000e+01 -5.488918162882328033e-03
5.700000000000000000e+01 -5.285754334181547165e-03
5.800000000000000000e+01 -5.133734084665775299e-03
5.900000000000000000e+01 -4.695850424468517303e-03
6.000000000000000000e+01 -4.335003439337015152e-03
6.100000000000000000e+01 -3.719092812389135361e-03
6.200000000000000000e+01 -3.167191985994577408e-03
6.300000000000000000e+01 -2.660627244040369987e-03
6.400000000000000000e+01 -1.962408423423767090e-03
6.500000000000000000e+01 -1.107251620851457119e-03
6.600000000000000000e+01 -6.839026464149355888e-04
6.700000000000000000e+01 1.998439838644117117e-04
6.800000000000000000e+01 1.415775856003165245e-03
6.900000000000000000e+01 3.181469393894076347e-03
7.000000000000000000e+01 4.844884388148784637e-03
7.100000000000000000e+01 6.110392045229673386e-03
7.200000000000000000e+01 7.115839049220085144e-03
7.300000000000000000e+01 7.517927326261997223e-03
7.400000000000000000e+01 8.353252895176410675e-03
7.500000000000000000e+01 1.009923871606588364e-02
7.600000000000000000e+01 1.154241431504487991e-02
7.700000000000000000e+01 1.309637539088726044e-02
7.800000000000000000e+01 1.398930791765451431e-02
7.900000000000000000e+01 1.466633938252925873e-02
8.000000000000000000e+01 1.551432814449071884e-02
8.100000000000000000e+01 1.605042256414890289e-02
8.200000000000000000e+01 1.655243523418903351e-02
8.300000000000000000e+01 1.694993488490581512e-02
8.400000000000000000e+01 1.740206032991409302e-02
8.500000000000000000e+01 1.783561147749423981e-02
8.600000000000000000e+01 1.776788569986820221e-02
8.700000000000000000e+01 1.741687394678592682e-02
8.800000000000000000e+01 1.591961272060871124e-02
8.900000000000000000e+01 1.535984221845865250e-02
9.000000000000000000e+01 1.462234184145927429e-02
9.100000000000000000e+01 1.453161239624023438e-02
9.200000000000000000e+01 1.401108317077159882e-02
9.300000000000000000e+01 1.370513718575239182e-02
9.400000000000000000e+01 1.280371751636266708e-02
9.500000000000000000e+01 1.178115047514438629e-02
9.600000000000000000e+01 1.163285691291093826e-02
9.700000000000000000e+01 1.116403844207525253e-02
9.800000000000000000e+01 6.423206999897956848e-03
9.900000000000000000e+01 2.249193144962191582e-03
