1.000000000000000000e+00 1.000000000000000000e+00
2.000000000000000000e+00 8.955506086349487305e-01
3.000000000000000000e+00 8.223549723625183105e-01
4.000000000000000000e+00 7.584330439567565918e-01
5.000000000000000000e+00 6.990458965301513672e-01
6.000000000000000000e+00 6.419479250907897949e-01
7.000000000000000000e+00 5.855759382247924805e-01
8.000000000000000000e+00 5.297998785972595215e-01
9.000000000000000000e+00 4.745755791664123535e-01
1.000000000000000000e+01 4.199454784393310547e-01
1.100000000000000000e+01 3.662081360816955566e-01
1.200000000000000000e+01 3.135527670383453369e-01
1.300000000000000000e+01 2.619598209857940674e-01
1.400000000000000000e+01 2.118856459856033325e-01
1.500000000000000000e+01 1.634168475866317749e-01
1.600000000000000000e+01 1.168195605278015137e-01
1.700000000000000000e+01 7.223405689001083374e-02
1.800000000000000000e+01 2.982352860271930695e-02
1.900000000000000000e+01 -1.018918305635452271e-02
2.000000000000000000e+01 -4.756125435233116150e-02
2.100000000000000000e+01 -8.197737485170364380e-02
2.200000000000000000e+01 -1.130518838763237000e-01
2.300000000000000000e+01 -1.408364027738571167e-01
2.400000000000000000e+01 -1.643399596214294434e-01
2.500000000000000000e+01 -1.821414977312088013e-01
2.600000000000000000e+01 -1.937811374664306641e-01
2.700000000000000000e+01 -1.991819888353347778e-01
2.800000000000000000e+01 -2.005674242973327637e-01
2.900000000000000000e+01 -1.985021382570266724e-01
3.000000000000000000e+01 -1.942635178565979004e-01
3.100000000000000000e+01 -1.884374618530273438e-01
3.200000000000000000e+01 -1.814213991165161133e-01
3.300000000000000000e+01 -1.738922744989395142e-01
3.400000000000000000e+01 -1.656612455844879150e-01
3.500000000000000000e+01 -1.570534110069274902e-01
3.600000000000000000e+01 -1.478099822998046875e-01
3.700000000000000000e+01 -1.382689774036407471e-01
3.800000000000000000e+01 -1.287731826305389404e-01
3.900000000000000000e+01 -1.186032220721244812e-01
4.000000000000000000e+01 -1.084232851862907410e-01
4.100000000000000000e+01 -9.788246452808380127e-02
4.200000000000000000e+01 -8.726990222930908203e-02
4.300000000000000000e+01 -7.597532123327255249e-02
4.400000000000000000e+01 -6.474392861127853394e-02
4.500000000000000000e+01 -5.336224660277366638e-02
4.600000000000000000e+01 -4.212294891476631165e-02
4.700000000000000000e+01 -3.120216913521289825e-02
4.800000000000000000e+01 -2.042889595031738281e-02
4.900000000000000000e+01 -9.939511306583881378e-03
5.000000000000000000e+01 -7.737561245448887348e-04
5.100000000000000000e+01 -1.109938602894544601e-03
5.200000000000000000e+01 -1.959691755473613739e-03
5.300000000000000000e+01 -2.941011451184749603e-03
5.400000000000000000e+01 -3.809243906289339066e-03
5.500000000000000000e+01 -4.321015439927577972e-03
5.600000000000000000e+01 -4.767086822539567947e-03
5.700000000000000000e+01 -4.814044106751680374e-03
5.800000000000000000e+01 -4.282879643142223358e-03
5.900000000000000000e+01 -3.351939842104911804e-03
6.000000000000000000e+01 -2.686383202672004700e-03
6.100000000000000000e+01 -1.985509647056460381e-03
6.200000000000000000e+01 -1.038122805766761303e-03
6.300000000000000000e+01 6.535212742164731026e-05
6.400000000000000000e+01 1.432648045010864735e-03
6.500000000000000000e+01 2.550258534029126167e-03
6.600000000000000000e+01 3.215347183868288994e-03
6.700000000000000000e+01 3.707275725901126862e-03
6.800000000000000000e+01 3.953236620873212814e-03
6.900000000000000000e+01 3.902850206941366196e-03
7.000000000000000000e+01 3.806751919910311699e-03
7.100000000000000000e+01 4.194474779069423676e-03
7.200000000000000000e+01 4.828682169318199158e-03
7.300000000000000000e+01 5.399195477366447449e-03
7.400000000000000000e+01 5.621367599815130234e-03
7.500000000000000000e+01 5.976281128823757172e-03
7.600000000000000000e+01 6.471953820437192917e-03
7.700000000000000000e+01 7.169385906308889389e-03
7.800000000000000000e+01 8.472206071019172668e-03
7.900000000000000000e+01 8.776973001658916473e-03
8.000000000000000000e+01 9.175452403724193573e-03
8.100000000000000000e+01 9.924339130520820618e-03
8.200000000000000000e+01 1.041013095527887344e-02
8.300000000000000000e+01 1.064665894955396652e-02
8.400000000000000000e+01 1.059580221772193909e-02
8.500000000000000000e+01 1.018028054386377335e-02
8.600000000000000000e+01 9.661456570029258728e-03
8.700000000000000000e+01 8.280193433165550232e-03
8.800000000000000000e+01 7.889939472079277039e-03
8.900000000000000000e+01 7.936486043035984039e-03
9.000000000000000000e+01 7.667867932468652725e-03
9.100000000000000000e+01 7.267014589160680771e-03
9.200000000000000000e+01 6.980349309742450714e-03
9.300000000000000000e+01 5.643577780574560165e-03
9.400000000000000000e+01 5.186233669519424438e-03
9.500000000000000000e+01 5.240931641310453415e-03
9.600000000000000000e+01 4.300331231206655502e-03
9.700000000000000000e+01 3.735593054443597794e-03
9.800000000000000000e+01 2.982079517096281052e-03
9.900000000000000000e+01 4.215063992887735367e-03
