1.000000000000000000e+00 1.000000000000000000e+00
2.000000000000000000e+00 8.938921689987182617e-01
3.000000000000000000e+00 8.201288580894470215e-01
4.000000000000000000e+00 7.560785412788391113e-01
5.000000000000000000e+00 6.962249279022216797e-01
6.000000000000000000e+00 6.386592388153076172e-01
7.000000000000000000e+00 5.819191932678222656e-01
8.000000000000000000e+00 5.261654853820800781e-01
9.000000000000000000e+00 4.712699651718139648e-01
1.000000000000000000e+01 4.168686568737030029e-01
1.100000000000000000e+01 3.632841706275939941e-01
1.200000000000000000e+01 3.105477690696716309e-01
1.300000000000000000e+01 2.592056989669799805e-01
1.400000000000000000e+01 2.092224508523941040e-01
1.500000000000000000e+01 1.610916554927825928e-01
1.600000000000000000e+01 1.147047877311706543e-01
1.700000000000000000e+01 7.044894993305206299e-02
1.800000000000000000e+01 2.853003144264221191e-02
1.900000000000000000e+01 -1.078566722571849823e-02
2.000000000000000000e+01 -4.771210998296737671e-02
2.100000000000000000e+01 -8.154944330453872681e-02
2.200000000000000000e+01 -1.122982129454612732e-01
2.300000000000000000e+01 -1.395063698291778564e-01
2.400000000000000000e+01 -1.623767912387847900e-01
2.500000000000000000e+01 -1.795791387557983398e-01
2.600000000000000000e+01 -1.902972459793090820e-01
2.700000000000000000e+01 -1.954946070909500122e-01
2.800000000000000000e+01 -1.957111954689025879e-01
2.900000000000000000e+01 -1.935193687677383423e-01
3.000000000000000000e+01 -1.894128918647766113e-01
3.100000000000000000e+01 -1.839279681444168091e-01
3.200000000000000000e+01 -1.772471368312835693e-01
3.300000000000000000e+01 -1.697891205549240112e-01
3.400000000000000000e+01 -1.619970053434371948e-01
3.500000000000000000e+01 -1.532829999923706055e-01
3.600000000000000000e+01 -1.443747282028198242e-01
3.700000000000000000e+01 -1.351304054260253906e-01
3.800000000000000000e+01 -1.257554441690444946e-01
3.900000000000000000e+01 -1.162831485271453857e-01
4.000000000000000000e+01 -1.061922609806060791e-01
4.100000000000000000e+01 -9.608958661556243896e-02
4.200000000000000000e+01 -8.542647212743759155e-02
4.300000000000000000e+01 -7.474420964717864990e-02
4.400000000000000000e+01 -6.394476443529129028e-02
4.500000000000000000e+01 -5.324473232030868530e-02
4.600000000000000000e+01 -4.254224151372909546e-02
4.700000000000000000e+01 -3.196236863732337952e-02
4.800000000000000000e+01 -2.155493013560771942e-02
4.900000000000000000e+01 -1.177221070975065231e-02
5.000000000000000000e+01 -3.203175030648708344e-03
5.100000000000000000e+01 -3.824141575023531914e-03
5.200000000000000000e+01 -4.348602145910263062e-03
5.300000000000000000e+01 -4.592677578330039978e-03
5.400000000000000000e+01 -4.527638200670480728e-03
5.500000000000000000e+01 -5.090538412332534790e-03
5.600000000000000000e+01 -5.727257579565048218e-03
5.700000000000000000e+01 -5.754099227488040924e-03
5.800000000000000000e+01 -5.853816866874694824e-03
5.900000000000000000e+01 -5.885927006602287292e-03
6.000000000000000000e+01 -5.697911605238914490e-03
6.100000000000000000e+01 -5.156814586371183395e-03
6.200000000000000000e+01 -4.515493288636207581e-03
6.300000000000000000e+01 -3.706329036504030228e-03
6.400000000000000000e+01 -3.255163552239537239e-03
6.500000000000000000e+01 -2.178706461563706398e-03
6.600000000000000000e+01 -1.272235647775232792e-03
6.700000000000000000e+01 -1.240750541910529137e-03
6.800000000000000000e+01 -7.625389844179153442e-04
6.900000000000000000e+01 -8.291738922707736492e-04
7.000000000000000000e+01 -4.822359769605100155e-04
7.100000000000000000e+01 -1.700063294265419245e-04
7.200000000000000000e+01 4.158573283348232508e-04
7.300000000000000000e+01 1.545078936032950878e-03
7.400000000000000000e+01 2.259023720398545265e-03
7.500000000000000000e+01 3.115318948403000832e-03
7.600000000000000000e+01 3.874164307489991188e-03
7.700000000000000000e+01 4.343451000750064850e-03
7.800000000000000000e+01 5.501186940819025040e-03
7.900000000000000000e+01 6.518148351460695267e-03
8.000000000000000000e+01 7.780574262142181396e-03
8.100000000000000000e+01 8.596520870923995972e-03
8.200000000000000000e+01 9.433485567569732666e-03
8.300000000000000000e+01 9.828540496528148651e-03
8.400000000000000000e+01 1.083458680659532547e-02
8.500000000000000000e+01 1.127343624830245972e-02
8.600000000000000000e+01 1.214747875928878784e-02
8.700000000000000000e+01 1.302275992929935455e-02
8.800000000000000000e+01 1.362001057714223862e-02
8.900000000000000000e+01 1.399446371942758560e-02
9.000000000000000000e+01 1.387332752346992493e-02
9.100000000000000000e+01 1.407607272267341614e-02
9.200000000000000000e+01 1.428155321627855301e-02
9.300000000000000000e+01 1.424802094697952271e-02
9.400000000000000000e+01 1.370195019990205765e-02
9.500000000000000000e+01 1.346951257437467575e-02
9.600000000000000000e+01 1.238957047462463379e-02
9.700000000000000000e+01 1.312517933547496796e-02
9.800000000000000000e+01 8.931990712881088257e-03
9.900000000000000000e+01 3.045162651687860489e-03
