1.000000000000000000e+00 1.000000000000000000e+00
2.000000000000000000e+00 9.024037718772888184e-01
3.000000000000000000e+00 8.343707919120788574e-01
4.000000000000000000e+00 7.747158408164978027e-01
5.000000000000000000e+00 7.188710570335388184e-01
6.000000000000000000e+00 6.642983555793762207e-01
7.000000000000000000e+00 6.105663776397705078e-01
8.000000000000000000e+00 5.572219491004943848e-01
9.000000000000000000e+00 5.037615895271301270e-01
1.000000000000000000e+01 4.504076242446899414e-01
1.100000000000000000e+01 3.974558115005493164e-01
1.200000000000000000e+01 3.452160656452178955e-01
1.300000000000000000e+01 2.936607003211975098e-01
1.400000000000000000e+01 2.428574264049530029e-01
1.500000000000000000e+01 1.936118751764297485e-01
1.600000000000000000e+01 1.455632299184799194e-01
1.700000000000000000e+01 9.948877245187759399e-02
1.800000000000000000e+01 5.515434592962265015e-02
1.900000000000000000e+01 1.327006332576274872e-02
2.000000000000000000e+01 -2.645419910550117493e-02
2.100000000000000000e+01 -6.359422951936721802e-02
2.200000000000000000e+01 -9.762802720069885254e-02
2.300000000000000000e+01 -1.279324591159820557e-01
2.400000000000000000e+01 -1.538187861442565918e-01
2.500000000000000000e+01 -1.739210188388824463e-01
2.600000000000000000e+01 -1.877403110265731812e-01
2.700000000000000000e+01 -1.950709223747253418e-01
2.800000000000000000e+01 -1.977982521057128906e-01
2.900000000000000000e+01 -1.974724382162094116e-01
3.000000000000000000e+01 -1.949978768825531006e-01
3.100000000000000000e+01 -1.909916400909423828e-01
3.200000000000000000e+01 -1.859297156333923340e-01
3.300000000000000000e+01 -1.798892766237258911e-01
3.400000000000000000e+01 -1.723863780498504639e-01
3.500000000000000000e+01 -1.638949811458587646e-01
3.600000000000000000e+01 -1.545110642910003662e-01
3.700000000000000000e+01 -1.449283063411712646e-01
3.800000000000000000e+01 -1.351700425148010254e-01
3.900000000000000000e+01 -1.251094341278076172e-01
4.000000000000000000e+01 -1.147207915782928467e-01
4.100000000000000000e+01 -1.040403023362159729e-01
4.200000000000000000e+01 -9.297319501638412476e-02
4.300000000000000000e+01 -8.139765262603759766e-02
4.400000000000000000e+01 -6.983182579278945923e-02
4.500000000000000000e+01 -5.822617560625076294e-02
4.600000000000000000e+01 -4.651279747486114502e-02
4.700000000000000000e+01 -3.482301533222198486e-02
4.800000000000000000e+01 -2.345988526940345764e-02
4.900000000000000000e+01 -1.277659554034471512e-02
5.000000000000000000e+01 -3.425093367695808411e-03
5.100000000000000000e+01 -4.496267531067132950e-03
5.200000000000000000e+01 -4.996731877326965332e-03
5.300000000000000000e+01 -5.533960647881031036e-03
5.400000000000000000e+01 -6.119729951024055481e-03
5.500000000000000000e+01 -6.476541515439748764e-03
5.600000000000000000e+01 -6.797194015234708786e-03
5.700000000000000000e+01 -6.991905625909566879e-03
5.800000000000000000e+01 -7.186793722212314606e-03
5.900000000000000000e+01 -7.416353560984134674e-03
6.000000000000000000e+01 -7.388052530586719513e-03
6.100000000000000000e+01 -7.735827937722206116e-03
6.200000000000000000e+01 -7.804035209119319916e-03
6.300000000000000000e+01 -7.663523312658071518e-03
6.400000000000000000e+01 -7.852712646126747131e-03
6.500000000000000000e+01 -7.630464620888233185e-03
6.600000000000000000e+01 -7.262211292982101440e-03
6.700000000000000000e+01 -6.751100067049264908e-03
6.800000000000000000e+01 -5.803289357572793961e-03
6.900000000000000000e+01 -4.523572511970996857e-03
7.000000000000000000e+01 -2.957123797386884689e-03
7.100000000000000000e+01 -1.317112124525010586e-03
7.200000000000000000e+01 2.368358254898339510e-04
7.300000000000000000e+01 1.914894441142678261e-03
7.400000000000000000e+01 3.379359375685453415e-03
7.500000000000000000e+01 5.249871406704187393e-03
7.600000000000000000e+01 6.366241257637739182e-03
7.700000000000000000e+01 6.930582690984010696e-03
7.800000000000000000e+01 7.580287754535675049e-03
7.900000000000000000e+01 8.848238736391067505e-03
8.000000000000000000e+01 1.056926697492599487e-02
8.100000000000000000e+01 1.191001944243907928e-02
8.200000000000000000e+01 1.351250801235437393e-02
8.300000000000000000e+01 1.556287333369255066e-02
8.400000000000000000e+01 1.698253862559795380e-02
8.500000000000000000e+01 1.881644688546657562e-02
8.600000000000000000e+01 1.977988332509994507e-02
8.700000000000000000e+01 2.082219906151294708e-02
8.800000000000000000e+01 2.148804813623428345e-02
8.900000000000000000e+01 2.310206368565559387e-02
9.000000000000000000e+01 2.473795413970947266e-02
9.100000000000000000e+01 2.537154220044612885e-02
9.200000000000000000e+01 2.552830427885055542e-02
9.300000000000000000e+01 2.610201016068458557e-02
9.400000000000000000e+01 2.678206562995910645e-02
9.500000000000000000e+01 2.721777930855751038e-02
9.600000000000000000e+01 2.620365470647811890e-02
9.700000000000000000e+01 2.535914629697799683e-02
9.800000000000000000e+01 2.288760431110858917e-02
9.900000000000000000e+01 2.214906178414821625e-02
