1.000000000000000000e+00 1.000000000000000000e+00
2.000000000000000000e+00 9.004714488983154297e-01
3.000000000000000000e+00 8.309334516525268555e-01
4.000000000000000000e+00 7.699651122093200684e-01
5.000000000000000000e+00 7.130485773086547852e-01
6.000000000000000000e+00 6.579435467720031738e-01
7.000000000000000000e+00 6.034980416297912598e-01
8.000000000000000000e+00 5.491642951965332031e-01
9.000000000000000000e+00 4.953138828277587891e-01
1.000000000000000000e+01 4.416360259056091309e-01
1.100000000000000000e+01 3.883775770664215088e-01
1.200000000000000000e+01 3.360208272933959961e-01
1.300000000000000000e+01 2.845868766307830811e-01
1.400000000000000000e+01 2.340269535779953003e-01
1.500000000000000000e+01 1.846877038478851318e-01
1.600000000000000000e+01 1.366930902004241943e-01
1.700000000000000000e+01 9.064251929521560669e-02
1.800000000000000000e+01 4.674758389592170715e-02
1.900000000000000000e+01 5.211998242884874344e-03
2.000000000000000000e+01 -3.378354758024215698e-02
2.100000000000000000e+01 -7.039314508438110352e-02
2.200000000000000000e+01 -1.041125953197479248e-01
2.300000000000000000e+01 -1.339465975761413574e-01
2.400000000000000000e+01 -1.592617183923721313e-01
2.500000000000000000e+01 -1.793429106473922729e-01
2.600000000000000000e+01 -1.926742643117904663e-01
2.700000000000000000e+01 -1.998718678951263428e-01
2.800000000000000000e+01 -2.021594345569610596e-01
2.900000000000000000e+01 -2.013679891824722290e-01
3.000000000000000000e+01 -1.981544792652130127e-01
3.100000000000000000e+01 -1.934426873922348022e-01
3.200000000000000000e+01 -1.877724081277847290e-01
3.300000000000000000e+01 -1.809679418802261353e-01
3.400000000000000000e+01 -1.735060662031173706e-01
3.500000000000000000e+01 -1.653843820095062256e-01
3.600000000000000000e+01 -1.568496823310852051e-01
3.700000000000000000e+01 -1.478487849235534668e-01
3.800000000000000000e+01 -1.379594951868057251e-01
3.900000000000000000e+01 -1.275983452796936035e-01
4.000000000000000000e+01 -1.168511658906936646e-01
4.100000000000000000e+01 -1.058820337057113647e-01
4.200000000000000000e+01 -9.429291635751724243e-02
4.300000000000000000e+01 -8.240846544504165649e-02
4.400000000000000000e+01 -7.041306048631668091e-02
4.500000000000000000e+01 -5.847918987274169922e-02
4.600000000000000000e+01 -4.639035463333129883e-02
4.700000000000000000e+01 -3.483222797513008118e-02
4.800000000000000000e+01 -2.307634241878986359e-02
4.900000000000000000e+01 -1.246297638863325119e-02
5.000000000000000000e+01 -2.826472278684377670e-03
5.100000000000000000e+01 -3.671957179903984070e-03
5.200000000000000000e+01 -4.410903900861740112e-03
5.300000000000000000e+01 -4.915595054626464844e-03
5.400000000000000000e+01 -5.518451798707246780e-03
5.500000000000000000e+01 -5.714774597436189651e-03
5.600000000000000000e+01 -5.882270168513059616e-03
5.700000000000000000e+01 -6.023958325386047363e-03
5.800000000000000000e+01 -5.871684290468692780e-03
5.900000000000000000e+01 -6.391770672053098679e-03
6.000000000000000000e+01 -6.784182041883468628e-03
6.100000000000000000e+01 -7.200759369879961014e-03
6.200000000000000000e+01 -6.832533050328493118e-03
6.300000000000000000e+01 -6.853199563920497894e-03
6.400000000000000000e+01 -6.473597604781389236e-03
6.500000000000000000e+01 -6.372275296598672867e-03
6.600000000000000000e+01 -6.145665422081947327e-03
6.700000000000000000e+01 -5.902787670493125916e-03
6.800000000000000000e+01 -5.024235229939222336e-03
6.900000000000000000e+01 -3.801963059231638908e-03
7.000000000000000000e+01 -2.262478461489081383e-03
7.100000000000000000e+01 -3.813153598457574844e-04
7.200000000000000000e+01 1.289122272282838821e-03
7.300000000000000000e+01 2.970364410430192947e-03
7.400000000000000000e+01 4.477101378142833710e-03
7.500000000000000000e+01 6.444170139729976654e-03
7.600000000000000000e+01 8.764241822063922882e-03
7.700000000000000000e+01 1.094700396060943604e-02
7.800000000000000000e+01 1.207179576158523560e-02
7.900000000000000000e+01 1.276882458478212357e-02
8.000000000000000000e+01 1.350112445652484894e-02
8.100000000000000000e+01 1.442573498934507370e-02
8.200000000000000000e+01 1.514486689120531082e-02
8.300000000000000000e+01 1.543080434203147888e-02
8.400000000000000000e+01 1.534836925566196442e-02
8.500000000000000000e+01 1.539819315075874329e-02
8.600000000000000000e+01 1.581754907965660095e-02
8.700000000000000000e+01 1.636504009366035461e-02
8.800000000000000000e+01 1.640232093632221222e-02
8.900000000000000000e+01 1.700891181826591492e-02
9.000000000000000000e+01 1.757093891501426697e-02
9.100000000000000000e+01 1.783033274114131927e-02
9.200000000000000000e+01 1.915992051362991333e-02
9.300000000000000000e+01 1.996927335858345032e-02
9.400000000000000000e+01 2.093260735273361206e-02
9.500000000000000000e+01 2.129348739981651306e-02
9.600000000000000000e+01 2.033515088260173798e-02
9.700000000000000000e+01 2.050853893160820007e-02
9.800000000000000000e+01 2.030959725379943848e-02
9.900000000000000000e+01 1.855354569852352142e-02
