1.000000000000000000e+00 1.000000000000000000e+00
2.000000000000000000e+00 9.038468003273010254e-01
3.000000000000000000e+00 8.373064398765563965e-01
4.000000000000000000e+00 7.783339023590087891e-01
5.000000000000000000e+00 7.228398919105529785e-01
6.000000000000000000e+00 6.691007614135742188e-01
7.000000000000000000e+00 6.157621145248413086e-01
8.000000000000000000e+00 5.625914335250854492e-01
9.000000000000000000e+00 5.094671845436096191e-01
1.000000000000000000e+01 4.565788507461547852e-01
1.100000000000000000e+01 4.039198160171508789e-01
1.200000000000000000e+01 3.516361415386199951e-01
1.300000000000000000e+01 3.000321984291076660e-01
1.400000000000000000e+01 2.493011206388473511e-01
1.500000000000000000e+01 1.996996104717254639e-01
1.600000000000000000e+01 1.514644771814346313e-01
1.700000000000000000e+01 1.052251756191253662e-01
1.800000000000000000e+01 6.105711683630943298e-02
1.900000000000000000e+01 1.885523833334445953e-02
2.000000000000000000e+01 -2.101088315248489380e-02
2.100000000000000000e+01 -5.825202167034149170e-02
2.200000000000000000e+01 -9.287402033805847168e-02
2.300000000000000000e+01 -1.241117864847183228e-01
2.400000000000000000e+01 -1.511259526014328003e-01
2.500000000000000000e+01 -1.724035590887069702e-01
2.600000000000000000e+01 -1.867326200008392334e-01
2.700000000000000000e+01 -1.944494098424911499e-01
2.800000000000000000e+01 -1.973495483398437500e-01
2.900000000000000000e+01 -1.971910297870635986e-01
3.000000000000000000e+01 -1.944735050201416016e-01
3.100000000000000000e+01 -1.901200562715530396e-01
3.200000000000000000e+01 -1.846680343151092529e-01
3.300000000000000000e+01 -1.782913357019424438e-01
3.400000000000000000e+01 -1.709997355937957764e-01
3.500000000000000000e+01 -1.633331924676895142e-01
3.600000000000000000e+01 -1.549909859895706177e-01
3.700000000000000000e+01 -1.461500972509384155e-01
3.800000000000000000e+01 -1.365314424037933350e-01
3.900000000000000000e+01 -1.262138336896896362e-01
4.000000000000000000e+01 -1.155212298035621643e-01
4.100000000000000000e+01 -1.048272252082824707e-01
4.200000000000000000e+01 -9.375321120023727417e-02
4.300000000000000000e+01 -8.244220912456512451e-02
4.400000000000000000e+01 -7.146461308002471924e-02
4.500000000000000000e+01 -6.025432422757148743e-02
4.600000000000000000e+01 -4.923908784985542297e-02
4.700000000000000000e+01 -3.783374652266502380e-02
4.800000000000000000e+01 -2.682861872017383575e-02
4.900000000000000000e+01 -1.626431383192539215e-02
5.000000000000000000e+01 -6.054148543626070023e-03
5.100000000000000000e+01 -6.685111671686172485e-03
5.200000000000000000e+01 -6.880758330225944519e-03
5.300000000000000000e+01 -6.929624360054731369e-03
5.400000000000000000e+01 -7.270750589668750763e-03
5.500000000000000000e+01 -7.345023564994335175e-03
5.600000000000000000e+01 -7.406947668641805649e-03
5.700000000000000000e+01 -7.117997854948043823e-03
5.800000000000000000e+01 -7.066674530506134033e-03
5.900000000000000000e+01 -6.693921517580747604e-03
6.000000000000000000e+01 -6.386203225702047348e-03
6.100000000000000000e+01 -6.013102363795042038e-03
6.200000000000000000e+01 -5.728691816329956055e-03
6.300000000000000000e+01 -5.373903550207614899e-03
6.400000000000000000e+01 -5.108077079057693481e-03
6.500000000000000000e+01 -4.671269562095403671e-03
6.600000000000000000e+01 -4.098262637853622437e-03
6.700000000000000000e+01 -3.265682142227888107e-03
6.800000000000000000e+01 -2.325704786926507950e-03
6.900000000000000000e+01 -9.235827601514756680e-04
7.000000000000000000e+01 4.232540668454021215e-04
7.100000000000000000e+01 1.402978785336017609e-03
7.200000000000000000e+01 2.225308911874890327e-03
7.300000000000000000e+01 3.766471054404973984e-03
7.400000000000000000e+01 5.593016277998685837e-03
7.500000000000000000e+01 6.993415299803018570e-03
7.600000000000000000e+01 7.870834320783615112e-03
7.700000000000000000e+01 8.455852046608924866e-03
7.800000000000000000e+01 9.574350900948047638e-03
7.900000000000000000e+01 1.063408609479665756e-02
8.000000000000000000e+01 1.162915211170911789e-02
8.100000000000000000e+01 1.269432809203863144e-02
8.200000000000000000e+01 1.367979124188423157e-02
8.300000000000000000e+01 1.505638286471366882e-02
8.400000000000000000e+01 1.658130809664726257e-02
8.500000000000000000e+01 1.738908886909484863e-02
8.600000000000000000e+01 1.836012676358222961e-02
8.700000000000000000e+01 1.974145695567131042e-02
8.800000000000000000e+01 2.086336165666580200e-02
8.900000000000000000e+01 2.077542617917060852e-02
9.000000000000000000e+01 2.153665386140346527e-02
9.100000000000000000e+01 2.241776883602142334e-02
9.200000000000000000e+01 2.306773699820041656e-02
9.300000000000000000e+01 2.267191559076309204e-02
9.400000000000000000e+01 2.236749976873397827e-02
9.500000000000000000e+01 2.107113413512706757e-02
9.600000000000000000e+01 2.117569558322429657e-02
9.700000000000000000e+01 2.099945768713951111e-02
9.800000000000000000e+01 2.003392763435840607e-02
9.900000000000000000e+01 2.100101485848426819e-02
