1.000000000000000000e+00 1.000000000000000000e+00
2.000000000000000000e+00 9.018606543540954590e-01
3.000000000000000000e+00 8.341173529624938965e-01
4.000000000000000000e+00 7.748090624809265137e-01
5.000000000000000000e+00 7.193421721458435059e-01
6.000000000000000000e+00 6.651522517204284668e-01
7.000000000000000000e+00 6.114001870155334473e-01
8.000000000000000000e+00 5.578629374504089355e-01
9.000000000000000000e+00 5.045453310012817383e-01
1.000000000000000000e+01 4.514581561088562012e-01
1.100000000000000000e+01 3.986720144748687744e-01
1.200000000000000000e+01 3.464557230472564697e-01
1.300000000000000000e+01 2.951557040214538574e-01
1.400000000000000000e+01 2.448256909847259521e-01
1.500000000000000000e+01 1.953687518835067749e-01
1.600000000000000000e+01 1.472647637128829956e-01
1.700000000000000000e+01 1.008256450295448303e-01
1.800000000000000000e+01 5.669212713837623596e-02
1.900000000000000000e+01 1.461785379797220230e-02
2.000000000000000000e+01 -2.491139434278011322e-02
2.100000000000000000e+01 -6.170589476823806763e-02
2.200000000000000000e+01 -9.578249603509902954e-02
2.300000000000000000e+01 -1.261166185140609741e-01
2.400000000000000000e+01 -1.519580185413360596e-01
2.500000000000000000e+01 -1.725373119115829468e-01
2.600000000000000000e+01 -1.864468008279800415e-01
2.700000000000000000e+01 -1.942506134510040283e-01
2.800000000000000000e+01 -1.972651779651641846e-01
2.900000000000000000e+01 -1.972124576568603516e-01
3.000000000000000000e+01 -1.950241029262542725e-01
3.100000000000000000e+01 -1.911377906799316406e-01
3.200000000000000000e+01 -1.856903731822967529e-01
3.300000000000000000e+01 -1.793751865625381470e-01
3.400000000000000000e+01 -1.720087677240371704e-01
3.500000000000000000e+01 -1.639609336853027344e-01
3.600000000000000000e+01 -1.552353650331497192e-01
3.700000000000000000e+01 -1.463898867368698120e-01
3.800000000000000000e+01 -1.368453949689865112e-01
3.900000000000000000e+01 -1.265864223241806030e-01
4.000000000000000000e+01 -1.162674799561500549e-01
4.100000000000000000e+01 -1.056955009698867798e-01
4.200000000000000000e+01 -9.458673000335693359e-02
4.300000000000000000e+01 -8.322985470294952393e-02
4.400000000000000000e+01 -7.152142375707626343e-02
4.500000000000000000e+01 -5.962261557579040527e-02
4.600000000000000000e+01 -4.768060520291328430e-02
4.700000000000000000e+01 -3.588514402508735657e-02
4.800000000000000000e+01 -2.454163134098052979e-02
4.900000000000000000e+01 -1.365956850349903107e-02
5.000000000000000000e+01 -4.061221145093441010e-03
5.100000000000000000e+01 -5.372019950300455093e-03
5.200000000000000000e+01 -6.120721809566020966e-03
5.300000000000000000e+01 -6.770997308194637299e-03
5.400000000000000000e+01 -7.380709983408451080e-03
5.500000000000000000e+01 -7.800039835274219513e-03
5.600000000000000000e+01 -8.324015885591506958e-03
5.700000000000000000e+01 -8.270515128970146179e-03
5.800000000000000000e+01 -8.355351164937019348e-03
5.900000000000000000e+01 -8.392851799726486206e-03
6.000000000000000000e+01 -8.162775076925754547e-03
6.100000000000000000e+01 -8.054091595113277435e-03
6.200000000000000000e+01 -7.626549340784549713e-03
6.300000000000000000e+01 -7.316636387258768082e-03
6.400000000000000000e+01 -7.169721182435750961e-03
6.500000000000000000e+01 -6.839400157332420349e-03
6.600000000000000000e+01 -6.537384353578090668e-03
6.700000000000000000e+01 -6.339652929455041885e-03
6.800000000000000000e+01 -5.556444637477397919e-03
6.900000000000000000e+01 -4.193490371108055115e-03
7.000000000000000000e+01 -2.716166200116276741e-03
7.100000000000000000e+01 -1.313858781941235065e-03
7.200000000000000000e+01 -5.789511487819254398e-05
7.300000000000000000e+01 1.669566147029399872e-03
7.400000000000000000e+01 3.777281614020466805e-03
7.500000000000000000e+01 5.777129903435707092e-03
7.600000000000000000e+01 6.972296629101037979e-03
7.700000000000000000e+01 8.570871315896511078e-03
7.800000000000000000e+01 9.363454766571521759e-03
7.900000000000000000e+01 1.089873723685741425e-02
8.000000000000000000e+01 1.232350803911685944e-02
8.100000000000000000e+01 1.369674876332283020e-02
8.200000000000000000e+01 1.516371872276067734e-02
8.300000000000000000e+01 1.640232652425765991e-02
8.400000000000000000e+01 1.779191009700298309e-02
8.500000000000000000e+01 1.933150365948677063e-02
8.600000000000000000e+01 2.068190649151802063e-02
8.700000000000000000e+01 2.223147824406623840e-02
8.800000000000000000e+01 2.305679395794868469e-02
8.900000000000000000e+01 2.326785773038864136e-02
9.000000000000000000e+01 2.402513660490512848e-02
9.100000000000000000e+01 2.404429204761981964e-02
9.200000000000000000e+01 2.360805124044418335e-02
9.300000000000000000e+01 2.265617810189723969e-02
9.400000000000000000e+01 2.251332625746726990e-02
9.500000000000000000e+01 2.263599261641502380e-02
9.600000000000000000e+01 2.262448519468307495e-02
9.700000000000000000e+01 2.379084751009941101e-02
9.800000000000000000e+01 2.192575298249721527e-02
9.900000000000000000e+01 1.983482018113136292e-02
