1.000000000000000000e+00 1.000000000000000000e+00
2.000000000000000000e+00 9.008589982986450195e-01
3.000000000000000000e+00 8.315277695655822754e-01
4.000000000000000000e+00 7.710945606231689453e-01
5.000000000000000000e+00 7.146866917610168457e-01
6.000000000000000000e+00 6.598526239395141602e-01
7.000000000000000000e+00 6.055016517639160156e-01
8.000000000000000000e+00 5.515115857124328613e-01
9.000000000000000000e+00 4.976272881031036377e-01
1.000000000000000000e+01 4.440117478370666504e-01
1.100000000000000000e+01 3.909004032611846924e-01
1.200000000000000000e+01 3.382917046546936035e-01
1.300000000000000000e+01 2.863207757472991943e-01
1.400000000000000000e+01 2.358012646436691284e-01
1.500000000000000000e+01 1.864380240440368652e-01
1.600000000000000000e+01 1.388977020978927612e-01
1.700000000000000000e+01 9.313905239105224609e-02
1.800000000000000000e+01 4.977647215127944946e-02
1.900000000000000000e+01 8.231698535382747650e-03
2.000000000000000000e+01 -3.085273504257202148e-02
2.100000000000000000e+01 -6.735431402921676636e-02
2.200000000000000000e+01 -1.013971120119094849e-01
2.300000000000000000e+01 -1.314331740140914917e-01
2.400000000000000000e+01 -1.572530716657638550e-01
2.500000000000000000e+01 -1.776759177446365356e-01
2.600000000000000000e+01 -1.911947578191757202e-01
2.700000000000000000e+01 -1.982223987579345703e-01
2.800000000000000000e+01 -2.005604207515716553e-01
2.900000000000000000e+01 -1.999306827783584595e-01
3.000000000000000000e+01 -1.972072720527648926e-01
3.100000000000000000e+01 -1.925198435783386230e-01
3.200000000000000000e+01 -1.865757703781127930e-01
3.300000000000000000e+01 -1.796544939279556274e-01
3.400000000000000000e+01 -1.718243211507797241e-01
3.500000000000000000e+01 -1.636833995580673218e-01
3.600000000000000000e+01 -1.547985523939132690e-01
3.700000000000000000e+01 -1.454484015703201294e-01
3.800000000000000000e+01 -1.356670558452606201e-01
3.900000000000000000e+01 -1.256494671106338501e-01
4.000000000000000000e+01 -1.148558408021926880e-01
4.100000000000000000e+01 -1.035847440361976624e-01
4.200000000000000000e+01 -9.257260710000991821e-02
4.300000000000000000e+01 -8.163879811763763428e-02
4.400000000000000000e+01 -7.037423551082611084e-02
4.500000000000000000e+01 -5.903673544526100159e-02
4.600000000000000000e+01 -4.748293384909629822e-02
4.700000000000000000e+01 -3.594231978058815002e-02
4.800000000000000000e+01 -2.449634484946727753e-02
4.900000000000000000e+01 -1.394024863839149475e-02
5.000000000000000000e+01 -4.248117562383413315e-03
5.100000000000000000e+01 -4.492968786507844925e-03
5.200000000000000000e+01 -5.052618682384490967e-03
5.300000000000000000e+01 -5.104689393192529678e-03
5.400000000000000000e+01 -5.206371657550334930e-03
5.500000000000000000e+01 -5.339659750461578369e-03
5.600000000000000000e+01 -5.199586506932973862e-03
5.700000000000000000e+01 -5.213497206568717957e-03
5.800000000000000000e+01 -5.496018100529909134e-03
5.900000000000000000e+01 -5.498779471963644028e-03
6.000000000000000000e+01 -5.536071956157684326e-03
6.100000000000000000e+01 -5.378871690481901169e-03
6.200000000000000000e+01 -5.769268143922090530e-03
6.300000000000000000e+01 -6.330804433673620224e-03
6.400000000000000000e+01 -6.582948379218578339e-03
6.500000000000000000e+01 -6.414244882762432098e-03
6.600000000000000000e+01 -6.241852883249521255e-03
6.700000000000000000e+01 -5.965909920632839203e-03
6.800000000000000000e+01 -5.606214050203561783e-03
6.900000000000000000e+01 -5.078853573650121689e-03
7.000000000000000000e+01 -4.143975209444761276e-03
7.100000000000000000e+01 -3.208121517673134804e-03
7.200000000000000000e+01 -1.660331967286765575e-03
7.300000000000000000e+01 -6.624317611567676067e-04
7.400000000000000000e+01 7.340775919146835804e-04
7.500000000000000000e+01 2.110315021127462387e-03
7.600000000000000000e+01 3.437797538936138153e-03
7.700000000000000000e+01 4.728645086288452148e-03
7.800000000000000000e+01 6.044339854270219803e-03
7.900000000000000000e+01 6.983295083045959473e-03
8.000000000000000000e+01 7.963270880281925201e-03
8.100000000000000000e+01 8.860260248184204102e-03
8.200000000000000000e+01 1.002581510692834854e-02
8.300000000000000000e+01 1.129264105111360550e-02
8.400000000000000000e+01 1.211764663457870483e-02
8.500000000000000000e+01 1.298910565674304962e-02
8.600000000000000000e+01 1.425592694431543350e-02
8.700000000000000000e+01 1.508284546434879303e-02
8.800000000000000000e+01 1.621866039931774139e-02
8.900000000000000000e+01 1.640202663838863373e-02
9.000000000000000000e+01 1.587554812431335449e-02
9.100000000000000000e+01 1.639400422573089600e-02
9.200000000000000000e+01 1.631353422999382019e-02
9.300000000000000000e+01 1.667787507176399231e-02
9.400000000000000000e+01 1.648270711302757263e-02
9.500000000000000000e+01 1.750341057777404785e-02
9.600000000000000000e+01 1.893921010196208954e-02
9.700000000000000000e+01 2.083097398281097412e-02
9.800000000000000000e+01 2.218959107995033264e-02
9.900000000000000000e+01 2.382120490074157715e-02
