1.000000000000000000e+00 1.000000000000000000e+00
2.000000000000000000e+00 8.918007016181945801e-01
3.000000000000000000e+00 8.160768151283264160e-01
4.000000000000000000e+00 7.506098747253417969e-01
5.000000000000000000e+00 6.897993683815002441e-01
6.000000000000000000e+00 6.310842037200927734e-01
7.000000000000000000e+00 5.739046931266784668e-01
8.000000000000000000e+00 5.174455046653747559e-01
9.000000000000000000e+00 4.618691504001617432e-01
1.000000000000000000e+01 4.073887169361114502e-01
1.100000000000000000e+01 3.537335693836212158e-01
1.200000000000000000e+01 3.012076318264007568e-01
1.300000000000000000e+01 2.501706480979919434e-01
1.400000000000000000e+01 2.005741298198699951e-01
1.500000000000000000e+01 1.527129113674163818e-01
1.600000000000000000e+01 1.068794056773185730e-01
1.700000000000000000e+01 6.310568749904632568e-02
1.800000000000000000e+01 2.175256423652172089e-02
1.900000000000000000e+01 -1.731652021408081055e-02
2.000000000000000000e+01 -5.355466157197952271e-02
2.100000000000000000e+01 -8.664923161268234253e-02
2.200000000000000000e+01 -1.164446771144866943e-01
2.300000000000000000e+01 -1.425724625587463379e-01
2.400000000000000000e+01 -1.644977927207946777e-01
2.500000000000000000e+01 -1.808011233806610107e-01
2.600000000000000000e+01 -1.913449317216873169e-01
2.700000000000000000e+01 -1.960380524396896362e-01
2.800000000000000000e+01 -1.965985447168350220e-01
2.900000000000000000e+01 -1.943409442901611328e-01
3.000000000000000000e+01 -1.897694766521453857e-01
3.100000000000000000e+01 -1.842160820960998535e-01
3.200000000000000000e+01 -1.772266775369644165e-01
3.300000000000000000e+01 -1.693991124629974365e-01
3.400000000000000000e+01 -1.610757857561111450e-01
3.500000000000000000e+01 -1.520475745201110840e-01
3.600000000000000000e+01 -1.429916769266128540e-01
3.700000000000000000e+01 -1.337305456399917603e-01
3.800000000000000000e+01 -1.247433871030807495e-01
3.900000000000000000e+01 -1.153643801808357239e-01
4.000000000000000000e+01 -1.054163724184036255e-01
4.100000000000000000e+01 -9.554207324981689453e-02
4.200000000000000000e+01 -8.557523041963577271e-02
4.300000000000000000e+01 -7.579348236322402954e-02
4.400000000000000000e+01 -6.529611349105834961e-02
4.500000000000000000e+01 -5.435283109545707703e-02
4.600000000000000000e+01 -4.347317293286323547e-02
4.700000000000000000e+01 -3.287957236170768738e-02
4.800000000000000000e+01 -2.211768366396427155e-02
4.900000000000000000e+01 -1.220694463700056076e-02
5.000000000000000000e+01 -3.705599345266819000e-03
5.100000000000000000e+01 -4.549558740109205246e-03
5.200000000000000000e+01 -4.646251443773508072e-03
5.300000000000000000e+01 -4.695167765021324158e-03
5.400000000000000000e+01 -5.096042528748512268e-03
5.500000000000000000e+01 -5.230897571891546249e-03
5.600000000000000000e+01 -5.852404516190290451e-03
5.700000000000000000e+01 -6.095477379858493805e-03
5.800000000000000000e+01 -6.281906738877296448e-03
5.900000000000000000e+01 -6.368388887494802475e-03
6.000000000000000000e+01 -5.980181042104959488e-03
6.100000000000000000e+01 -5.462179426103830338e-03
6.200000000000000000e+01 -4.754668567329645157e-03
6.300000000000000000e+01 -4.157791845500469208e-03
6.400000000000000000e+01 -3.316807793453335762e-03
6.500000000000000000e+01 -2.786802826449275017e-03
6.600000000000000000e+01 -1.709913485683500767e-03
6.700000000000000000e+01 -1.148557523265480995e-03
6.800000000000000000e+01 -2.967623586300760508e-04
6.900000000000000000e+01 7.001326885074377060e-04
7.000000000000000000e+01 1.317891525104641914e-03
7.100000000000000000e+01 2.251114230602979660e-03
7.200000000000000000e+01 3.430189331993460655e-03
7.300000000000000000e+01 4.188955295830965042e-03
7.400000000000000000e+01 5.589388310909271240e-03
7.500000000000000000e+01 6.676420103758573532e-03
7.600000000000000000e+01 7.839011028409004211e-03
7.700000000000000000e+01 8.971391245722770691e-03
7.800000000000000000e+01 9.547134861350059509e-03
7.900000000000000000e+01 1.055812835693359375e-02
8.000000000000000000e+01 1.146202348172664642e-02
8.100000000000000000e+01 1.195655390620231628e-02
8.200000000000000000e+01 1.180493179708719254e-02
8.300000000000000000e+01 1.183804310858249664e-02
8.400000000000000000e+01 1.180298067629337311e-02
8.500000000000000000e+01 1.182408817112445831e-02
8.600000000000000000e+01 1.125065702944993973e-02
8.700000000000000000e+01 1.097588147968053818e-02
8.800000000000000000e+01 1.113345194607973099e-02
8.900000000000000000e+01 1.144396420568227768e-02
9.000000000000000000e+01 1.183195691555738449e-02
9.100000000000000000e+01 1.207820419222116470e-02
9.200000000000000000e+01 1.257037557661533356e-02
9.300000000000000000e+01 1.312208082526922226e-02
9.400000000000000000e+01 1.442193984985351562e-02
9.500000000000000000e+01 1.536157261580228806e-02
9.600000000000000000e+01 1.654149219393730164e-02
9.700000000000000000e+01 1.857982948422431946e-02
9.800000000000000000e+01 2.326363325119018555e-02
9.900000000000000000e+01 2.548047713935375214e-02
