1.000000000000000000e+00 1.000000000000000000e+00
2.000000000000000000e+00 8.967159390449523926e-01
3.000000000000000000e+00 8.250033259391784668e-01
4.000000000000000000e+00 7.624413967132568359e-01
5.000000000000000000e+00 7.035900354385375977e-01
6.000000000000000000e+00 6.469410657882690430e-01
7.000000000000000000e+00 5.910948514938354492e-01
8.000000000000000000e+00 5.361073017120361328e-01
9.000000000000000000e+00 4.814068078994750977e-01
1.000000000000000000e+01 4.271891117095947266e-01
1.100000000000000000e+01 3.734250664710998535e-01
1.200000000000000000e+01 3.205399811267852783e-01
1.300000000000000000e+01 2.687344849109649658e-01
1.400000000000000000e+01 2.181056886911392212e-01
1.500000000000000000e+01 1.693998277187347412e-01
1.600000000000000000e+01 1.224451288580894470e-01
1.700000000000000000e+01 7.759419828653335571e-02
1.800000000000000000e+01 3.481056541204452515e-02
1.900000000000000000e+01 -5.456410814076662064e-03
2.000000000000000000e+01 -4.287287220358848572e-02
2.100000000000000000e+01 -7.761744409799575806e-02
2.200000000000000000e+01 -1.093514785170555115e-01
2.300000000000000000e+01 -1.373254954814910889e-01
2.400000000000000000e+01 -1.611475050449371338e-01
2.500000000000000000e+01 -1.792058646678924561e-01
2.600000000000000000e+01 -1.908520460128784180e-01
2.700000000000000000e+01 -1.971181482076644897e-01
2.800000000000000000e+01 -1.983373612165451050e-01
2.900000000000000000e+01 -1.968778818845748901e-01
3.000000000000000000e+01 -1.932293623685836792e-01
3.100000000000000000e+01 -1.878325641155242920e-01
3.200000000000000000e+01 -1.811555027961730957e-01
3.300000000000000000e+01 -1.737164109945297241e-01
3.400000000000000000e+01 -1.656172424554824829e-01
3.500000000000000000e+01 -1.570543795824050903e-01
3.600000000000000000e+01 -1.479943096637725830e-01
3.700000000000000000e+01 -1.386138349771499634e-01
3.800000000000000000e+01 -1.291798800230026245e-01
3.900000000000000000e+01 -1.193521693348884583e-01
4.000000000000000000e+01 -1.090452224016189575e-01
4.100000000000000000e+01 -9.856853634119033813e-02
4.200000000000000000e+01 -8.791218698024749756e-02
4.300000000000000000e+01 -7.709045708179473877e-02
4.400000000000000000e+01 -6.569220125675201416e-02
4.500000000000000000e+01 -5.408387631177902222e-02
4.600000000000000000e+01 -4.228800907731056213e-02
4.700000000000000000e+01 -3.116855211555957794e-02
4.800000000000000000e+01 -2.035145834088325500e-02
4.900000000000000000e+01 -1.073554530739784241e-02
5.000000000000000000e+01 -1.701100263744592667e-03
5.100000000000000000e+01 -2.278392203152179718e-03
5.200000000000000000e+01 -3.054216271266341209e-03
5.300000000000000000e+01 -4.116762429475784302e-03
5.400000000000000000e+01 -5.323844030499458313e-03
5.500000000000000000e+01 -6.308895070105791092e-03
5.600000000000000000e+01 -6.919102743268013000e-03
5.700000000000000000e+01 -7.234815042465925217e-03
5.800000000000000000e+01 -7.477044127881526947e-03
5.900000000000000000e+01 -7.538422476500272751e-03
6.000000000000000000e+01 -7.713330909609794617e-03
6.100000000000000000e+01 -7.433759048581123352e-03
6.200000000000000000e+01 -7.114113308489322662e-03
6.300000000000000000e+01 -6.738628260791301727e-03
6.400000000000000000e+01 -6.683520041406154633e-03
6.500000000000000000e+01 -6.107195746153593063e-03
6.600000000000000000e+01 -5.577178671956062317e-03
6.700000000000000000e+01 -4.597402177751064301e-03
6.800000000000000000e+01 -3.516733646392822266e-03
6.900000000000000000e+01 -2.587122609838843346e-03
7.000000000000000000e+01 -1.850862638093531132e-03
7.100000000000000000e+01 -1.219501718878746033e-03
7.200000000000000000e+01 -3.902215976268053055e-04
7.300000000000000000e+01 6.005698232911527157e-04
7.400000000000000000e+01 1.722041051834821701e-03
7.500000000000000000e+01 3.446683986112475395e-03
7.600000000000000000e+01 4.783008713275194168e-03
7.700000000000000000e+01 5.528312176465988159e-03
7.800000000000000000e+01 6.520149298012256622e-03
7.900000000000000000e+01 7.975369691848754883e-03
8.000000000000000000e+01 9.416321292519569397e-03
8.100000000000000000e+01 1.069767773151397705e-02
8.200000000000000000e+01 1.179081946611404419e-02
8.300000000000000000e+01 1.287508849054574966e-02
8.400000000000000000e+01 1.296761725097894669e-02
8.500000000000000000e+01 1.319454610347747803e-02
8.600000000000000000e+01 1.346711814403533936e-02
8.700000000000000000e+01 1.365587394684553146e-02
8.800000000000000000e+01 1.418763585388660431e-02
8.900000000000000000e+01 1.425780262798070908e-02
9.000000000000000000e+01 1.440768130123615265e-02
9.100000000000000000e+01 1.508895866572856903e-02
9.200000000000000000e+01 1.553727127611637115e-02
9.300000000000000000e+01 1.516292430460453033e-02
9.400000000000000000e+01 1.527299080044031143e-02
9.500000000000000000e+01 1.547292619943618774e-02
9.600000000000000000e+01 1.423609256744384766e-02
9.700000000000000000e+01 1.358386315405368805e-02
9.800000000000000000e+01 1.082290709018707275e-02
9.900000000000000000e+01 1.610863022506237030e-02
