1.000000000000000000e+00 1.000000000000000000e+00
2.000000000000000000e+00 9.024857282638549805e-01
3.000000000000000000e+00 8.345053195953369141e-01
4.000000000000000000e+00 7.747834324836730957e-01
5.000000000000000000e+00 7.189936637878417969e-01
6.000000000000000000e+00 6.647216677665710449e-01
7.000000000000000000e+00 6.108281016349792480e-01
8.000000000000000000e+00 5.574851632118225098e-01
9.000000000000000000e+00 5.043290853500366211e-01
1.000000000000000000e+01 4.514575898647308350e-01
1.100000000000000000e+01 3.988415896892547607e-01
1.200000000000000000e+01 3.465690016746520996e-01
1.300000000000000000e+01 2.949903607368469238e-01
1.400000000000000000e+01 2.443349659442901611e-01
1.500000000000000000e+01 1.948024183511734009e-01
1.600000000000000000e+01 1.465914398431777954e-01
1.700000000000000000e+01 1.003104969859123230e-01
1.800000000000000000e+01 5.636956915259361267e-02
1.900000000000000000e+01 1.458360441029071808e-02
2.000000000000000000e+01 -2.493279986083507538e-02
2.100000000000000000e+01 -6.216835975646972656e-02
2.200000000000000000e+01 -9.633859992027282715e-02
2.300000000000000000e+01 -1.267043203115463257e-01
2.400000000000000000e+01 -1.528295129537582397e-01
2.500000000000000000e+01 -1.733758747577667236e-01
2.600000000000000000e+01 -1.876374781131744385e-01
2.700000000000000000e+01 -1.951001584529876709e-01
2.800000000000000000e+01 -1.980837881565093994e-01
2.900000000000000000e+01 -1.975634694099426270e-01
3.000000000000000000e+01 -1.948592960834503174e-01
3.100000000000000000e+01 -1.905730366706848145e-01
3.200000000000000000e+01 -1.848897337913513184e-01
3.300000000000000000e+01 -1.784080415964126587e-01
3.400000000000000000e+01 -1.708132177591323853e-01
3.500000000000000000e+01 -1.628831177949905396e-01
3.600000000000000000e+01 -1.545493155717849731e-01
3.700000000000000000e+01 -1.452459245920181274e-01
3.800000000000000000e+01 -1.351599097251892090e-01
3.900000000000000000e+01 -1.248687356710433960e-01
4.000000000000000000e+01 -1.141081601381301880e-01
4.100000000000000000e+01 -1.032015308737754822e-01
4.200000000000000000e+01 -9.193114936351776123e-02
4.300000000000000000e+01 -8.029338717460632324e-02
4.400000000000000000e+01 -6.871224194765090942e-02
4.500000000000000000e+01 -5.724527314305305481e-02
4.600000000000000000e+01 -4.587170481681823730e-02
4.700000000000000000e+01 -3.453940898180007935e-02
4.800000000000000000e+01 -2.326154336333274841e-02
4.900000000000000000e+01 -1.276308391243219376e-02
5.000000000000000000e+01 -3.035622648894786835e-03
5.100000000000000000e+01 -4.009206779301166534e-03
5.200000000000000000e+01 -4.320772364735603333e-03
5.300000000000000000e+01 -4.859474487602710724e-03
5.400000000000000000e+01 -5.595903377979993820e-03
5.500000000000000000e+01 -5.866630002856254578e-03
5.600000000000000000e+01 -5.766549147665500641e-03
5.700000000000000000e+01 -5.682568531483411789e-03
5.800000000000000000e+01 -5.308590829372406006e-03
5.900000000000000000e+01 -5.461959633976221085e-03
6.000000000000000000e+01 -5.542847793549299240e-03
6.100000000000000000e+01 -5.874227732419967651e-03
6.200000000000000000e+01 -5.637705791741609573e-03
6.300000000000000000e+01 -5.398084875196218491e-03
6.400000000000000000e+01 -5.545829888433218002e-03
6.500000000000000000e+01 -5.409816280007362366e-03
6.600000000000000000e+01 -4.975595977157354355e-03
6.700000000000000000e+01 -4.617056809365749359e-03
6.800000000000000000e+01 -3.928690217435359955e-03
6.900000000000000000e+01 -3.409388009458780289e-03
7.000000000000000000e+01 -2.526420401409268379e-03
7.100000000000000000e+01 -1.632156549021601677e-03
7.200000000000000000e+01 -4.604080750141292810e-04
7.300000000000000000e+01 8.176050614565610886e-04
7.400000000000000000e+01 1.905541634187102318e-03
7.500000000000000000e+01 3.126553725451231003e-03
7.600000000000000000e+01 3.826068248599767685e-03
7.700000000000000000e+01 4.938350990414619446e-03
7.800000000000000000e+01 5.313939414918422699e-03
7.900000000000000000e+01 5.853150505572557449e-03
8.000000000000000000e+01 6.241342518478631973e-03
8.100000000000000000e+01 7.318702992051839828e-03
8.200000000000000000e+01 7.934621535241603851e-03
8.300000000000000000e+01 8.763527497649192810e-03
8.400000000000000000e+01 9.760881774127483368e-03
8.500000000000000000e+01 1.035986281931400299e-02
8.600000000000000000e+01 1.140582561492919922e-02
8.700000000000000000e+01 1.166256796568632126e-02
8.800000000000000000e+01 1.199702732264995575e-02
8.900000000000000000e+01 1.306067686527967453e-02
9.000000000000000000e+01 1.458466798067092896e-02
9.100000000000000000e+01 1.552681624889373779e-02
9.200000000000000000e+01 1.650838181376457214e-02
9.300000000000000000e+01 1.664175838232040405e-02
9.400000000000000000e+01 1.681552082300186157e-02
9.500000000000000000e+01 1.819070056080818176e-02
9.600000000000000000e+01 1.877955347299575806e-02
9.700000000000000000e+01 1.824243739247322083e-02
9.800000000000000000e+01 1.880443282425403595e-02
9.900000000000000000e+01 2.207709662616252899e-02
