1.000000000000000000e+00 1.000000000000000000e+00
2.000000000000000000e+00 8.968134522438049316e-01
3.000000000000000000e+00 8.249670863151550293e-01
4.000000000000000000e+00 7.622082233428955078e-01
5.000000000000000000e+00 7.037868499755859375e-01
6.000000000000000000e+00 6.471222043037414551e-01
7.000000000000000000e+00 5.912480950355529785e-01
8.000000000000000000e+00 5.357806086540222168e-01
9.000000000000000000e+00 4.809129536151885986e-01
1.000000000000000000e+01 4.264558255672454834e-01
1.100000000000000000e+01 3.726434707641601562e-01
1.200000000000000000e+01 3.196457028388977051e-01
1.300000000000000000e+01 2.679785192012786865e-01
1.400000000000000000e+01 2.176733911037445068e-01
1.500000000000000000e+01 1.689812988042831421e-01
1.600000000000000000e+01 1.219274997711181641e-01
1.700000000000000000e+01 7.676003873348236084e-02
1.800000000000000000e+01 3.414018079638481140e-02
1.900000000000000000e+01 -6.277103908360004425e-03
2.000000000000000000e+01 -4.374555125832557678e-02
2.100000000000000000e+01 -7.848998159170150757e-02
2.200000000000000000e+01 -1.099693998694419861e-01
2.300000000000000000e+01 -1.382508724927902222e-01
2.400000000000000000e+01 -1.619209349155426025e-01
2.500000000000000000e+01 -1.803638935089111328e-01
2.600000000000000000e+01 -1.924590319395065308e-01
2.700000000000000000e+01 -1.986253708600997925e-01
2.800000000000000000e+01 -1.999243348836898804e-01
2.900000000000000000e+01 -1.980744600296020508e-01
3.000000000000000000e+01 -1.946051418781280518e-01
3.100000000000000000e+01 -1.892863512039184570e-01
3.200000000000000000e+01 -1.830358207225799561e-01
3.300000000000000000e+01 -1.758855134248733521e-01
3.400000000000000000e+01 -1.678653657436370850e-01
3.500000000000000000e+01 -1.592491567134857178e-01
3.600000000000000000e+01 -1.503715068101882935e-01
3.700000000000000000e+01 -1.414973586797714233e-01
3.800000000000000000e+01 -1.318901777267456055e-01
3.900000000000000000e+01 -1.218334659934043884e-01
4.000000000000000000e+01 -1.112832054495811462e-01
4.100000000000000000e+01 -1.008076518774032593e-01
4.200000000000000000e+01 -8.995726704597473145e-02
4.300000000000000000e+01 -7.889474183320999146e-02
4.400000000000000000e+01 -6.743735820055007935e-02
4.500000000000000000e+01 -5.633433535695075989e-02
4.600000000000000000e+01 -4.497657716274261475e-02
4.700000000000000000e+01 -3.358308598399162292e-02
4.800000000000000000e+01 -2.250803261995315552e-02
4.900000000000000000e+01 -1.209686789661645889e-02
5.000000000000000000e+01 -2.780718030408024788e-03
5.100000000000000000e+01 -3.599128220230340958e-03
5.200000000000000000e+01 -4.139807540923357010e-03
5.300000000000000000e+01 -4.716407507658004761e-03
5.400000000000000000e+01 -5.312374792993068695e-03
5.500000000000000000e+01 -5.702830851078033447e-03
5.600000000000000000e+01 -6.389748305082321167e-03
5.700000000000000000e+01 -6.904002279043197632e-03
5.800000000000000000e+01 -7.122686598449945450e-03
5.900000000000000000e+01 -7.322333287447690964e-03
6.000000000000000000e+01 -7.162468042224645615e-03
6.100000000000000000e+01 -6.906656082719564438e-03
6.200000000000000000e+01 -5.993946455419063568e-03
6.300000000000000000e+01 -4.888544790446758270e-03
6.400000000000000000e+01 -3.924557939171791077e-03
6.500000000000000000e+01 -3.008435247465968132e-03
6.600000000000000000e+01 -1.885762438178062439e-03
6.700000000000000000e+01 -7.031387649476528168e-04
6.800000000000000000e+01 -5.884122947463765740e-05
6.900000000000000000e+01 1.098474487662315369e-03
7.000000000000000000e+01 2.206347184255719185e-03
7.100000000000000000e+01 2.904508030042052269e-03
7.200000000000000000e+01 3.789717797189950943e-03
7.300000000000000000e+01 4.898849874734878540e-03
7.400000000000000000e+01 5.888756830245256424e-03
7.500000000000000000e+01 7.214696612209081650e-03
7.600000000000000000e+01 8.476282469928264618e-03
7.700000000000000000e+01 9.501473978161811829e-03
7.800000000000000000e+01 1.066509913653135300e-02
7.900000000000000000e+01 1.142205484211444855e-02
8.000000000000000000e+01 1.219002064317464828e-02
8.100000000000000000e+01 1.240462623536586761e-02
8.200000000000000000e+01 1.272694952785968781e-02
8.300000000000000000e+01 1.324795931577682495e-02
8.400000000000000000e+01 1.356457173824310303e-02
8.500000000000000000e+01 1.381442788988351822e-02
8.600000000000000000e+01 1.462480239570140839e-02
8.700000000000000000e+01 1.598164811730384827e-02
8.800000000000000000e+01 1.664748042821884155e-02
8.900000000000000000e+01 1.692418009042739868e-02
9.000000000000000000e+01 1.727529056370258331e-02
9.100000000000000000e+01 1.777286082506179810e-02
9.200000000000000000e+01 1.897219009697437286e-02
9.300000000000000000e+01 2.023719437420368195e-02
9.400000000000000000e+01 2.086429670453071594e-02
9.500000000000000000e+01 2.234930917620658875e-02
9.600000000000000000e+01 2.385327965021133423e-02
9.700000000000000000e+01 2.521235309541225433e-02
9.800000000000000000e+01 2.427096106112003326e-02
9.900000000000000000e+01 1.719098351895809174e-02
