1.000000000000000000e+00 1.000000000000000000e+00
2.000000000000000000e+00 8.516631126403808594e-01
3.000000000000000000e+00 7.480945587158203125e-01
4.000000000000000000e+00 6.624510288238525391e-01
5.000000000000000000e+00 5.874981880187988281e-01
6.000000000000000000e+00 5.194076299667358398e-01
7.000000000000000000e+00 4.572063088417053223e-01
8.000000000000000000e+00 3.990625739097595215e-01
9.000000000000000000e+00 3.438821732997894287e-01
1.000000000000000000e+01 2.917653918266296387e-01
1.100000000000000000e+01 2.426818311214447021e-01
1.200000000000000000e+01 1.959130465984344482e-01
1.300000000000000000e+01 1.515270173549652100e-01
1.400000000000000000e+01 1.105083823204040527e-01
1.500000000000000000e+01 7.214844226837158203e-02
1.600000000000000000e+01 3.638276457786560059e-02
1.700000000000000000e+01 3.456908510997891426e-03
1.800000000000000000e+01 -2.596830017864704132e-02
1.900000000000000000e+01 -5.242894589900970459e-02
2.000000000000000000e+01 -7.492240518331527710e-02
2.100000000000000000e+01 -9.435405582189559937e-02
2.200000000000000000e+01 -1.107105240225791931e-01
2.300000000000000000e+01 -1.246220171451568604e-01
2.400000000000000000e+01 -1.349518448114395142e-01
2.500000000000000000e+01 -1.412531286478042603e-01
2.600000000000000000e+01 -1.434252560138702393e-01
2.700000000000000000e+01 -1.422040462493896484e-01
2.800000000000000000e+01 -1.387582123279571533e-01
2.900000000000000000e+01 -1.330683529376983643e-01
3.000000000000000000e+01 -1.262850612401962280e-01
3.100000000000000000e+01 -1.186372339725494385e-01
3.200000000000000000e+01 -1.107131391763687134e-01
3.300000000000000000e+01 -1.028318107128143311e-01
3.400000000000000000e+01 -9.449414163827896118e-02
3.500000000000000000e+01 -8.641007542610168457e-02
3.600000000000000000e+01 -7.877632230520248413e-02
3.700000000000000000e+01 -7.170883566141128540e-02
3.800000000000000000e+01 -6.535279750823974609e-02
3.900000000000000000e+01 -5.953700467944145203e-02
4.000000000000000000e+01 -5.300635099411010742e-02
4.100000000000000000e+01 -4.674295336008071899e-02
4.200000000000000000e+01 -4.086114466190338135e-02
4.300000000000000000e+01 -3.515320271253585815e-02
4.400000000000000000e+01 -2.987498044967651367e-02
4.500000000000000000e+01 -2.462104894220829010e-02
4.600000000000000000e+01 -1.979093253612518311e-02
4.700000000000000000e+01 -1.566167548298835754e-02
4.800000000000000000e+01 -1.108962669968605042e-02
4.900000000000000000e+01 -7.526733912527561188e-03
5.000000000000000000e+01 -3.890789579600095749e-03
5.100000000000000000e+01 -4.197807516902685165e-03
5.200000000000000000e+01 -5.014962982386350632e-03
5.300000000000000000e+01 -6.192774977535009384e-03
5.400000000000000000e+01 -6.297657266259193420e-03
5.500000000000000000e+01 -6.829252932220697403e-03
5.600000000000000000e+01 -6.892945151776075363e-03
5.700000000000000000e+01 -6.586330477148294449e-03
5.800000000000000000e+01 -6.537292618304491043e-03
5.900000000000000000e+01 -5.536705255508422852e-03
6.000000000000000000e+01 -4.662594292312860489e-03
6.100000000000000000e+01 -3.856609575450420380e-03
6.200000000000000000e+01 -3.107985714450478554e-03
6.300000000000000000e+01 -1.879188697785139084e-03
6.400000000000000000e+01 -1.014865469187498093e-03
6.500000000000000000e+01 1.449897972634062171e-04
6.600000000000000000e+01 8.808510028757154942e-04
6.700000000000000000e+01 1.737673417665064335e-03
6.800000000000000000e+01 2.461096737533807755e-03
6.900000000000000000e+01 3.366227494552731514e-03
7.000000000000000000e+01 3.921211231499910355e-03
7.100000000000000000e+01 4.798395559191703796e-03
7.200000000000000000e+01 5.656642373651266098e-03
7.300000000000000000e+01 5.926720332354307175e-03
7.400000000000000000e+01 7.196372840553522110e-03
7.500000000000000000e+01 7.892632856965065002e-03
7.600000000000000000e+01 8.965050801634788513e-03
7.700000000000000000e+01 9.432471357285976410e-03
7.800000000000000000e+01 9.107384830713272095e-03
7.900000000000000000e+01 7.961944676935672760e-03
8.000000000000000000e+01 6.978465244174003601e-03
8.100000000000000000e+01 5.899864714592695236e-03
8.200000000000000000e+01 4.380909726023674011e-03
8.300000000000000000e+01 2.843086607754230499e-03
8.400000000000000000e+01 1.020870055072009563e-03
8.500000000000000000e+01 -1.225271727889776230e-03
8.600000000000000000e+01 -2.835251158103346825e-03
8.700000000000000000e+01 -4.135657567530870438e-03
8.800000000000000000e+01 -5.916110239923000336e-03
8.900000000000000000e+01 -6.142948288470506668e-03
9.000000000000000000e+01 -5.576369352638721466e-03
9.100000000000000000e+01 -4.750068299472332001e-03
9.200000000000000000e+01 -4.301466047763824463e-03
9.300000000000000000e+01 -3.541219979524612427e-03
9.400000000000000000e+01 -4.475987982004880905e-03
9.500000000000000000e+01 -5.100638605654239655e-03
9.600000000000000000e+01 -2.130041830241680145e-03
9.700000000000000000e+01 -2.723903744481503963e-04
9.800000000000000000e+01 2.494585234671831131e-03
9.900000000000000000e+01 4.056889563798904419e-03
