1.000000000000000000e+00 1.000000000000000000e+00
2.000000000000000000e+00 9.028627276420593262e-01
3.000000000000000000e+00 8.352280259132385254e-01
4.000000000000000000e+00 7.761411070823669434e-01
5.000000000000000000e+00 7.209075689315795898e-01
6.000000000000000000e+00 6.667136549949645996e-01
7.000000000000000000e+00 6.129922270774841309e-01
8.000000000000000000e+00 5.597996115684509277e-01
9.000000000000000000e+00 5.063979029655456543e-01
1.000000000000000000e+01 4.531916975975036621e-01
1.100000000000000000e+01 4.005495607852935791e-01
1.200000000000000000e+01 3.485303223133087158e-01
1.300000000000000000e+01 2.970438301563262939e-01
1.400000000000000000e+01 2.464255541563034058e-01
1.500000000000000000e+01 1.972578614950180054e-01
1.600000000000000000e+01 1.493326872587203979e-01
1.700000000000000000e+01 1.032651513814926147e-01
1.800000000000000000e+01 5.912344157695770264e-02
1.900000000000000000e+01 1.720144972205162048e-02
2.000000000000000000e+01 -2.231648378074169159e-02
2.100000000000000000e+01 -5.958514660596847534e-02
2.200000000000000000e+01 -9.429050236940383911e-02
2.300000000000000000e+01 -1.253096461296081543e-01
2.400000000000000000e+01 -1.518286764621734619e-01
2.500000000000000000e+01 -1.725703626871109009e-01
2.600000000000000000e+01 -1.868342161178588867e-01
2.700000000000000000e+01 -1.948574036359786987e-01
2.800000000000000000e+01 -1.982803642749786377e-01
2.900000000000000000e+01 -1.978725492954254150e-01
3.000000000000000000e+01 -1.955175995826721191e-01
3.100000000000000000e+01 -1.919088214635848999e-01
3.200000000000000000e+01 -1.866218298673629761e-01
3.300000000000000000e+01 -1.803202033042907715e-01
3.400000000000000000e+01 -1.731293201446533203e-01
3.500000000000000000e+01 -1.649664938449859619e-01
3.600000000000000000e+01 -1.567538231611251831e-01
3.700000000000000000e+01 -1.478118896484375000e-01
3.800000000000000000e+01 -1.381222605705261230e-01
3.900000000000000000e+01 -1.282421350479125977e-01
4.000000000000000000e+01 -1.178919970989227295e-01
4.100000000000000000e+01 -1.071302965283393860e-01
4.200000000000000000e+01 -9.597868472337722778e-02
4.300000000000000000e+01 -8.469638973474502563e-02
4.400000000000000000e+01 -7.334196567535400391e-02
4.500000000000000000e+01 -6.197694689035415649e-02
4.600000000000000000e+01 -5.018374323844909668e-02
4.700000000000000000e+01 -3.841244429349899292e-02
4.800000000000000000e+01 -2.640070207417011261e-02
4.900000000000000000e+01 -1.499314978718757629e-02
5.000000000000000000e+01 -4.868054296821355820e-03
5.100000000000000000e+01 -5.392361432313919067e-03
5.200000000000000000e+01 -5.564039107412099838e-03
5.300000000000000000e+01 -5.653462372720241547e-03
5.400000000000000000e+01 -5.696922540664672852e-03
5.500000000000000000e+01 -5.738995969295501709e-03
5.600000000000000000e+01 -5.500188097357749939e-03
5.700000000000000000e+01 -5.240953061729669571e-03
5.800000000000000000e+01 -5.126731470227241516e-03
5.900000000000000000e+01 -4.980583675205707550e-03
6.000000000000000000e+01 -4.582969006150960922e-03
6.100000000000000000e+01 -4.623885732144117355e-03
6.200000000000000000e+01 -4.471335094422101974e-03
6.300000000000000000e+01 -4.339338745921850204e-03
6.400000000000000000e+01 -3.931010607630014420e-03
6.500000000000000000e+01 -3.850618144497275352e-03
6.600000000000000000e+01 -3.351498860865831375e-03
6.700000000000000000e+01 -2.898638136684894562e-03
6.800000000000000000e+01 -2.321226289495825768e-03
6.900000000000000000e+01 -2.242697868496179581e-03
7.000000000000000000e+01 -1.664986717514693737e-03
7.100000000000000000e+01 -8.220293093472719193e-04
7.200000000000000000e+01 -3.624643568400642835e-06
7.300000000000000000e+01 1.588808023370802402e-03
7.400000000000000000e+01 3.335652640089392662e-03
7.500000000000000000e+01 5.025636404752731323e-03
7.600000000000000000e+01 6.600618828088045120e-03
7.700000000000000000e+01 7.673716638237237930e-03
7.800000000000000000e+01 8.443749509751796722e-03
7.900000000000000000e+01 9.461129084229469299e-03
8.000000000000000000e+01 1.045488007366657257e-02
8.100000000000000000e+01 1.067717373371124268e-02
8.200000000000000000e+01 1.130663696676492691e-02
8.300000000000000000e+01 1.189540326595306396e-02
8.400000000000000000e+01 1.249178126454353333e-02
8.500000000000000000e+01 1.387824676930904388e-02
8.600000000000000000e+01 1.521727349609136581e-02
8.700000000000000000e+01 1.634010113775730133e-02
8.800000000000000000e+01 1.762629486620426178e-02
8.900000000000000000e+01 1.839081943035125732e-02
9.000000000000000000e+01 1.943282783031463623e-02
9.100000000000000000e+01 1.940780319273471832e-02
9.200000000000000000e+01 1.986597850918769836e-02
9.300000000000000000e+01 2.040871232748031616e-02
9.400000000000000000e+01 2.172802761197090149e-02
9.500000000000000000e+01 2.238391339778900146e-02
9.600000000000000000e+01 2.442973852157592773e-02
9.700000000000000000e+01 2.573963627219200134e-02
9.800000000000000000e+01 2.905079349875450134e-02
9.900000000000000000e+01 2.776637300848960876e-02
