1.000000000000000000e+00 1.000000000000000000e+00
2.000000000000000000e+00 9.021100997924804688e-01
3.000000000000000000e+00 8.344856500625610352e-01
4.000000000000000000e+00 7.754555940628051758e-01
5.000000000000000000e+00 7.196812629699707031e-01
6.000000000000000000e+00 6.654964685440063477e-01
7.000000000000000000e+00 6.117220520973205566e-01
8.000000000000000000e+00 5.581710934638977051e-01
9.000000000000000000e+00 5.047339200973510742e-01
1.000000000000000000e+01 4.516887068748474121e-01
1.100000000000000000e+01 3.989085257053375244e-01
1.200000000000000000e+01 3.466967046260833740e-01
1.300000000000000000e+01 2.951875627040863037e-01
1.400000000000000000e+01 2.448674440383911133e-01
1.500000000000000000e+01 1.957947164773941040e-01
1.600000000000000000e+01 1.481946557760238647e-01
1.700000000000000000e+01 1.019710227847099304e-01
1.800000000000000000e+01 5.769938975572586060e-02
1.900000000000000000e+01 1.594546809792518616e-02
2.000000000000000000e+01 -2.344088628888130188e-02
2.100000000000000000e+01 -6.047944724559783936e-02
2.200000000000000000e+01 -9.475219249725341797e-02
2.300000000000000000e+01 -1.253700256347656250e-01
2.400000000000000000e+01 -1.520500630140304565e-01
2.500000000000000000e+01 -1.728009432554244995e-01
2.600000000000000000e+01 -1.867761313915252686e-01
2.700000000000000000e+01 -1.944294869899749756e-01
2.800000000000000000e+01 -1.970280408859252930e-01
2.900000000000000000e+01 -1.963852196931838989e-01
3.000000000000000000e+01 -1.934175342321395874e-01
3.100000000000000000e+01 -1.889988332986831665e-01
3.200000000000000000e+01 -1.835952699184417725e-01
3.300000000000000000e+01 -1.770266145467758179e-01
3.400000000000000000e+01 -1.693886816501617432e-01
3.500000000000000000e+01 -1.608996838331222534e-01
3.600000000000000000e+01 -1.523763835430145264e-01
3.700000000000000000e+01 -1.432188749313354492e-01
3.800000000000000000e+01 -1.339051574468612671e-01
3.900000000000000000e+01 -1.241390407085418701e-01
4.000000000000000000e+01 -1.138790175318717957e-01
4.100000000000000000e+01 -1.029878929257392883e-01
4.200000000000000000e+01 -9.218265116214752197e-02
4.300000000000000000e+01 -8.109559863805770874e-02
4.400000000000000000e+01 -6.981371343135833740e-02
4.500000000000000000e+01 -5.835074931383132935e-02
4.600000000000000000e+01 -4.662504792213439941e-02
4.700000000000000000e+01 -3.511602431535720825e-02
4.800000000000000000e+01 -2.413933351635932922e-02
4.900000000000000000e+01 -1.345477905124425888e-02
5.000000000000000000e+01 -4.696411080658435822e-03
5.100000000000000000e+01 -5.757159087806940079e-03
5.200000000000000000e+01 -6.448941770941019058e-03
5.300000000000000000e+01 -6.827504374086856842e-03
5.400000000000000000e+01 -7.414550986140966415e-03
5.500000000000000000e+01 -7.516126614063978195e-03
5.600000000000000000e+01 -7.683568634092807770e-03
5.700000000000000000e+01 -7.714617997407913208e-03
5.800000000000000000e+01 -7.515711244195699692e-03
5.900000000000000000e+01 -7.535681594163179398e-03
6.000000000000000000e+01 -7.026042789220809937e-03
6.100000000000000000e+01 -6.870084442198276520e-03
6.200000000000000000e+01 -6.539725698530673981e-03
6.300000000000000000e+01 -5.969706922769546509e-03
6.400000000000000000e+01 -5.218272563070058823e-03
6.500000000000000000e+01 -4.611311014741659164e-03
6.600000000000000000e+01 -4.316519945859909058e-03
6.700000000000000000e+01 -4.116573836654424667e-03
6.800000000000000000e+01 -3.524425439536571503e-03
6.900000000000000000e+01 -2.433461369946599007e-03
7.000000000000000000e+01 -1.204132684506475925e-03
7.100000000000000000e+01 1.917235204018652439e-04
7.200000000000000000e+01 1.479631057009100914e-03
7.300000000000000000e+01 2.665168838575482368e-03
7.400000000000000000e+01 3.954784478992223740e-03
7.500000000000000000e+01 5.112241022288799286e-03
7.600000000000000000e+01 6.075648590922355652e-03
7.700000000000000000e+01 6.757406052201986313e-03
7.800000000000000000e+01 7.928719744086265564e-03
7.900000000000000000e+01 8.033959195017814636e-03
8.000000000000000000e+01 8.387130685150623322e-03
8.100000000000000000e+01 8.974225260317325592e-03
8.200000000000000000e+01 9.653746150434017181e-03
8.300000000000000000e+01 1.033789105713367462e-02
8.400000000000000000e+01 1.105367206037044525e-02
8.500000000000000000e+01 1.175936777144670486e-02
8.600000000000000000e+01 1.226503867655992508e-02
8.700000000000000000e+01 1.223772577941417694e-02
8.800000000000000000e+01 1.246877759695053101e-02
8.900000000000000000e+01 1.216992177069187164e-02
9.000000000000000000e+01 1.215061359107494354e-02
9.100000000000000000e+01 1.222913525998592377e-02
9.200000000000000000e+01 1.210066024214029312e-02
9.300000000000000000e+01 1.148079242557287216e-02
9.400000000000000000e+01 1.178565714508295059e-02
9.500000000000000000e+01 1.152518950402736664e-02
9.600000000000000000e+01 1.139021385461091995e-02
9.700000000000000000e+01 9.261468425393104553e-03
9.800000000000000000e+01 7.154226303100585938e-03
9.900000000000000000e+01 3.599329385906457901e-03
