1.000000000000000000e+00 1.000000000000000000e+00
2.000000000000000000e+00 8.818351626396179199e-01
3.000000000000000000e+00 7.994096875190734863e-01
4.000000000000000000e+00 7.285331487655639648e-01
5.000000000000000000e+00 6.642110347747802734e-01
6.000000000000000000e+00 6.032287478446960449e-01
7.000000000000000000e+00 5.438278913497924805e-01
8.000000000000000000e+00 4.861742854118347168e-01
9.000000000000000000e+00 4.299443662166595459e-01
1.000000000000000000e+01 3.751956522464752197e-01
1.100000000000000000e+01 3.215592205524444580e-01
1.200000000000000000e+01 2.694721817970275879e-01
1.300000000000000000e+01 2.193440198898315430e-01
1.400000000000000000e+01 1.710307449102401733e-01
1.500000000000000000e+01 1.251030862331390381e-01
1.600000000000000000e+01 8.142994344234466553e-02
1.700000000000000000e+01 4.011107981204986572e-02
1.800000000000000000e+01 1.542456331662833691e-03
1.900000000000000000e+01 -3.400194272398948669e-02
2.000000000000000000e+01 -6.618010252714157104e-02
2.100000000000000000e+01 -9.548750519752502441e-02
2.200000000000000000e+01 -1.217713430523872375e-01
2.300000000000000000e+01 -1.445302069187164307e-01
2.400000000000000000e+01 -1.629600226879119873e-01
2.500000000000000000e+01 -1.759733408689498901e-01
2.600000000000000000e+01 -1.836860477924346924e-01
2.700000000000000000e+01 -1.862879991531372070e-01
2.800000000000000000e+01 -1.843422204256057739e-01
2.900000000000000000e+01 -1.797880977392196655e-01
3.000000000000000000e+01 -1.729788333177566528e-01
3.100000000000000000e+01 -1.651682108640670776e-01
3.200000000000000000e+01 -1.565981656312942505e-01
3.300000000000000000e+01 -1.477844715118408203e-01
3.400000000000000000e+01 -1.388380974531173706e-01
3.500000000000000000e+01 -1.301918774843215942e-01
3.600000000000000000e+01 -1.213619932532310486e-01
3.700000000000000000e+01 -1.128994897007942200e-01
3.800000000000000000e+01 -1.046684160828590393e-01
3.900000000000000000e+01 -9.637825936079025269e-02
4.000000000000000000e+01 -8.764140307903289795e-02
4.100000000000000000e+01 -7.899624109268188477e-02
4.200000000000000000e+01 -7.044399529695510864e-02
4.300000000000000000e+01 -6.148465722799301147e-02
4.400000000000000000e+01 -5.236266925930976868e-02
4.500000000000000000e+01 -4.333941638469696045e-02
4.600000000000000000e+01 -3.411966189742088318e-02
4.700000000000000000e+01 -2.542186342179775238e-02
4.800000000000000000e+01 -1.716986857354640961e-02
4.900000000000000000e+01 -9.198173880577087402e-03
5.000000000000000000e+01 -2.555434126406908035e-03
5.100000000000000000e+01 -3.635506145656108856e-03
5.200000000000000000e+01 -4.368208348751068115e-03
5.300000000000000000e+01 -4.772229120135307312e-03
5.400000000000000000e+01 -5.190603900700807571e-03
5.500000000000000000e+01 -5.089306272566318512e-03
5.600000000000000000e+01 -4.951078444719314575e-03
5.700000000000000000e+01 -4.708852153271436691e-03
5.800000000000000000e+01 -4.301900044083595276e-03
5.900000000000000000e+01 -4.023241810500621796e-03
6.000000000000000000e+01 -3.507336135953664780e-03
6.100000000000000000e+01 -3.033444983884692192e-03
6.200000000000000000e+01 -2.534324536100029945e-03
6.300000000000000000e+01 -1.885748584754765034e-03
6.400000000000000000e+01 -1.566455233842134476e-03
6.500000000000000000e+01 -1.219155150465667248e-03
6.600000000000000000e+01 -8.537126705050468445e-04
6.700000000000000000e+01 -7.696028915233910084e-04
6.800000000000000000e+01 -7.641589763807132840e-05
6.900000000000000000e+01 1.144719310104846954e-03
7.000000000000000000e+01 1.799794146791100502e-03
7.100000000000000000e+01 1.973041566088795662e-03
7.200000000000000000e+01 2.349920338019728661e-03
7.300000000000000000e+01 2.562952227890491486e-03
7.400000000000000000e+01 2.807423239573836327e-03
7.500000000000000000e+01 3.395234700292348862e-03
7.600000000000000000e+01 4.509525373578071594e-03
7.700000000000000000e+01 5.395083688199520111e-03
7.800000000000000000e+01 5.400060210376977921e-03
7.900000000000000000e+01 6.000435445457696915e-03
8.000000000000000000e+01 6.617848295718431473e-03
8.100000000000000000e+01 6.585506722331047058e-03
8.200000000000000000e+01 7.025253493338823318e-03
8.300000000000000000e+01 7.451417855918407440e-03
8.400000000000000000e+01 7.569612003862857819e-03
8.500000000000000000e+01 7.175310049206018448e-03
8.600000000000000000e+01 6.838903762400150299e-03
8.700000000000000000e+01 6.186552811414003372e-03
8.800000000000000000e+01 5.252124741673469543e-03
8.900000000000000000e+01 4.118249285966157913e-03
9.000000000000000000e+01 2.938585355877876282e-03
9.100000000000000000e+01 1.890806830488145351e-03
9.200000000000000000e+01 4.878163454122841358e-04
9.300000000000000000e+01 -1.656511216424405575e-03
9.400000000000000000e+01 -3.628264646977186203e-03
9.500000000000000000e+01 -4.339572973549365997e-03
9.600000000000000000e+01 -7.509991526603698730e-03
9.700000000000000000e+01 -7.938235066831111908e-03
9.800000000000000000e+01 -6.569261662662029266e-03
9.900000000000000000e+01 -8.796831592917442322e-03
