1.000000000000000000e+00 1.000000000000000000e+00
2.000000000000000000e+00 9.035579562187194824e-01
3.000000000000000000e+00 8.369235396385192871e-01
4.000000000000000000e+00 7.786671519279479980e-01
5.000000000000000000e+00 7.240120172500610352e-01
6.000000000000000000e+00 6.707730293273925781e-01
7.000000000000000000e+00 6.179007291793823242e-01
8.000000000000000000e+00 5.651587843894958496e-01
9.000000000000000000e+00 5.127265453338623047e-01
1.000000000000000000e+01 4.603324234485626221e-01
1.100000000000000000e+01 4.082517921924591064e-01
1.200000000000000000e+01 3.563548624515533447e-01
1.300000000000000000e+01 3.050482273101806641e-01
1.400000000000000000e+01 2.544716000556945801e-01
1.500000000000000000e+01 2.049219012260437012e-01
1.600000000000000000e+01 1.567726135253906250e-01
1.700000000000000000e+01 1.102989688515663147e-01
1.800000000000000000e+01 6.565717607736587524e-02
1.900000000000000000e+01 2.311924472451210022e-02
2.000000000000000000e+01 -1.689519546926021576e-02
2.100000000000000000e+01 -5.469287559390068054e-02
2.200000000000000000e+01 -8.959805220365524292e-02
2.300000000000000000e+01 -1.212583035230636597e-01
2.400000000000000000e+01 -1.479936987161636353e-01
2.500000000000000000e+01 -1.692793965339660645e-01
2.600000000000000000e+01 -1.839937716722488403e-01
2.700000000000000000e+01 -1.919351518154144287e-01
2.800000000000000000e+01 -1.956784129142761230e-01
2.900000000000000000e+01 -1.960019320249557495e-01
3.000000000000000000e+01 -1.940283626317977905e-01
3.100000000000000000e+01 -1.900023967027664185e-01
3.200000000000000000e+01 -1.846569776535034180e-01
3.300000000000000000e+01 -1.786996424198150635e-01
3.400000000000000000e+01 -1.717046052217483521e-01
3.500000000000000000e+01 -1.640472561120986938e-01
3.600000000000000000e+01 -1.557954400777816772e-01
3.700000000000000000e+01 -1.469986885786056519e-01
3.800000000000000000e+01 -1.374944746494293213e-01
3.900000000000000000e+01 -1.275153905153274536e-01
4.000000000000000000e+01 -1.174955517053604126e-01
4.100000000000000000e+01 -1.071385070681571960e-01
4.200000000000000000e+01 -9.646559506654739380e-02
4.300000000000000000e+01 -8.536343276500701904e-02
4.400000000000000000e+01 -7.386506348848342896e-02
4.500000000000000000e+01 -6.204015389084815979e-02
4.600000000000000000e+01 -5.011902004480361938e-02
4.700000000000000000e+01 -3.824564814567565918e-02
4.800000000000000000e+01 -2.651940844953060150e-02
4.900000000000000000e+01 -1.550433691591024399e-02
5.000000000000000000e+01 -5.421262700110673904e-03
5.100000000000000000e+01 -6.109763402491807938e-03
5.200000000000000000e+01 -6.318759173154830933e-03
5.300000000000000000e+01 -6.164263002574443817e-03
5.400000000000000000e+01 -6.412446964532136917e-03
5.500000000000000000e+01 -6.781190168112516403e-03
5.600000000000000000e+01 -6.577994674444198608e-03
5.700000000000000000e+01 -6.398061290383338928e-03
5.800000000000000000e+01 -6.325625348836183548e-03
5.900000000000000000e+01 -6.245428230613470078e-03
6.000000000000000000e+01 -5.901721306145191193e-03
6.100000000000000000e+01 -5.582538899034261703e-03
6.200000000000000000e+01 -5.517596378922462463e-03
6.300000000000000000e+01 -5.579974036663770676e-03
6.400000000000000000e+01 -5.453257821500301361e-03
6.500000000000000000e+01 -5.404043011367321014e-03
6.600000000000000000e+01 -5.336836446076631546e-03
6.700000000000000000e+01 -4.897882696241140366e-03
6.800000000000000000e+01 -4.756892565637826920e-03
6.900000000000000000e+01 -4.299321677535772324e-03
7.000000000000000000e+01 -3.353936830535531044e-03
7.100000000000000000e+01 -2.962699392810463905e-03
7.200000000000000000e+01 -2.206690842285752296e-03
7.300000000000000000e+01 -1.527644461020827293e-03
7.400000000000000000e+01 1.992739089473616332e-05
7.500000000000000000e+01 1.754532451741397381e-03
7.600000000000000000e+01 3.470739582553505898e-03
7.700000000000000000e+01 4.789144732058048248e-03
7.800000000000000000e+01 5.387544631958007812e-03
7.900000000000000000e+01 6.050907075405120850e-03
8.000000000000000000e+01 7.223695516586303711e-03
8.100000000000000000e+01 7.988120429217815399e-03
8.200000000000000000e+01 8.984773419797420502e-03
8.300000000000000000e+01 9.900469332933425903e-03
8.400000000000000000e+01 1.030858978629112244e-02
8.500000000000000000e+01 1.074560172855854034e-02
8.600000000000000000e+01 1.085345633327960968e-02
8.700000000000000000e+01 1.130470167845487595e-02
8.800000000000000000e+01 1.149765867739915848e-02
8.900000000000000000e+01 1.213708519935607910e-02
9.000000000000000000e+01 1.217131782323122025e-02
9.100000000000000000e+01 1.234053075313568115e-02
9.200000000000000000e+01 1.258277520537376404e-02
9.300000000000000000e+01 1.237245462834835052e-02
9.400000000000000000e+01 1.264702621847391129e-02
9.500000000000000000e+01 1.318183261901140213e-02
9.600000000000000000e+01 1.375062018632888794e-02
9.700000000000000000e+01 1.086362823843955994e-02
9.800000000000000000e+01 6.756434217095375061e-03
9.900000000000000000e+01 1.437347731553018093e-03
