1.000000000000000000e+00 1.000000000000000000e+00
2.000000000000000000e+00 8.956684470176696777e-01
3.000000000000000000e+00 8.228856325149536133e-01
4.000000000000000000e+00 7.591973543167114258e-01
5.000000000000000000e+00 6.997635960578918457e-01
6.000000000000000000e+00 6.424733400344848633e-01
7.000000000000000000e+00 5.862550735473632812e-01
8.000000000000000000e+00 5.305646061897277832e-01
9.000000000000000000e+00 4.754533767700195312e-01
1.000000000000000000e+01 4.209123253822326660e-01
1.100000000000000000e+01 3.670076727867126465e-01
1.200000000000000000e+01 3.139762282371520996e-01
1.300000000000000000e+01 2.625053822994232178e-01
1.400000000000000000e+01 2.122742831707000732e-01
1.500000000000000000e+01 1.634086668491363525e-01
1.600000000000000000e+01 1.164099723100662231e-01
1.700000000000000000e+01 7.144553959369659424e-02
1.800000000000000000e+01 2.891328930854797363e-02
1.900000000000000000e+01 -1.106494292616844177e-02
2.000000000000000000e+01 -4.829203337430953979e-02
2.100000000000000000e+01 -8.245415985584259033e-02
2.200000000000000000e+01 -1.134880185127258301e-01
2.300000000000000000e+01 -1.412102133035659790e-01
2.400000000000000000e+01 -1.644857227802276611e-01
2.500000000000000000e+01 -1.825848072767257690e-01
2.600000000000000000e+01 -1.939728558063507080e-01
2.700000000000000000e+01 -1.994723677635192871e-01
2.800000000000000000e+01 -1.999696791172027588e-01
2.900000000000000000e+01 -1.979980915784835815e-01
3.000000000000000000e+01 -1.937706917524337769e-01
3.100000000000000000e+01 -1.882669031620025635e-01
3.200000000000000000e+01 -1.815479695796966553e-01
3.300000000000000000e+01 -1.741618365049362183e-01
3.400000000000000000e+01 -1.658095568418502808e-01
3.500000000000000000e+01 -1.568377315998077393e-01
3.600000000000000000e+01 -1.473271995782852173e-01
3.700000000000000000e+01 -1.380018591880798340e-01
3.800000000000000000e+01 -1.285174190998077393e-01
3.900000000000000000e+01 -1.185500994324684143e-01
4.000000000000000000e+01 -1.079668700695037842e-01
4.100000000000000000e+01 -9.751064330339431763e-02
4.200000000000000000e+01 -8.694393187761306763e-02
4.300000000000000000e+01 -7.643786072731018066e-02
4.400000000000000000e+01 -6.584890931844711304e-02
4.500000000000000000e+01 -5.505669862031936646e-02
4.600000000000000000e+01 -4.393405094742774963e-02
4.700000000000000000e+01 -3.294826671481132507e-02
4.800000000000000000e+01 -2.202708832919597626e-02
4.900000000000000000e+01 -1.210289448499679565e-02
5.000000000000000000e+01 -3.247890388593077660e-03
5.100000000000000000e+01 -3.576387884095311165e-03
5.200000000000000000e+01 -4.733361769467592239e-03
5.300000000000000000e+01 -5.485266447067260742e-03
5.400000000000000000e+01 -6.077729165554046631e-03
5.500000000000000000e+01 -6.772829685360193253e-03
5.600000000000000000e+01 -7.362991105765104294e-03
5.700000000000000000e+01 -7.488606963306665421e-03
5.800000000000000000e+01 -7.174000144004821777e-03
5.900000000000000000e+01 -7.155994884669780731e-03
6.000000000000000000e+01 -7.074601016938686371e-03
6.100000000000000000e+01 -6.198741029947996140e-03
6.200000000000000000e+01 -5.388385150581598282e-03
6.300000000000000000e+01 -4.108107648789882660e-03
6.400000000000000000e+01 -2.736033871769905090e-03
6.500000000000000000e+01 -1.486386521719396114e-03
6.600000000000000000e+01 -2.475793880876153708e-04
6.700000000000000000e+01 8.096298552118241787e-04
6.800000000000000000e+01 1.662855152972042561e-03
6.900000000000000000e+01 2.385034691542387009e-03
7.000000000000000000e+01 3.182468004524707794e-03
7.100000000000000000e+01 3.441298846155405045e-03
7.200000000000000000e+01 4.569969139993190765e-03
7.300000000000000000e+01 5.682292860001325607e-03
7.400000000000000000e+01 7.087863516062498093e-03
7.500000000000000000e+01 8.296620100736618042e-03
7.600000000000000000e+01 8.893258869647979736e-03
7.700000000000000000e+01 9.720493108034133911e-03
7.800000000000000000e+01 1.055895816534757614e-02
7.900000000000000000e+01 1.115340366959571838e-02
8.000000000000000000e+01 1.214425824582576752e-02
8.100000000000000000e+01 1.296130660921335220e-02
8.200000000000000000e+01 1.311735995113849640e-02
8.300000000000000000e+01 1.318091526627540588e-02
8.400000000000000000e+01 1.276871655136346817e-02
8.500000000000000000e+01 1.319578476250171661e-02
8.600000000000000000e+01 1.388442795723676682e-02
8.700000000000000000e+01 1.504825521260499954e-02
8.800000000000000000e+01 1.544615905731916428e-02
8.900000000000000000e+01 1.506703160703182220e-02
9.000000000000000000e+01 1.524802111089229584e-02
9.100000000000000000e+01 1.580011658370494843e-02
9.200000000000000000e+01 1.705845631659030914e-02
9.300000000000000000e+01 1.748015917837619781e-02
9.400000000000000000e+01 1.760371774435043335e-02
9.500000000000000000e+01 1.779983006417751312e-02
9.600000000000000000e+01 1.684050820767879486e-02
9.700000000000000000e+01 1.690619066357612610e-02
9.800000000000000000e+01 1.772716455161571503e-02
9.900000000000000000e+01 1.155917625874280930e-02
