1.000000000000000000e+00 1.000000000000000000e+00
2.000000000000000000e+00 8.995057344436645508e-01
3.000000000000000000e+00 8.302217125892639160e-01
4.000000000000000000e+00 7.695501446723937988e-01
5.000000000000000000e+00 7.129415273666381836e-01
6.000000000000000000e+00 6.579495072364807129e-01
7.000000000000000000e+00 6.033684611320495605e-01
8.000000000000000000e+00 5.491622686386108398e-01
9.000000000000000000e+00 4.951895475387573242e-01
1.000000000000000000e+01 4.416452646255493164e-01
1.100000000000000000e+01 3.881624341011047363e-01
1.200000000000000000e+01 3.356546759605407715e-01
1.300000000000000000e+01 2.837802171707153320e-01
1.400000000000000000e+01 2.329661101102828979e-01
1.500000000000000000e+01 1.834568679332733154e-01
1.600000000000000000e+01 1.354997605085372925e-01
1.700000000000000000e+01 8.937581628561019897e-02
1.800000000000000000e+01 4.546660929918289185e-02
1.900000000000000000e+01 4.174496512860059738e-03
2.000000000000000000e+01 -3.477249294519424438e-02
2.100000000000000000e+01 -7.096352428197860718e-02
2.200000000000000000e+01 -1.041926741600036621e-01
2.300000000000000000e+01 -1.340603679418563843e-01
2.400000000000000000e+01 -1.594507545232772827e-01
2.500000000000000000e+01 -1.791273653507232666e-01
2.600000000000000000e+01 -1.919912695884704590e-01
2.700000000000000000e+01 -1.989734917879104614e-01
2.800000000000000000e+01 -2.012694329023361206e-01
2.900000000000000000e+01 -2.006004005670547485e-01
3.000000000000000000e+01 -1.978560090065002441e-01
3.100000000000000000e+01 -1.933519095182418823e-01
3.200000000000000000e+01 -1.876528412103652954e-01
3.300000000000000000e+01 -1.806640326976776123e-01
3.400000000000000000e+01 -1.730146706104278564e-01
3.500000000000000000e+01 -1.650035977363586426e-01
3.600000000000000000e+01 -1.564256846904754639e-01
3.700000000000000000e+01 -1.471191048622131348e-01
3.800000000000000000e+01 -1.375958025455474854e-01
3.900000000000000000e+01 -1.275849640369415283e-01
4.000000000000000000e+01 -1.170475929975509644e-01
4.100000000000000000e+01 -1.060709506273269653e-01
4.200000000000000000e+01 -9.481865912675857544e-02
4.300000000000000000e+01 -8.318314701318740845e-02
4.400000000000000000e+01 -7.159975916147232056e-02
4.500000000000000000e+01 -5.968485400080680847e-02
4.600000000000000000e+01 -4.807579517364501953e-02
4.700000000000000000e+01 -3.645773977041244507e-02
4.800000000000000000e+01 -2.514296770095825195e-02
4.900000000000000000e+01 -1.457005273550748825e-02
5.000000000000000000e+01 -5.065867677330970764e-03
5.100000000000000000e+01 -6.060159299522638321e-03
5.200000000000000000e+01 -6.190143991261720657e-03
5.300000000000000000e+01 -6.413435097783803940e-03
5.400000000000000000e+01 -6.788751576095819473e-03
5.500000000000000000e+01 -6.652594078332185745e-03
5.600000000000000000e+01 -6.322112400084733963e-03
5.700000000000000000e+01 -6.080870982259511948e-03
5.800000000000000000e+01 -5.913116969168186188e-03
5.900000000000000000e+01 -5.660283379256725311e-03
6.000000000000000000e+01 -5.707192234694957733e-03
6.100000000000000000e+01 -5.643102340400218964e-03
6.200000000000000000e+01 -5.375946871936321259e-03
6.300000000000000000e+01 -5.396865773946046829e-03
6.400000000000000000e+01 -5.310408305376768112e-03
6.500000000000000000e+01 -5.331910215318202972e-03
6.600000000000000000e+01 -4.887029528617858887e-03
6.700000000000000000e+01 -4.233167041093111038e-03
6.800000000000000000e+01 -3.153435187414288521e-03
6.900000000000000000e+01 -1.928122597746551037e-03
7.000000000000000000e+01 -7.861273479647934437e-04
7.100000000000000000e+01 8.337985491380095482e-04
7.200000000000000000e+01 2.714218106120824814e-03
7.300000000000000000e+01 4.539912566542625427e-03
7.400000000000000000e+01 5.864951293915510178e-03
7.500000000000000000e+01 7.381672505289316177e-03
7.600000000000000000e+01 8.714157156646251678e-03
7.700000000000000000e+01 9.651897475123405457e-03
7.800000000000000000e+01 1.029933150857686996e-02
7.900000000000000000e+01 1.105808373540639877e-02
8.000000000000000000e+01 1.167331263422966003e-02
8.100000000000000000e+01 1.250126212835311890e-02
8.200000000000000000e+01 1.334500312805175781e-02
8.300000000000000000e+01 1.446254178881645203e-02
8.400000000000000000e+01 1.516160462051630020e-02
8.500000000000000000e+01 1.524105202406644821e-02
8.600000000000000000e+01 1.669818162918090820e-02
8.700000000000000000e+01 1.730509847402572632e-02
8.800000000000000000e+01 1.825456321239471436e-02
8.900000000000000000e+01 1.878533326089382172e-02
9.000000000000000000e+01 2.011431567370891571e-02
9.100000000000000000e+01 2.086040191352367401e-02
9.200000000000000000e+01 2.179875969886779785e-02
9.300000000000000000e+01 2.226491458714008331e-02
9.400000000000000000e+01 2.314077317714691162e-02
9.500000000000000000e+01 2.270525880157947540e-02
9.600000000000000000e+01 2.232496626675128937e-02
9.700000000000000000e+01 2.119770646095275879e-02
9.800000000000000000e+01 2.064378745853900909e-02
9.900000000000000000e+01 2.385588921606540680e-02
