1.000000000000000000e+00 1.000000000000000000e+00
2.000000000000000000e+00 8.976223468780517578e-01
3.000000000000000000e+00 8.265742063522338867e-01
4.000000000000000000e+00 7.643329501152038574e-01
5.000000000000000000e+00 7.056698203086853027e-01
6.000000000000000000e+00 6.492709517478942871e-01
7.000000000000000000e+00 5.938966274261474609e-01
8.000000000000000000e+00 5.388296246528625488e-01
9.000000000000000000e+00 4.841894209384918213e-01
1.000000000000000000e+01 4.300148487091064453e-01
1.100000000000000000e+01 3.761695623397827148e-01
1.200000000000000000e+01 3.231430649757385254e-01
1.300000000000000000e+01 2.710237801074981689e-01
1.400000000000000000e+01 2.203449010848999023e-01
1.500000000000000000e+01 1.710949838161468506e-01
1.600000000000000000e+01 1.240168362855911255e-01
1.700000000000000000e+01 7.865510880947113037e-02
1.800000000000000000e+01 3.556511178612709045e-02
1.900000000000000000e+01 -4.789914935827255249e-03
2.000000000000000000e+01 -4.287550225853919983e-02
2.100000000000000000e+01 -7.779125869274139404e-02
2.200000000000000000e+01 -1.099112331867218018e-01
2.300000000000000000e+01 -1.381638199090957642e-01
2.400000000000000000e+01 -1.624975204467773438e-01
2.500000000000000000e+01 -1.808653324842453003e-01
2.600000000000000000e+01 -1.929107308387756348e-01
2.700000000000000000e+01 -1.988817900419235229e-01
2.800000000000000000e+01 -2.001656889915466309e-01
2.900000000000000000e+01 -1.979970633983612061e-01
3.000000000000000000e+01 -1.938588917255401611e-01
3.100000000000000000e+01 -1.882963329553604126e-01
3.200000000000000000e+01 -1.816809475421905518e-01
3.300000000000000000e+01 -1.740637421607971191e-01
3.400000000000000000e+01 -1.659086793661117554e-01
3.500000000000000000e+01 -1.572636067867279053e-01
3.600000000000000000e+01 -1.483594477176666260e-01
3.700000000000000000e+01 -1.388525366783142090e-01
3.800000000000000000e+01 -1.292659044265747070e-01
3.900000000000000000e+01 -1.194542273879051208e-01
4.000000000000000000e+01 -1.092109680175781250e-01
4.100000000000000000e+01 -9.902193397283554077e-02
4.200000000000000000e+01 -8.852702379226684570e-02
4.300000000000000000e+01 -7.808209955692291260e-02
4.400000000000000000e+01 -6.727882474660873413e-02
4.500000000000000000e+01 -5.616531893610954285e-02
4.600000000000000000e+01 -4.499476775527000427e-02
4.700000000000000000e+01 -3.411697968840599060e-02
4.800000000000000000e+01 -2.340354397892951965e-02
4.900000000000000000e+01 -1.331778708845376968e-02
5.000000000000000000e+01 -4.204363562166690826e-03
5.100000000000000000e+01 -5.495858844369649887e-03
5.200000000000000000e+01 -6.102076265960931778e-03
5.300000000000000000e+01 -7.122758775949478149e-03
5.400000000000000000e+01 -7.973696105182170868e-03
5.500000000000000000e+01 -8.577559143304824829e-03
5.600000000000000000e+01 -8.816643618047237396e-03
5.700000000000000000e+01 -8.969154208898544312e-03
5.800000000000000000e+01 -8.908246643841266632e-03
5.900000000000000000e+01 -8.607077412307262421e-03
6.000000000000000000e+01 -8.454939350485801697e-03
6.100000000000000000e+01 -7.574271876364946365e-03
6.200000000000000000e+01 -6.717554293572902679e-03
6.300000000000000000e+01 -6.151163950562477112e-03
6.400000000000000000e+01 -5.334127228707075119e-03
6.500000000000000000e+01 -4.240595269948244095e-03
6.600000000000000000e+01 -2.806206233799457550e-03
6.700000000000000000e+01 -1.773266820237040520e-03
6.800000000000000000e+01 -8.053585188463330269e-04
6.900000000000000000e+01 5.794114549644291401e-04
7.000000000000000000e+01 2.253947546705603600e-03
7.100000000000000000e+01 3.806950990110635757e-03
7.200000000000000000e+01 5.628675222396850586e-03
7.300000000000000000e+01 7.154247257858514786e-03
7.400000000000000000e+01 8.345028385519981384e-03
7.500000000000000000e+01 9.470951743423938751e-03
7.600000000000000000e+01 1.075521856546401978e-02
7.700000000000000000e+01 1.225682906806468964e-02
7.800000000000000000e+01 1.378422509878873825e-02
7.900000000000000000e+01 1.522869151085615158e-02
8.000000000000000000e+01 1.620800420641899109e-02
8.100000000000000000e+01 1.676478795707225800e-02
8.200000000000000000e+01 1.673040352761745453e-02
8.300000000000000000e+01 1.667921990156173706e-02
8.400000000000000000e+01 1.660666801035404205e-02
8.500000000000000000e+01 1.611375436186790466e-02
8.600000000000000000e+01 1.644653454422950745e-02
8.700000000000000000e+01 1.569423079490661621e-02
8.800000000000000000e+01 1.590096578001976013e-02
8.900000000000000000e+01 1.599411480128765106e-02
9.000000000000000000e+01 1.613770797848701477e-02
9.100000000000000000e+01 1.600027084350585938e-02
9.200000000000000000e+01 1.643545553088188171e-02
9.300000000000000000e+01 1.729269139468669891e-02
9.400000000000000000e+01 1.760647632181644440e-02
9.500000000000000000e+01 1.744739897549152374e-02
9.600000000000000000e+01 1.679105311632156372e-02
9.700000000000000000e+01 1.823074929416179657e-02
9.800000000000000000e+01 1.830845512449741364e-02
9.900000000000000000e+01 1.681895554065704346e-02
