1.000000000000000000e+00 1.000000000000000000e+00
2.000000000000000000e+00 9.024977087974548340e-01
3.000000000000000000e+00 8.350558876991271973e-01
4.000000000000000000e+00 7.758190035820007324e-01
5.000000000000000000e+00 7.202812433242797852e-01
6.000000000000000000e+00 6.662215590476989746e-01
7.000000000000000000e+00 6.128774881362915039e-01
8.000000000000000000e+00 5.595841407775878906e-01
9.000000000000000000e+00 5.063936114311218262e-01
1.000000000000000000e+01 4.531378448009490967e-01
1.100000000000000000e+01 4.004689157009124756e-01
1.200000000000000000e+01 3.484229147434234619e-01
1.300000000000000000e+01 2.971431016921997070e-01
1.400000000000000000e+01 2.467824369668960571e-01
1.500000000000000000e+01 1.976154595613479614e-01
1.600000000000000000e+01 1.494005173444747925e-01
1.700000000000000000e+01 1.033806577324867249e-01
1.800000000000000000e+01 5.919761210680007935e-02
1.900000000000000000e+01 1.727391965687274933e-02
2.000000000000000000e+01 -2.222883887588977814e-02
2.100000000000000000e+01 -5.940686166286468506e-02
2.200000000000000000e+01 -9.367331117391586304e-02
2.300000000000000000e+01 -1.243398413062095642e-01
2.400000000000000000e+01 -1.508875340223312378e-01
2.500000000000000000e+01 -1.717589646577835083e-01
2.600000000000000000e+01 -1.857975870370864868e-01
2.700000000000000000e+01 -1.935264468193054199e-01
2.800000000000000000e+01 -1.965768188238143921e-01
2.900000000000000000e+01 -1.961702406406402588e-01
3.000000000000000000e+01 -1.937072873115539551e-01
3.100000000000000000e+01 -1.894875466823577881e-01
3.200000000000000000e+01 -1.842727512121200562e-01
3.300000000000000000e+01 -1.782955378293991089e-01
3.400000000000000000e+01 -1.712238788604736328e-01
3.500000000000000000e+01 -1.632083207368850708e-01
3.600000000000000000e+01 -1.548732668161392212e-01
3.700000000000000000e+01 -1.460323482751846313e-01
3.800000000000000000e+01 -1.366684287786483765e-01
3.900000000000000000e+01 -1.268072724342346191e-01
4.000000000000000000e+01 -1.164613366127014160e-01
4.100000000000000000e+01 -1.059522405266761780e-01
4.200000000000000000e+01 -9.509926289319992065e-02
4.300000000000000000e+01 -8.382198214530944824e-02
4.400000000000000000e+01 -7.224442809820175171e-02
4.500000000000000000e+01 -6.084684655070304871e-02
4.600000000000000000e+01 -4.936552047729492188e-02
4.700000000000000000e+01 -3.767328709363937378e-02
4.800000000000000000e+01 -2.647150866687297821e-02
4.900000000000000000e+01 -1.582434959709644318e-02
5.000000000000000000e+01 -6.238149013370275497e-03
5.100000000000000000e+01 -7.097315508872270584e-03
5.200000000000000000e+01 -7.021104916930198669e-03
5.300000000000000000e+01 -7.497789803892374039e-03
5.400000000000000000e+01 -7.681543938815593719e-03
5.500000000000000000e+01 -7.664888631552457809e-03
5.600000000000000000e+01 -7.644096855074167252e-03
5.700000000000000000e+01 -7.649498526006937027e-03
5.800000000000000000e+01 -7.419129833579063416e-03
5.900000000000000000e+01 -6.986070424318313599e-03
6.000000000000000000e+01 -6.717446725815534592e-03
6.100000000000000000e+01 -6.271608639508485794e-03
6.200000000000000000e+01 -5.606340710073709488e-03
6.300000000000000000e+01 -4.804697353392839432e-03
6.400000000000000000e+01 -4.300910979509353638e-03
6.500000000000000000e+01 -3.683749819174408913e-03
6.600000000000000000e+01 -2.479776507243514061e-03
6.700000000000000000e+01 -1.569636515341699123e-03
6.800000000000000000e+01 -5.148652708157896996e-04
6.900000000000000000e+01 5.927241872996091843e-04
7.000000000000000000e+01 2.301046857610344887e-03
7.100000000000000000e+01 3.914524335414171219e-03
7.200000000000000000e+01 5.433741025626659393e-03
7.300000000000000000e+01 6.424780469387769699e-03
7.400000000000000000e+01 7.322872523218393326e-03
7.500000000000000000e+01 8.195720613002777100e-03
7.600000000000000000e+01 8.900267072021961212e-03
7.700000000000000000e+01 9.705970995128154755e-03
7.800000000000000000e+01 1.064122933894395828e-02
7.900000000000000000e+01 1.138907764106988907e-02
8.000000000000000000e+01 1.192526891827583313e-02
8.100000000000000000e+01 1.261441316455602646e-02
8.200000000000000000e+01 1.354280952364206314e-02
8.300000000000000000e+01 1.410526130348443985e-02
8.400000000000000000e+01 1.545329764485359192e-02
8.500000000000000000e+01 1.603473350405693054e-02
8.600000000000000000e+01 1.688174530863761902e-02
8.700000000000000000e+01 1.736502721905708313e-02
8.800000000000000000e+01 1.781661622226238251e-02
8.900000000000000000e+01 1.785607449710369110e-02
9.000000000000000000e+01 1.833242364227771759e-02
9.100000000000000000e+01 1.923355087637901306e-02
9.200000000000000000e+01 1.833574660122394562e-02
9.300000000000000000e+01 1.837415434420108795e-02
9.400000000000000000e+01 1.811470463871955872e-02
9.500000000000000000e+01 1.867217384278774261e-02
9.600000000000000000e+01 1.878862641751766205e-02
9.700000000000000000e+01 1.757364906370639801e-02
9.800000000000000000e+01 1.660678908228874207e-02
9.900000000000000000e+01 9.670648723840713501e-03
