1.000000000000000000e+00 1.000000000000000000e+00
2.000000000000000000e+00 8.796844482421875000e-01
3.000000000000000000e+00 7.953687906265258789e-01
4.000000000000000000e+00 7.236570119857788086e-01
5.000000000000000000e+00 6.584700942039489746e-01
6.000000000000000000e+00 5.969568490982055664e-01
7.000000000000000000e+00 5.377255082130432129e-01
8.000000000000000000e+00 4.802902638912200928e-01
9.000000000000000000e+00 4.243347346782684326e-01
1.000000000000000000e+01 3.696055412292480469e-01
1.100000000000000000e+01 3.161537051200866699e-01
1.200000000000000000e+01 2.644090652465820312e-01
1.300000000000000000e+01 2.143737226724624634e-01
1.400000000000000000e+01 1.664656251668930054e-01
1.500000000000000000e+01 1.206366866827011108e-01
1.600000000000000000e+01 7.703914493322372437e-02
1.700000000000000000e+01 3.614432364702224731e-02
1.800000000000000000e+01 -1.839278382249176502e-03
1.900000000000000000e+01 -3.692921251058578491e-02
2.000000000000000000e+01 -6.895501166582107544e-02
2.100000000000000000e+01 -9.787005186080932617e-02
2.200000000000000000e+01 -1.231608912348747253e-01
2.300000000000000000e+01 -1.448461413383483887e-01
2.400000000000000000e+01 -1.624326109886169434e-01
2.500000000000000000e+01 -1.751129329204559326e-01
2.600000000000000000e+01 -1.823681294918060303e-01
2.700000000000000000e+01 -1.844594478607177734e-01
2.800000000000000000e+01 -1.825743317604064941e-01
2.900000000000000000e+01 -1.777265816926956177e-01
3.000000000000000000e+01 -1.716953516006469727e-01
3.100000000000000000e+01 -1.642046272754669189e-01
3.200000000000000000e+01 -1.562235057353973389e-01
3.300000000000000000e+01 -1.472173631191253662e-01
3.400000000000000000e+01 -1.384741067886352539e-01
3.500000000000000000e+01 -1.299015283584594727e-01
3.600000000000000000e+01 -1.211256459355354309e-01
3.700000000000000000e+01 -1.121947318315505981e-01
3.800000000000000000e+01 -1.033121347427368164e-01
3.900000000000000000e+01 -9.474207460880279541e-02
4.000000000000000000e+01 -8.596593141555786133e-02
4.100000000000000000e+01 -7.709091156721115112e-02
4.200000000000000000e+01 -6.801447272300720215e-02
4.300000000000000000e+01 -5.933843925595283508e-02
4.400000000000000000e+01 -5.070188641548156738e-02
4.500000000000000000e+01 -4.180952534079551697e-02
4.600000000000000000e+01 -3.310199826955795288e-02
4.700000000000000000e+01 -2.423723600804805756e-02
4.800000000000000000e+01 -1.581974513828754425e-02
4.900000000000000000e+01 -8.368919603526592255e-03
5.000000000000000000e+01 -2.358357189223170280e-03
5.100000000000000000e+01 -3.151077777147293091e-03
5.200000000000000000e+01 -3.879988566040992737e-03
5.300000000000000000e+01 -4.669814836233854294e-03
5.400000000000000000e+01 -5.163006484508514404e-03
5.500000000000000000e+01 -5.135540384799242020e-03
5.600000000000000000e+01 -5.180028267204761505e-03
5.700000000000000000e+01 -5.263183731585741043e-03
5.800000000000000000e+01 -4.951302893459796906e-03
5.900000000000000000e+01 -4.154994618147611618e-03
6.000000000000000000e+01 -3.285166574642062187e-03
6.100000000000000000e+01 -2.859271597117185593e-03
6.200000000000000000e+01 -2.115382812917232513e-03
6.300000000000000000e+01 -1.205552020110189915e-03
6.400000000000000000e+01 -5.192874814383685589e-04
6.500000000000000000e+01 -8.336320752277970314e-05
6.600000000000000000e+01 7.387797231785953045e-04
6.700000000000000000e+01 1.249076100066304207e-03
6.800000000000000000e+01 2.239760011434555054e-03
6.900000000000000000e+01 2.923442050814628601e-03
7.000000000000000000e+01 3.586767474189400673e-03
7.100000000000000000e+01 3.847145941108465195e-03
7.200000000000000000e+01 4.286366514861583710e-03
7.300000000000000000e+01 4.512731917202472687e-03
7.400000000000000000e+01 4.423875827342271805e-03
7.500000000000000000e+01 3.839740063995122910e-03
7.600000000000000000e+01 3.581083379685878754e-03
7.700000000000000000e+01 2.838183194398880005e-03
7.800000000000000000e+01 2.264536451548337936e-03
7.900000000000000000e+01 1.971348654478788376e-03
8.000000000000000000e+01 1.957396743819117546e-03
8.100000000000000000e+01 1.975974068045616150e-03
8.200000000000000000e+01 1.815126859582960606e-03
8.300000000000000000e+01 1.499144593253731728e-03
8.400000000000000000e+01 1.596931135281920433e-03
8.500000000000000000e+01 1.847096602432429790e-03
8.600000000000000000e+01 1.380447298288345337e-03
8.700000000000000000e+01 1.200198777951300144e-03
8.800000000000000000e+01 5.365330143831670284e-04
8.900000000000000000e+01 2.235325882793404162e-05
9.000000000000000000e+01 2.717268944252282381e-04
9.100000000000000000e+01 2.658938174135982990e-04
9.200000000000000000e+01 -9.235310717485845089e-04
9.300000000000000000e+01 -2.006046008318662643e-03
9.400000000000000000e+01 -1.817621872760355473e-03
9.500000000000000000e+01 -2.479138085618615150e-03
9.600000000000000000e+01 -4.313557408750057220e-03
9.700000000000000000e+01 -2.793992403894662857e-03
9.800000000000000000e+01 1.771423849277198315e-03
9.900000000000000000e+01 7.473297300748527050e-04
