1.000000000000000000e+00 1.000000000000000000e+00
2.000000000000000000e+00 9.003121852874755859e-01
3.000000000000000000e+00 8.315815925598144531e-01
4.000000000000000000e+00 7.713658809661865234e-01
5.000000000000000000e+00 7.149955630302429199e-01
6.000000000000000000e+00 6.600751876831054688e-01
7.000000000000000000e+00 6.056853532791137695e-01
8.000000000000000000e+00 5.514644384384155273e-01
9.000000000000000000e+00 4.976615309715270996e-01
1.000000000000000000e+01 4.440720379352569580e-01
1.100000000000000000e+01 3.908795118331909180e-01
1.200000000000000000e+01 3.383130133152008057e-01
1.300000000000000000e+01 2.865679562091827393e-01
1.400000000000000000e+01 2.361134588718414307e-01
1.500000000000000000e+01 1.868361383676528931e-01
1.600000000000000000e+01 1.392585337162017822e-01
1.700000000000000000e+01 9.326321631669998169e-02
1.800000000000000000e+01 4.977705329656600952e-02
1.900000000000000000e+01 8.136598393321037292e-03
2.000000000000000000e+01 -3.098625130951404572e-02
2.100000000000000000e+01 -6.754526495933532715e-02
2.200000000000000000e+01 -1.011066809296607971e-01
2.300000000000000000e+01 -1.313189417123794556e-01
2.400000000000000000e+01 -1.569360643625259399e-01
2.500000000000000000e+01 -1.771763712167739868e-01
2.600000000000000000e+01 -1.909539401531219482e-01
2.700000000000000000e+01 -1.986545771360397339e-01
2.800000000000000000e+01 -2.016389966011047363e-01
2.900000000000000000e+01 -2.009299695491790771e-01
3.000000000000000000e+01 -1.978750824928283691e-01
3.100000000000000000e+01 -1.930113881826400757e-01
3.200000000000000000e+01 -1.874929666519165039e-01
3.300000000000000000e+01 -1.811132729053497314e-01
3.400000000000000000e+01 -1.740642637014389038e-01
3.500000000000000000e+01 -1.659252792596817017e-01
3.600000000000000000e+01 -1.569669395685195923e-01
3.700000000000000000e+01 -1.473556905984878540e-01
3.800000000000000000e+01 -1.374227851629257202e-01
3.900000000000000000e+01 -1.271741390228271484e-01
4.000000000000000000e+01 -1.166834905743598938e-01
4.100000000000000000e+01 -1.059174835681915283e-01
4.200000000000000000e+01 -9.456517547369003296e-02
4.300000000000000000e+01 -8.324370533227920532e-02
4.400000000000000000e+01 -7.159028947353363037e-02
4.500000000000000000e+01 -5.963943526148796082e-02
4.600000000000000000e+01 -4.747801274061203003e-02
4.700000000000000000e+01 -3.549905866384506226e-02
4.800000000000000000e+01 -2.402246184647083282e-02
4.900000000000000000e+01 -1.299053244292736053e-02
5.000000000000000000e+01 -3.708783071488142014e-03
5.100000000000000000e+01 -4.195935092866420746e-03
5.200000000000000000e+01 -4.368715453892946243e-03
5.300000000000000000e+01 -4.473809152841567993e-03
5.400000000000000000e+01 -4.372957162559032440e-03
5.500000000000000000e+01 -4.461965057998895645e-03
5.600000000000000000e+01 -4.678021185100078583e-03
5.700000000000000000e+01 -4.855046980082988739e-03
5.800000000000000000e+01 -5.107584409415721893e-03
5.900000000000000000e+01 -5.186681635677814484e-03
6.000000000000000000e+01 -5.230467300862073898e-03
6.100000000000000000e+01 -5.040424875915050507e-03
6.200000000000000000e+01 -4.861750174313783646e-03
6.300000000000000000e+01 -4.425629507750272751e-03
6.400000000000000000e+01 -4.097219556570053101e-03
6.500000000000000000e+01 -3.999467473477125168e-03
6.600000000000000000e+01 -3.694591345265507698e-03
6.700000000000000000e+01 -3.412229008972644806e-03
6.800000000000000000e+01 -3.204709151759743690e-03
6.900000000000000000e+01 -2.980041550472378731e-03
7.000000000000000000e+01 -2.257922431454062462e-03
7.100000000000000000e+01 -1.161972875706851482e-03
7.200000000000000000e+01 -1.148530427599325776e-04
7.300000000000000000e+01 1.434586476534605026e-03
7.400000000000000000e+01 3.003282705321907997e-03
7.500000000000000000e+01 4.213894251734018326e-03
7.600000000000000000e+01 5.318403709679841995e-03
7.700000000000000000e+01 6.909413263201713562e-03
7.800000000000000000e+01 7.968049496412277222e-03
7.900000000000000000e+01 9.196178056299686432e-03
8.000000000000000000e+01 1.004835776984691620e-02
8.100000000000000000e+01 1.146315876394510269e-02
8.200000000000000000e+01 1.214263029396533966e-02
8.300000000000000000e+01 1.271940022706985474e-02
8.400000000000000000e+01 1.259233802556991577e-02
8.500000000000000000e+01 1.244215760380029678e-02
8.600000000000000000e+01 1.247286889702081680e-02
8.700000000000000000e+01 1.269732229411602020e-02
8.800000000000000000e+01 1.332505885511636734e-02
8.900000000000000000e+01 1.346569508314132690e-02
9.000000000000000000e+01 1.359706558287143707e-02
9.100000000000000000e+01 1.374026015400886536e-02
9.200000000000000000e+01 1.453333348035812378e-02
9.300000000000000000e+01 1.481109205633401871e-02
9.400000000000000000e+01 1.580652780830860138e-02
9.500000000000000000e+01 1.520224288105964661e-02
9.600000000000000000e+01 1.512956898659467697e-02
9.700000000000000000e+01 1.325777918100357056e-02
9.800000000000000000e+01 1.203284226357936859e-02
9.900000000000000000e+01 9.900819510221481323e-03
