1.000000000000000000e+00 1.000000000000000000e+00
2.000000000000000000e+00 9.022873640060424805e-01
3.000000000000000000e+00 8.347497582435607910e-01
4.000000000000000000e+00 7.752578258514404297e-01
5.000000000000000000e+00 7.195515632629394531e-01
6.000000000000000000e+00 6.649730205535888672e-01
7.000000000000000000e+00 6.109936237335205078e-01
8.000000000000000000e+00 5.573710799217224121e-01
9.000000000000000000e+00 5.038230419158935547e-01
1.000000000000000000e+01 4.506409168243408203e-01
1.100000000000000000e+01 3.978376090526580811e-01
1.200000000000000000e+01 3.457701504230499268e-01
1.300000000000000000e+01 2.943365871906280518e-01
1.400000000000000000e+01 2.439174652099609375e-01
1.500000000000000000e+01 1.946321725845336914e-01
1.600000000000000000e+01 1.469885706901550293e-01
1.700000000000000000e+01 1.008161976933479309e-01
1.800000000000000000e+01 5.655067414045333862e-02
1.900000000000000000e+01 1.464083790779113770e-02
2.000000000000000000e+01 -2.470985054969787598e-02
2.100000000000000000e+01 -6.207092478871345520e-02
2.200000000000000000e+01 -9.624786674976348877e-02
2.300000000000000000e+01 -1.266962587833404541e-01
2.400000000000000000e+01 -1.525689810514450073e-01
2.500000000000000000e+01 -1.729438751935958862e-01
2.600000000000000000e+01 -1.867351382970809937e-01
2.700000000000000000e+01 -1.941906958818435669e-01
2.800000000000000000e+01 -1.967014670372009277e-01
2.900000000000000000e+01 -1.961048990488052368e-01
3.000000000000000000e+01 -1.933133304119110107e-01
3.100000000000000000e+01 -1.888532191514968872e-01
3.200000000000000000e+01 -1.831535696983337402e-01
3.300000000000000000e+01 -1.766895353794097900e-01
3.400000000000000000e+01 -1.695204973220825195e-01
3.500000000000000000e+01 -1.620361357927322388e-01
3.600000000000000000e+01 -1.535412371158599854e-01
3.700000000000000000e+01 -1.445906609296798706e-01
3.800000000000000000e+01 -1.350971162319183350e-01
3.900000000000000000e+01 -1.250961869955062866e-01
4.000000000000000000e+01 -1.147827133536338806e-01
4.100000000000000000e+01 -1.042352244257926941e-01
4.200000000000000000e+01 -9.316460043191909790e-02
4.300000000000000000e+01 -8.174962550401687622e-02
4.400000000000000000e+01 -7.009779661893844604e-02
4.500000000000000000e+01 -5.843273550271987915e-02
4.600000000000000000e+01 -4.682688787579536438e-02
4.700000000000000000e+01 -3.541600331664085388e-02
4.800000000000000000e+01 -2.465671673417091370e-02
4.900000000000000000e+01 -1.392549276351928711e-02
5.000000000000000000e+01 -4.720033612102270126e-03
5.100000000000000000e+01 -6.093308329582214355e-03
5.200000000000000000e+01 -6.386983674019575119e-03
5.300000000000000000e+01 -6.577249150723218918e-03
5.400000000000000000e+01 -6.593802943825721741e-03
5.500000000000000000e+01 -6.952526047825813293e-03
5.600000000000000000e+01 -7.124590221792459488e-03
5.700000000000000000e+01 -7.249715272337198257e-03
5.800000000000000000e+01 -7.337207440286874771e-03
5.900000000000000000e+01 -7.314675021916627884e-03
6.000000000000000000e+01 -7.205229252576828003e-03
6.100000000000000000e+01 -7.294170558452606201e-03
6.200000000000000000e+01 -7.262127473950386047e-03
6.300000000000000000e+01 -7.302420213818550110e-03
6.400000000000000000e+01 -6.906223949044942856e-03
6.500000000000000000e+01 -5.967224482446908951e-03
6.600000000000000000e+01 -4.929305054247379303e-03
6.700000000000000000e+01 -4.059069789946079254e-03
6.800000000000000000e+01 -2.867338713258504868e-03
6.900000000000000000e+01 -1.922053750604391098e-03
7.000000000000000000e+01 -2.780663780868053436e-04
7.100000000000000000e+01 1.198732876218855381e-03
7.200000000000000000e+01 2.540177432820200920e-03
7.300000000000000000e+01 3.738461993634700775e-03
7.400000000000000000e+01 4.715405870229005814e-03
7.500000000000000000e+01 5.841853097081184387e-03
7.600000000000000000e+01 7.196560502052307129e-03
7.700000000000000000e+01 7.775431033223867416e-03
7.800000000000000000e+01 8.436608128249645233e-03
7.900000000000000000e+01 9.230104275047779083e-03
8.000000000000000000e+01 1.011173799633979797e-02
8.100000000000000000e+01 1.100259833037853241e-02
8.200000000000000000e+01 1.113591715693473816e-02
8.300000000000000000e+01 1.133964210748672485e-02
8.400000000000000000e+01 1.142259221524000168e-02
8.500000000000000000e+01 1.164046488702297211e-02
8.600000000000000000e+01 1.211595162749290466e-02
8.700000000000000000e+01 1.302292570471763611e-02
8.800000000000000000e+01 1.362218335270881653e-02
8.900000000000000000e+01 1.397986430674791336e-02
9.000000000000000000e+01 1.388910040259361267e-02
9.100000000000000000e+01 1.397323980927467346e-02
9.200000000000000000e+01 1.411348767578601837e-02
9.300000000000000000e+01 1.503919623792171478e-02
9.400000000000000000e+01 1.486715953797101974e-02
9.500000000000000000e+01 1.515927724540233612e-02
9.600000000000000000e+01 1.550014130771160126e-02
9.700000000000000000e+01 1.555547490715980530e-02
9.800000000000000000e+01 1.515348628163337708e-02
9.900000000000000000e+01 1.346408110111951828e-02
