1.000000000000000000e+00 1.000000000000000000e+00
2.000000000000000000e+00 8.986726999282836914e-01
3.000000000000000000e+00 8.282836675643920898e-01
4.000000000000000000e+00 7.668586969375610352e-01
5.000000000000000000e+00 7.094565033912658691e-01
6.000000000000000000e+00 6.538422703742980957e-01
7.000000000000000000e+00 5.990532636642456055e-01
8.000000000000000000e+00 5.447941422462463379e-01
9.000000000000000000e+00 4.905357956886291504e-01
1.000000000000000000e+01 4.366283714771270752e-01
1.100000000000000000e+01 3.834719657897949219e-01
1.200000000000000000e+01 3.307811617851257324e-01
1.300000000000000000e+01 2.789390981197357178e-01
1.400000000000000000e+01 2.284869700670242310e-01
1.500000000000000000e+01 1.791147738695144653e-01
1.600000000000000000e+01 1.315977126359939575e-01
1.700000000000000000e+01 8.600214123725891113e-02
1.800000000000000000e+01 4.249044880270957947e-02
1.900000000000000000e+01 1.257620402611792088e-03
2.000000000000000000e+01 -3.761316835880279541e-02
2.100000000000000000e+01 -7.362353801727294922e-02
2.200000000000000000e+01 -1.069119498133659363e-01
2.300000000000000000e+01 -1.360021978616714478e-01
2.400000000000000000e+01 -1.606617569923400879e-01
2.500000000000000000e+01 -1.793698221445083618e-01
2.600000000000000000e+01 -1.920270621776580811e-01
2.700000000000000000e+01 -1.985243260860443115e-01
2.800000000000000000e+01 -2.003941684961318970e-01
2.900000000000000000e+01 -1.993342041969299316e-01
3.000000000000000000e+01 -1.952571719884872437e-01
3.100000000000000000e+01 -1.898137331008911133e-01
3.200000000000000000e+01 -1.834139078855514526e-01
3.300000000000000000e+01 -1.759751439094543457e-01
3.400000000000000000e+01 -1.681817471981048584e-01
3.500000000000000000e+01 -1.603091806173324585e-01
3.600000000000000000e+01 -1.516108214855194092e-01
3.700000000000000000e+01 -1.424619555473327637e-01
3.800000000000000000e+01 -1.326231062412261963e-01
3.900000000000000000e+01 -1.226444840431213379e-01
4.000000000000000000e+01 -1.124412491917610168e-01
4.100000000000000000e+01 -1.020678654313087463e-01
4.200000000000000000e+01 -9.159336239099502563e-02
4.300000000000000000e+01 -8.072330802679061890e-02
4.400000000000000000e+01 -6.950905174016952515e-02
4.500000000000000000e+01 -5.822257325053215027e-02
4.600000000000000000e+01 -4.735617339611053467e-02
4.700000000000000000e+01 -3.621900081634521484e-02
4.800000000000000000e+01 -2.498644031584262848e-02
4.900000000000000000e+01 -1.422132086008787155e-02
5.000000000000000000e+01 -4.223838914185762405e-03
5.100000000000000000e+01 -5.024811252951622009e-03
5.200000000000000000e+01 -5.184817593544721603e-03
5.300000000000000000e+01 -5.402812268584966660e-03
5.400000000000000000e+01 -5.542478989809751511e-03
5.500000000000000000e+01 -5.525108426809310913e-03
5.600000000000000000e+01 -5.082915071398019791e-03
5.700000000000000000e+01 -4.275154788047075272e-03
5.800000000000000000e+01 -3.699420019984245300e-03
5.900000000000000000e+01 -3.029511542990803719e-03
6.000000000000000000e+01 -2.529237652197480202e-03
6.100000000000000000e+01 -2.057341393083333969e-03
6.200000000000000000e+01 -1.023437245748937130e-03
6.300000000000000000e+01 -1.474377932026982307e-04
6.400000000000000000e+01 3.519215970300137997e-04
6.500000000000000000e+01 8.436414063908159733e-04
6.600000000000000000e+01 1.331998035311698914e-03
6.700000000000000000e+01 1.986544579267501831e-03
6.800000000000000000e+01 2.663379535079002380e-03
6.900000000000000000e+01 4.018560983240604401e-03
7.000000000000000000e+01 4.697539377957582474e-03
7.100000000000000000e+01 5.692249163985252380e-03
7.200000000000000000e+01 6.620903965085744858e-03
7.300000000000000000e+01 7.850938476622104645e-03
7.400000000000000000e+01 8.641747757792472839e-03
7.500000000000000000e+01 9.387876838445663452e-03
7.600000000000000000e+01 1.030454132705926895e-02
7.700000000000000000e+01 1.128676161170005798e-02
7.800000000000000000e+01 1.178686134517192841e-02
7.900000000000000000e+01 1.184028014540672302e-02
8.000000000000000000e+01 1.155715435743331909e-02
8.100000000000000000e+01 1.260818168520927429e-02
8.200000000000000000e+01 1.333360560238361359e-02
8.300000000000000000e+01 1.383189111948013306e-02
8.400000000000000000e+01 1.417292933911085129e-02
8.500000000000000000e+01 1.417640689760446548e-02
8.600000000000000000e+01 1.392837706953287125e-02
8.700000000000000000e+01 1.366553362458944321e-02
8.800000000000000000e+01 1.321915350854396820e-02
8.900000000000000000e+01 1.332353521138429642e-02
9.000000000000000000e+01 1.319074071943759918e-02
9.100000000000000000e+01 1.261043362319469452e-02
9.200000000000000000e+01 1.202875468879938126e-02
9.300000000000000000e+01 1.120621617883443832e-02
9.400000000000000000e+01 1.055916678160429001e-02
9.500000000000000000e+01 1.048775296658277512e-02
9.600000000000000000e+01 9.571693837642669678e-03
9.700000000000000000e+01 9.687365032732486725e-03
9.800000000000000000e+01 1.015881542116403580e-02
9.900000000000000000e+01 4.657016135752201080e-03
