1.000000000000000000e+00 1.000000000000000000e+00
2.000000000000000000e+00 8.939033746719360352e-01
3.000000000000000000e+00 8.200951814651489258e-01
4.000000000000000000e+00 7.558355927467346191e-01
5.000000000000000000e+00 6.960878372192382812e-01
6.000000000000000000e+00 6.386770009994506836e-01
7.000000000000000000e+00 5.823467373847961426e-01
8.000000000000000000e+00 5.267739892005920410e-01
9.000000000000000000e+00 4.717473089694976807e-01
1.000000000000000000e+01 4.172198474407196045e-01
1.100000000000000000e+01 3.636548817157745361e-01
1.200000000000000000e+01 3.107809126377105713e-01
1.300000000000000000e+01 2.595975995063781738e-01
1.400000000000000000e+01 2.093053907155990601e-01
1.500000000000000000e+01 1.606134623289108276e-01
1.600000000000000000e+01 1.139727830886840820e-01
1.700000000000000000e+01 6.956925988197326660e-02
1.800000000000000000e+01 2.776683680713176727e-02
1.900000000000000000e+01 -1.137857884168624878e-02
2.000000000000000000e+01 -4.819647595286369324e-02
2.100000000000000000e+01 -8.233172446489334106e-02
2.200000000000000000e+01 -1.130722910165786743e-01
2.300000000000000000e+01 -1.399023830890655518e-01
2.400000000000000000e+01 -1.622803658246994019e-01
2.500000000000000000e+01 -1.797010153532028198e-01
2.600000000000000000e+01 -1.909577101469039917e-01
2.700000000000000000e+01 -1.959443241357803345e-01
2.800000000000000000e+01 -1.967578530311584473e-01
2.900000000000000000e+01 -1.944477111101150513e-01
3.000000000000000000e+01 -1.902125030755996704e-01
3.100000000000000000e+01 -1.846346706151962280e-01
3.200000000000000000e+01 -1.778693646192550659e-01
3.300000000000000000e+01 -1.705842316150665283e-01
3.400000000000000000e+01 -1.628237813711166382e-01
3.500000000000000000e+01 -1.540596485137939453e-01
3.600000000000000000e+01 -1.450742632150650024e-01
3.700000000000000000e+01 -1.357832401990890503e-01
3.800000000000000000e+01 -1.260845363140106201e-01
3.900000000000000000e+01 -1.165142431855201721e-01
4.000000000000000000e+01 -1.061039492487907410e-01
4.100000000000000000e+01 -9.582486748695373535e-02
4.200000000000000000e+01 -8.580601215362548828e-02
4.300000000000000000e+01 -7.522030919790267944e-02
4.400000000000000000e+01 -6.436409801244735718e-02
4.500000000000000000e+01 -5.344132333993911743e-02
4.600000000000000000e+01 -4.292042925953865051e-02
4.700000000000000000e+01 -3.244979679584503174e-02
4.800000000000000000e+01 -2.218477614223957062e-02
4.900000000000000000e+01 -1.248218212276697159e-02
5.000000000000000000e+01 -3.557904856279492378e-03
5.100000000000000000e+01 -4.555945750325918198e-03
5.200000000000000000e+01 -5.017439369112253189e-03
5.300000000000000000e+01 -5.359576083719730377e-03
5.400000000000000000e+01 -5.543643143028020859e-03
5.500000000000000000e+01 -5.487410351634025574e-03
5.600000000000000000e+01 -5.150752607733011246e-03
5.700000000000000000e+01 -4.575680010020732880e-03
5.800000000000000000e+01 -4.142151679843664169e-03
5.900000000000000000e+01 -3.763476153835654259e-03
6.000000000000000000e+01 -3.599691437557339668e-03
6.100000000000000000e+01 -3.209064714610576630e-03
6.200000000000000000e+01 -2.386664040386676788e-03
6.300000000000000000e+01 -1.405560527928173542e-03
6.400000000000000000e+01 -7.846995140425860882e-04
6.500000000000000000e+01 -5.533294824999757111e-05
6.600000000000000000e+01 7.580909295938909054e-04
6.700000000000000000e+01 1.599974581040441990e-03
6.800000000000000000e+01 2.657220000401139259e-03
6.900000000000000000e+01 3.687680233269929886e-03
7.000000000000000000e+01 4.437484778463840485e-03
7.100000000000000000e+01 4.586769733577966690e-03
7.200000000000000000e+01 5.116997752338647842e-03
7.300000000000000000e+01 5.879544652998447418e-03
7.400000000000000000e+01 6.837165448814630508e-03
7.500000000000000000e+01 7.909040898084640503e-03
7.600000000000000000e+01 8.981703780591487885e-03
7.700000000000000000e+01 9.409319609403610229e-03
7.800000000000000000e+01 9.393184445798397064e-03
7.900000000000000000e+01 9.159406647086143494e-03
8.000000000000000000e+01 9.632524102926254272e-03
8.100000000000000000e+01 9.260262362658977509e-03
8.200000000000000000e+01 8.957904763519763947e-03
8.300000000000000000e+01 8.917337283492088318e-03
8.400000000000000000e+01 9.057578630745410919e-03
8.500000000000000000e+01 8.347828872501850128e-03
8.600000000000000000e+01 8.825176395475864410e-03
8.700000000000000000e+01 9.012780152261257172e-03
8.800000000000000000e+01 8.841926231980323792e-03
8.900000000000000000e+01 8.852778002619743347e-03
9.000000000000000000e+01 8.752524852752685547e-03
9.100000000000000000e+01 8.395745418965816498e-03
9.200000000000000000e+01 8.452361449599266052e-03
9.300000000000000000e+01 7.978945970535278320e-03
9.400000000000000000e+01 7.587553467601537704e-03
9.500000000000000000e+01 6.004035472869873047e-03
9.600000000000000000e+01 3.389141988009214401e-03
9.700000000000000000e+01 3.343764925375580788e-03
9.800000000000000000e+01 1.071824110113084316e-03
9.900000000000000000e+01 -4.241831600666046143e-03
