1.000000000000000000e+00 1.000000000000000000e+00
2.000000000000000000e+00 9.012857079505920410e-01
3.000000000000000000e+00 8.330242633819580078e-01
4.000000000000000000e+00 7.730102539062500000e-01
5.000000000000000000e+00 7.169983386993408203e-01
6.000000000000000000e+00 6.625663042068481445e-01
7.000000000000000000e+00 6.086472868919372559e-01
8.000000000000000000e+00 5.547233223915100098e-01
9.000000000000000000e+00 5.009714961051940918e-01
1.000000000000000000e+01 4.475649297237396240e-01
1.100000000000000000e+01 3.946798741817474365e-01
1.200000000000000000e+01 3.424127697944641113e-01
1.300000000000000000e+01 2.906068563461303711e-01
1.400000000000000000e+01 2.397574782371520996e-01
1.500000000000000000e+01 1.900634020566940308e-01
1.600000000000000000e+01 1.420327126979827881e-01
1.700000000000000000e+01 9.579638391733169556e-02
1.800000000000000000e+01 5.154710635542869568e-02
1.900000000000000000e+01 9.313088841736316681e-03
2.000000000000000000e+01 -3.033002279698848724e-02
2.100000000000000000e+01 -6.732224673032760620e-02
2.200000000000000000e+01 -1.011332198977470398e-01
2.300000000000000000e+01 -1.319332271814346313e-01
2.400000000000000000e+01 -1.580221056938171387e-01
2.500000000000000000e+01 -1.781251877546310425e-01
2.600000000000000000e+01 -1.918608993291854858e-01
2.700000000000000000e+01 -1.990834325551986694e-01
2.800000000000000000e+01 -2.016283422708511353e-01
2.900000000000000000e+01 -2.012446075677871704e-01
3.000000000000000000e+01 -1.987732946872711182e-01
3.100000000000000000e+01 -1.948820352554321289e-01
3.200000000000000000e+01 -1.889537721872329712e-01
3.300000000000000000e+01 -1.820802539587020874e-01
3.400000000000000000e+01 -1.746120303869247437e-01
3.500000000000000000e+01 -1.664891839027404785e-01
3.600000000000000000e+01 -1.574725359678268433e-01
3.700000000000000000e+01 -1.481361985206604004e-01
3.800000000000000000e+01 -1.382165253162384033e-01
3.900000000000000000e+01 -1.276182234287261963e-01
4.000000000000000000e+01 -1.169175878167152405e-01
4.100000000000000000e+01 -1.060861349105834961e-01
4.200000000000000000e+01 -9.488731622695922852e-02
4.300000000000000000e+01 -8.338964730501174927e-02
4.400000000000000000e+01 -7.150572538375854492e-02
4.500000000000000000e+01 -5.953832715749740601e-02
4.600000000000000000e+01 -4.754758998751640320e-02
4.700000000000000000e+01 -3.582509234547615051e-02
4.800000000000000000e+01 -2.454578131437301636e-02
4.900000000000000000e+01 -1.375696249306201935e-02
5.000000000000000000e+01 -4.080818966031074524e-03
5.100000000000000000e+01 -4.508802667260169983e-03
5.200000000000000000e+01 -5.015533883124589920e-03
5.300000000000000000e+01 -5.425948649644851685e-03
5.400000000000000000e+01 -5.731792189180850983e-03
5.500000000000000000e+01 -5.904844030737876892e-03
5.600000000000000000e+01 -6.203002296388149261e-03
5.700000000000000000e+01 -6.160508375614881516e-03
5.800000000000000000e+01 -5.934834480285644531e-03
5.900000000000000000e+01 -6.033124867826700211e-03
6.000000000000000000e+01 -5.829036701470613480e-03
6.100000000000000000e+01 -5.745193921029567719e-03
6.200000000000000000e+01 -5.837684962898492813e-03
6.300000000000000000e+01 -6.072159856557846069e-03
6.400000000000000000e+01 -6.104674655944108963e-03
6.500000000000000000e+01 -6.119341123849153519e-03
6.600000000000000000e+01 -5.664036143571138382e-03
6.700000000000000000e+01 -5.333491135388612747e-03
6.800000000000000000e+01 -5.026159808039665222e-03
6.900000000000000000e+01 -4.464594647288322449e-03
7.000000000000000000e+01 -3.605922218412160873e-03
7.100000000000000000e+01 -2.424408448860049248e-03
7.200000000000000000e+01 -1.059747999534010887e-03
7.300000000000000000e+01 5.794520257040858269e-04
7.400000000000000000e+01 2.234293147921562195e-03
7.500000000000000000e+01 3.743423381820321083e-03
7.600000000000000000e+01 5.499459803104400635e-03
7.700000000000000000e+01 6.525831762701272964e-03
7.800000000000000000e+01 7.706228643655776978e-03
7.900000000000000000e+01 8.783995173871517181e-03
8.000000000000000000e+01 9.448628872632980347e-03
8.100000000000000000e+01 1.029565557837486267e-02
8.200000000000000000e+01 1.181084662675857544e-02
8.300000000000000000e+01 1.316062733530998230e-02
8.400000000000000000e+01 1.413856726139783859e-02
8.500000000000000000e+01 1.513246726244688034e-02
8.600000000000000000e+01 1.571103185415267944e-02
8.700000000000000000e+01 1.675307378172874451e-02
8.800000000000000000e+01 1.771824620664119720e-02
8.900000000000000000e+01 1.861524395644664764e-02
9.000000000000000000e+01 1.975569687783718109e-02
9.100000000000000000e+01 2.039445564150810242e-02
9.200000000000000000e+01 2.049727551639080048e-02
9.300000000000000000e+01 1.990150287747383118e-02
9.400000000000000000e+01 1.895941421389579773e-02
9.500000000000000000e+01 1.795917376875877380e-02
9.600000000000000000e+01 1.875076256692409515e-02
9.700000000000000000e+01 1.824795827269554138e-02
9.800000000000000000e+01 1.608194410800933838e-02
9.900000000000000000e+01 1.934328116476535797e-02
