1.000000000000000000e+00 1.000000000000000000e+00
2.000000000000000000e+00 8.992021679878234863e-01
3.000000000000000000e+00 8.293191790580749512e-01
4.000000000000000000e+00 7.679271101951599121e-01
5.000000000000000000e+00 7.105088233947753906e-01
6.000000000000000000e+00 6.546933054924011230e-01
7.000000000000000000e+00 5.998510122299194336e-01
8.000000000000000000e+00 5.450980663299560547e-01
9.000000000000000000e+00 4.907481968402862549e-01
1.000000000000000000e+01 4.366906285285949707e-01
1.100000000000000000e+01 3.833643794059753418e-01
1.200000000000000000e+01 3.305998444557189941e-01
1.300000000000000000e+01 2.787930965423583984e-01
1.400000000000000000e+01 2.280635386705398560e-01
1.500000000000000000e+01 1.784322559833526611e-01
1.600000000000000000e+01 1.306162178516387939e-01
1.700000000000000000e+01 8.515252918004989624e-02
1.800000000000000000e+01 4.199467599391937256e-02
1.900000000000000000e+01 1.152349403128027916e-03
2.000000000000000000e+01 -3.726490586996078491e-02
2.100000000000000000e+01 -7.269877940416336060e-02
2.200000000000000000e+01 -1.053526550531387329e-01
2.300000000000000000e+01 -1.345195472240447998e-01
2.400000000000000000e+01 -1.592629104852676392e-01
2.500000000000000000e+01 -1.782082319259643555e-01
2.600000000000000000e+01 -1.909100562334060669e-01
2.700000000000000000e+01 -1.973572522401809692e-01
2.800000000000000000e+01 -1.990658342838287354e-01
2.900000000000000000e+01 -1.973213404417037964e-01
3.000000000000000000e+01 -1.939969062805175781e-01
3.100000000000000000e+01 -1.891123950481414795e-01
3.200000000000000000e+01 -1.828802824020385742e-01
3.300000000000000000e+01 -1.756483614444732666e-01
3.400000000000000000e+01 -1.680368483066558838e-01
3.500000000000000000e+01 -1.601012051105499268e-01
3.600000000000000000e+01 -1.515306234359741211e-01
3.700000000000000000e+01 -1.426471471786499023e-01
3.800000000000000000e+01 -1.332855820655822754e-01
3.900000000000000000e+01 -1.236399784684181213e-01
4.000000000000000000e+01 -1.132101267576217651e-01
4.100000000000000000e+01 -1.030710935592651367e-01
4.200000000000000000e+01 -9.250940382480621338e-02
4.300000000000000000e+01 -8.123758435249328613e-02
4.400000000000000000e+01 -6.990886479616165161e-02
4.500000000000000000e+01 -5.870320647954940796e-02
4.600000000000000000e+01 -4.730607196688652039e-02
4.700000000000000000e+01 -3.593700379133224487e-02
4.800000000000000000e+01 -2.515814267098903656e-02
4.900000000000000000e+01 -1.476464886218309402e-02
5.000000000000000000e+01 -5.541075021028518677e-03
5.100000000000000000e+01 -6.463377736508846283e-03
5.200000000000000000e+01 -7.459401618689298630e-03
5.300000000000000000e+01 -8.292232640087604523e-03
5.400000000000000000e+01 -9.177284315228462219e-03
5.500000000000000000e+01 -9.994084015488624573e-03
5.600000000000000000e+01 -1.005946099758148193e-02
5.700000000000000000e+01 -9.783675894141197205e-03
5.800000000000000000e+01 -9.409912861883640289e-03
5.900000000000000000e+01 -8.689056150615215302e-03
6.000000000000000000e+01 -7.953112944960594177e-03
6.100000000000000000e+01 -7.343620993196964264e-03
6.200000000000000000e+01 -6.463313475251197815e-03
6.300000000000000000e+01 -5.488022230565547943e-03
6.400000000000000000e+01 -4.515516571700572968e-03
6.500000000000000000e+01 -3.017058828845620155e-03
6.600000000000000000e+01 -1.544711645692586899e-03
6.700000000000000000e+01 2.550402496126480401e-05
6.800000000000000000e+01 1.421096851117908955e-03
6.900000000000000000e+01 3.210197668522596359e-03
7.000000000000000000e+01 5.264636129140853882e-03
7.100000000000000000e+01 7.022583857178688049e-03
7.200000000000000000e+01 8.780661039054393768e-03
7.300000000000000000e+01 9.990492835640907288e-03
7.400000000000000000e+01 1.185832172632217407e-02
7.500000000000000000e+01 1.314154267311096191e-02
7.600000000000000000e+01 1.458101533353328705e-02
7.700000000000000000e+01 1.558358874171972275e-02
7.800000000000000000e+01 1.628326810896396637e-02
7.900000000000000000e+01 1.749039627611637115e-02
8.000000000000000000e+01 1.881359517574310303e-02
8.100000000000000000e+01 2.003412134945392609e-02
8.200000000000000000e+01 2.060377970337867737e-02
8.300000000000000000e+01 2.114777453243732452e-02
8.400000000000000000e+01 2.045042440295219421e-02
8.500000000000000000e+01 2.049564942717552185e-02
8.600000000000000000e+01 2.004626765847206116e-02
8.700000000000000000e+01 1.968110166490077972e-02
8.800000000000000000e+01 1.822924800217151642e-02
8.900000000000000000e+01 1.677254587411880493e-02
9.000000000000000000e+01 1.550576929003000259e-02
9.100000000000000000e+01 1.475685648620128632e-02
9.200000000000000000e+01 1.467124931514263153e-02
9.300000000000000000e+01 1.383455563336610794e-02
9.400000000000000000e+01 1.322920247912406921e-02
9.500000000000000000e+01 1.445114891976118088e-02
9.600000000000000000e+01 1.515645068138837814e-02
9.700000000000000000e+01 1.164773851633071899e-02
9.800000000000000000e+01 9.623858146369457245e-03
9.900000000000000000e+01 7.136581931263208389e-03
