1.000000000000000000e+00 1.000000000000000000e+00
2.000000000000000000e+00 8.991805911064147949e-01
3.000000000000000000e+00 8.293889164924621582e-01
4.000000000000000000e+00 7.680407166481018066e-01
5.000000000000000000e+00 7.108997702598571777e-01
6.000000000000000000e+00 6.552968621253967285e-01
7.000000000000000000e+00 6.003071665763854980e-01
8.000000000000000000e+00 5.458230376243591309e-01
9.000000000000000000e+00 4.917375445365905762e-01
1.000000000000000000e+01 4.379608929157257080e-01
1.100000000000000000e+01 3.845183551311492920e-01
1.200000000000000000e+01 3.320010304450988770e-01
1.300000000000000000e+01 2.802560627460479736e-01
1.400000000000000000e+01 2.293716818094253540e-01
1.500000000000000000e+01 1.799846738576889038e-01
1.600000000000000000e+01 1.318025588989257812e-01
1.700000000000000000e+01 8.598136901855468750e-02
1.800000000000000000e+01 4.230048134922981262e-02
1.900000000000000000e+01 1.250063884072005749e-03
2.000000000000000000e+01 -3.735778853297233582e-02
2.100000000000000000e+01 -7.320390641689300537e-02
2.200000000000000000e+01 -1.059101298451423645e-01
2.300000000000000000e+01 -1.353937685489654541e-01
2.400000000000000000e+01 -1.603773385286331177e-01
2.500000000000000000e+01 -1.795113831758499146e-01
2.600000000000000000e+01 -1.923423409461975098e-01
2.700000000000000000e+01 -1.984809041023254395e-01
2.800000000000000000e+01 -2.001762986183166504e-01
2.900000000000000000e+01 -1.990051418542861938e-01
3.000000000000000000e+01 -1.956774890422821045e-01
3.100000000000000000e+01 -1.905360221862792969e-01
3.200000000000000000e+01 -1.842104792594909668e-01
3.300000000000000000e+01 -1.769581884145736694e-01
3.400000000000000000e+01 -1.691655665636062622e-01
3.500000000000000000e+01 -1.608335077762603760e-01
3.600000000000000000e+01 -1.519516706466674805e-01
3.700000000000000000e+01 -1.429621726274490356e-01
3.800000000000000000e+01 -1.331919878721237183e-01
3.900000000000000000e+01 -1.230240613222122192e-01
4.000000000000000000e+01 -1.125027537345886230e-01
4.100000000000000000e+01 -1.020062565803527832e-01
4.200000000000000000e+01 -9.149941802024841309e-02
4.300000000000000000e+01 -8.055626600980758667e-02
4.400000000000000000e+01 -6.918926537036895752e-02
4.500000000000000000e+01 -5.809714645147323608e-02
4.600000000000000000e+01 -4.689791798591613770e-02
4.700000000000000000e+01 -3.572206571698188782e-02
4.800000000000000000e+01 -2.485270053148269653e-02
4.900000000000000000e+01 -1.443018764257431030e-02
5.000000000000000000e+01 -5.165172740817070007e-03
5.100000000000000000e+01 -6.075794342905282974e-03
5.200000000000000000e+01 -6.947038229554891586e-03
5.300000000000000000e+01 -7.529160939157009125e-03
5.400000000000000000e+01 -7.890286855399608612e-03
5.500000000000000000e+01 -8.173981681466102600e-03
5.600000000000000000e+01 -8.163839578628540039e-03
5.700000000000000000e+01 -7.872971706092357635e-03
5.800000000000000000e+01 -7.206641603261232376e-03
5.900000000000000000e+01 -6.731566041707992554e-03
6.000000000000000000e+01 -5.903133191168308258e-03
6.100000000000000000e+01 -5.124390590935945511e-03
6.200000000000000000e+01 -4.629509523510932922e-03
6.300000000000000000e+01 -4.116109106689691544e-03
6.400000000000000000e+01 -3.442658809944987297e-03
6.500000000000000000e+01 -2.522196155041456223e-03
6.600000000000000000e+01 -1.970315817743539810e-03
6.700000000000000000e+01 -1.111509045585989952e-03
6.800000000000000000e+01 -2.823662653099745512e-04
6.900000000000000000e+01 1.005033962428569794e-03
7.000000000000000000e+01 2.239272929728031158e-03
7.100000000000000000e+01 3.489455208182334900e-03
7.200000000000000000e+01 4.905546084046363831e-03
7.300000000000000000e+01 6.196201313287019730e-03
7.400000000000000000e+01 7.809314411133527756e-03
7.500000000000000000e+01 9.757151827216148376e-03
7.600000000000000000e+01 1.097797416150569916e-02
7.700000000000000000e+01 1.250962726771831512e-02
7.800000000000000000e+01 1.295091491192579269e-02
7.900000000000000000e+01 1.406304351985454559e-02
8.000000000000000000e+01 1.506517454981803894e-02
8.100000000000000000e+01 1.566956751048564911e-02
8.200000000000000000e+01 1.649430766701698303e-02
8.300000000000000000e+01 1.689585484564304352e-02
8.400000000000000000e+01 1.746476814150810242e-02
8.500000000000000000e+01 1.728213205933570862e-02
8.600000000000000000e+01 1.735584810376167297e-02
8.700000000000000000e+01 1.688227243721485138e-02
8.800000000000000000e+01 1.639600843191146851e-02
8.900000000000000000e+01 1.560306455940008163e-02
9.000000000000000000e+01 1.496425457298755646e-02
9.100000000000000000e+01 1.387316919863224030e-02
9.200000000000000000e+01 1.299129705876111984e-02
9.300000000000000000e+01 1.158228982239961624e-02
9.400000000000000000e+01 1.160146109759807587e-02
9.500000000000000000e+01 1.181196887046098709e-02
9.600000000000000000e+01 1.187281962484121323e-02
9.700000000000000000e+01 1.126555632799863815e-02
9.800000000000000000e+01 8.813405409455299377e-03
9.900000000000000000e+01 6.928056944161653519e-03
