1.000000000000000000e+00 1.000000000000000000e+00
2.000000000000000000e+00 9.030188918113708496e-01
3.000000000000000000e+00 8.354142904281616211e-01
4.000000000000000000e+00 7.759816050529479980e-01
5.000000000000000000e+00 7.203366160392761230e-01
6.000000000000000000e+00 6.660122871398925781e-01
7.000000000000000000e+00 6.123672723770141602e-01
8.000000000000000000e+00 5.592385530471801758e-01
9.000000000000000000e+00 5.056810379028320312e-01
1.000000000000000000e+01 4.524804353713989258e-01
1.100000000000000000e+01 3.998497724533081055e-01
1.200000000000000000e+01 3.478505611419677734e-01
1.300000000000000000e+01 2.965167760848999023e-01
1.400000000000000000e+01 2.461012005805969238e-01
1.500000000000000000e+01 1.970635056495666504e-01
1.600000000000000000e+01 1.495418101549148560e-01
1.700000000000000000e+01 1.033673286437988281e-01
1.800000000000000000e+01 5.929733812808990479e-02
1.900000000000000000e+01 1.736151613295078278e-02
2.000000000000000000e+01 -2.218606323003768921e-02
2.100000000000000000e+01 -5.945373699069023132e-02
2.200000000000000000e+01 -9.365704655647277832e-02
2.300000000000000000e+01 -1.244190484285354614e-01
2.400000000000000000e+01 -1.504661589860916138e-01
2.500000000000000000e+01 -1.710287332534790039e-01
2.600000000000000000e+01 -1.851577609777450562e-01
2.700000000000000000e+01 -1.929052621126174927e-01
2.800000000000000000e+01 -1.961303949356079102e-01
2.900000000000000000e+01 -1.959486454725265503e-01
3.000000000000000000e+01 -1.937704384326934814e-01
3.100000000000000000e+01 -1.899139881134033203e-01
3.200000000000000000e+01 -1.847031265497207642e-01
3.300000000000000000e+01 -1.783683449029922485e-01
3.400000000000000000e+01 -1.710238456726074219e-01
3.500000000000000000e+01 -1.627275049686431885e-01
3.600000000000000000e+01 -1.538944393396377563e-01
3.700000000000000000e+01 -1.445687413215637207e-01
3.800000000000000000e+01 -1.350598037242889404e-01
3.900000000000000000e+01 -1.249562352895736694e-01
4.000000000000000000e+01 -1.143717914819717407e-01
4.100000000000000000e+01 -1.039063408970832825e-01
4.200000000000000000e+01 -9.309868514537811279e-02
4.300000000000000000e+01 -8.171267062425613403e-02
4.400000000000000000e+01 -7.012974470853805542e-02
4.500000000000000000e+01 -5.883695557713508606e-02
4.600000000000000000e+01 -4.696165025234222412e-02
4.700000000000000000e+01 -3.547703102231025696e-02
4.800000000000000000e+01 -2.385451272130012512e-02
4.900000000000000000e+01 -1.342278346419334412e-02
5.000000000000000000e+01 -3.833195427432656288e-03
5.100000000000000000e+01 -4.965150728821754456e-03
5.200000000000000000e+01 -5.650542676448822021e-03
5.300000000000000000e+01 -6.096352357417345047e-03
5.400000000000000000e+01 -6.596306338906288147e-03
5.500000000000000000e+01 -7.052723318338394165e-03
5.600000000000000000e+01 -7.398989051580429077e-03
5.700000000000000000e+01 -7.409205194562673569e-03
5.800000000000000000e+01 -7.204545661807060242e-03
5.900000000000000000e+01 -7.043320685625076294e-03
6.000000000000000000e+01 -6.535710301250219345e-03
6.100000000000000000e+01 -6.614516023546457291e-03
6.200000000000000000e+01 -6.552127655595541000e-03
6.300000000000000000e+01 -6.179198622703552246e-03
6.400000000000000000e+01 -5.546047352254390717e-03
6.500000000000000000e+01 -4.827357362955808640e-03
6.600000000000000000e+01 -3.617010544985532761e-03
6.700000000000000000e+01 -2.543840091675519943e-03
6.800000000000000000e+01 -1.202435232698917389e-03
6.900000000000000000e+01 -1.154007463810557965e-06
7.000000000000000000e+01 8.020680397748947144e-04
7.100000000000000000e+01 1.729374402202665806e-03
7.200000000000000000e+01 3.009509993717074394e-03
7.300000000000000000e+01 4.417933523654937744e-03
7.400000000000000000e+01 5.794917233288288116e-03
7.500000000000000000e+01 6.746080704033374786e-03
7.600000000000000000e+01 7.547125685960054398e-03
7.700000000000000000e+01 8.164283819496631622e-03
7.800000000000000000e+01 8.455426432192325592e-03
7.900000000000000000e+01 8.014809340238571167e-03
8.000000000000000000e+01 8.308649994432926178e-03
8.100000000000000000e+01 8.629407733678817749e-03
8.200000000000000000e+01 9.324596263468265533e-03
8.300000000000000000e+01 9.483133442699909210e-03
8.400000000000000000e+01 1.015334017574787140e-02
8.500000000000000000e+01 1.123618334531784058e-02
8.600000000000000000e+01 1.301025040447711945e-02
8.700000000000000000e+01 1.460204180330038071e-02
8.800000000000000000e+01 1.523736026138067245e-02
8.900000000000000000e+01 1.575064472854137421e-02
9.000000000000000000e+01 1.602776721119880676e-02
9.100000000000000000e+01 1.685668155550956726e-02
9.200000000000000000e+01 1.643555238842964172e-02
9.300000000000000000e+01 1.502520777285099030e-02
9.400000000000000000e+01 1.508393604308366776e-02
9.500000000000000000e+01 1.605778932571411133e-02
9.600000000000000000e+01 1.602717861533164978e-02
9.700000000000000000e+01 1.476343069225549698e-02
9.800000000000000000e+01 1.699613593518733978e-02
9.900000000000000000e+01 1.637038961052894592e-02
