1.000000000000000000e+00 1.000000000000000000e+00
2.000000000000000000e+00 9.048016667366027832e-01
3.000000000000000000e+00 8.385819792747497559e-01
4.000000000000000000e+00 7.803754806518554688e-01
5.000000000000000000e+00 7.255939245223999023e-01
6.000000000000000000e+00 6.720725893974304199e-01
7.000000000000000000e+00 6.192697882652282715e-01
8.000000000000000000e+00 5.666278004646301270e-01
9.000000000000000000e+00 5.141319036483764648e-01
1.000000000000000000e+01 4.616952240467071533e-01
1.100000000000000000e+01 4.093231558799743652e-01
1.200000000000000000e+01 3.573507070541381836e-01
1.300000000000000000e+01 3.060262799263000488e-01
1.400000000000000000e+01 2.554678320884704590e-01
1.500000000000000000e+01 2.061850428581237793e-01
1.600000000000000000e+01 1.580034941434860229e-01
1.700000000000000000e+01 1.114951074123382568e-01
1.800000000000000000e+01 6.694179028272628784e-02
1.900000000000000000e+01 2.463836781680583954e-02
2.000000000000000000e+01 -1.584893837571144104e-02
2.100000000000000000e+01 -5.365230143070220947e-02
2.200000000000000000e+01 -8.890126645565032959e-02
2.300000000000000000e+01 -1.205282807350158691e-01
2.400000000000000000e+01 -1.478858590126037598e-01
2.500000000000000000e+01 -1.694458723068237305e-01
2.600000000000000000e+01 -1.841225177049636841e-01
2.700000000000000000e+01 -1.922670900821685791e-01
2.800000000000000000e+01 -1.955832242965698242e-01
2.900000000000000000e+01 -1.955619156360626221e-01
3.000000000000000000e+01 -1.930686533451080322e-01
3.100000000000000000e+01 -1.895709037780761719e-01
3.200000000000000000e+01 -1.842432469129562378e-01
3.300000000000000000e+01 -1.781548410654067993e-01
3.400000000000000000e+01 -1.711005121469497681e-01
3.500000000000000000e+01 -1.632498204708099365e-01
3.600000000000000000e+01 -1.545600295066833496e-01
3.700000000000000000e+01 -1.455146074295043945e-01
3.800000000000000000e+01 -1.361445933580398560e-01
3.900000000000000000e+01 -1.262173056602478027e-01
4.000000000000000000e+01 -1.158828437328338623e-01
4.100000000000000000e+01 -1.054858565330505371e-01
4.200000000000000000e+01 -9.486244618892669678e-02
4.300000000000000000e+01 -8.409871906042098999e-02
4.400000000000000000e+01 -7.328262180089950562e-02
4.500000000000000000e+01 -6.173590198159217834e-02
4.600000000000000000e+01 -4.998464509844779968e-02
4.700000000000000000e+01 -3.850755095481872559e-02
4.800000000000000000e+01 -2.693966403603553772e-02
4.900000000000000000e+01 -1.564145460724830627e-02
5.000000000000000000e+01 -5.785929039120674133e-03
5.100000000000000000e+01 -6.808651145547628403e-03
5.200000000000000000e+01 -7.323319558054208755e-03
5.300000000000000000e+01 -7.611862383782863617e-03
5.400000000000000000e+01 -7.631331216543912888e-03
5.500000000000000000e+01 -7.543720770627260208e-03
5.600000000000000000e+01 -7.085924502462148666e-03
5.700000000000000000e+01 -6.963076535612344742e-03
5.800000000000000000e+01 -6.853649392724037170e-03
5.900000000000000000e+01 -6.945242639631032944e-03
6.000000000000000000e+01 -7.025483530014753342e-03
6.100000000000000000e+01 -6.807279307395219803e-03
6.200000000000000000e+01 -6.787231657654047012e-03
6.300000000000000000e+01 -7.065883371978998184e-03
6.400000000000000000e+01 -6.850586272776126862e-03
6.500000000000000000e+01 -6.896229460835456848e-03
6.600000000000000000e+01 -6.197700276970863342e-03
6.700000000000000000e+01 -5.599986761808395386e-03
6.800000000000000000e+01 -4.954203963279724121e-03
6.900000000000000000e+01 -4.145868588238954544e-03
7.000000000000000000e+01 -3.669200232252478600e-03
7.100000000000000000e+01 -3.413763130083680153e-03
7.200000000000000000e+01 -2.448727143928408623e-03
7.300000000000000000e+01 -1.308730221353471279e-03
7.400000000000000000e+01 3.789288457483053207e-04
7.500000000000000000e+01 1.596715184859931469e-03
7.600000000000000000e+01 3.567811567336320877e-03
7.700000000000000000e+01 4.966797772794961929e-03
7.800000000000000000e+01 5.867368541657924652e-03
7.900000000000000000e+01 7.009897846728563309e-03
8.000000000000000000e+01 7.894298993051052094e-03
8.100000000000000000e+01 8.739147335290908813e-03
8.200000000000000000e+01 9.570778347551822662e-03
8.300000000000000000e+01 1.029582973569631577e-02
8.400000000000000000e+01 1.151400990784168243e-02
8.500000000000000000e+01 1.199454627931118011e-02
8.600000000000000000e+01 1.249003969132900238e-02
8.700000000000000000e+01 1.319114770740270615e-02
8.800000000000000000e+01 1.349631417542695999e-02
8.900000000000000000e+01 1.365800015628337860e-02
9.000000000000000000e+01 1.434728875756263733e-02
9.100000000000000000e+01 1.500406768172979355e-02
9.200000000000000000e+01 1.582205109298229218e-02
9.300000000000000000e+01 1.621320657432079315e-02
9.400000000000000000e+01 1.638478040695190430e-02
9.500000000000000000e+01 1.614148728549480438e-02
9.600000000000000000e+01 1.579293049871921539e-02
9.700000000000000000e+01 1.408926490694284439e-02
9.800000000000000000e+01 1.274299342185258865e-02
9.900000000000000000e+01 1.245860010385513306e-02
