1.000000000000000000e+00 1.000000000000000000e+00
2.000000000000000000e+00 9.014456272125244141e-01
3.000000000000000000e+00 8.333120346069335938e-01
4.000000000000000000e+00 7.734332680702209473e-01
5.000000000000000000e+00 7.170332074165344238e-01
6.000000000000000000e+00 6.624433994293212891e-01
7.000000000000000000e+00 6.084219813346862793e-01
8.000000000000000000e+00 5.548022389411926270e-01
9.000000000000000000e+00 5.012876987457275391e-01
1.000000000000000000e+01 4.477773308753967285e-01
1.100000000000000000e+01 3.946521580219268799e-01
1.200000000000000000e+01 3.420934975147247314e-01
1.300000000000000000e+01 2.903446257114410400e-01
1.400000000000000000e+01 2.398398667573928833e-01
1.500000000000000000e+01 1.903563439846038818e-01
1.600000000000000000e+01 1.423535495996475220e-01
1.700000000000000000e+01 9.599021077156066895e-02
1.800000000000000000e+01 5.167686566710472107e-02
1.900000000000000000e+01 9.749807417392730713e-03
2.000000000000000000e+01 -2.991592139005661011e-02
2.100000000000000000e+01 -6.677287817001342773e-02
2.200000000000000000e+01 -1.009031981229782104e-01
2.300000000000000000e+01 -1.310570091009140015e-01
2.400000000000000000e+01 -1.568344831466674805e-01
2.500000000000000000e+01 -1.769154816865921021e-01
2.600000000000000000e+01 -1.904349029064178467e-01
2.700000000000000000e+01 -1.976011544466018677e-01
2.800000000000000000e+01 -1.999179422855377197e-01
2.900000000000000000e+01 -1.990392506122589111e-01
3.000000000000000000e+01 -1.959989964962005615e-01
3.100000000000000000e+01 -1.912992298603057861e-01
3.200000000000000000e+01 -1.855152845382690430e-01
3.300000000000000000e+01 -1.785119920969009399e-01
3.400000000000000000e+01 -1.708298772573471069e-01
3.500000000000000000e+01 -1.624511182308197021e-01
3.600000000000000000e+01 -1.534354984760284424e-01
3.700000000000000000e+01 -1.442604213953018188e-01
3.800000000000000000e+01 -1.344585567712783813e-01
3.900000000000000000e+01 -1.243668273091316223e-01
4.000000000000000000e+01 -1.141249164938926697e-01
4.100000000000000000e+01 -1.032815128564834595e-01
4.200000000000000000e+01 -9.237937629222869873e-02
4.300000000000000000e+01 -8.102171868085861206e-02
4.400000000000000000e+01 -6.952762603759765625e-02
4.500000000000000000e+01 -5.756987258791923523e-02
4.600000000000000000e+01 -4.589452221989631653e-02
4.700000000000000000e+01 -3.445273637771606445e-02
4.800000000000000000e+01 -2.375352382659912109e-02
4.900000000000000000e+01 -1.349132321774959564e-02
5.000000000000000000e+01 -4.383777268230915070e-03
5.100000000000000000e+01 -5.986750591546297073e-03
5.200000000000000000e+01 -6.817155051976442337e-03
5.300000000000000000e+01 -7.454641163349151611e-03
5.400000000000000000e+01 -7.826458662748336792e-03
5.500000000000000000e+01 -8.254547603428363800e-03
5.600000000000000000e+01 -8.402749896049499512e-03
5.700000000000000000e+01 -8.618599735200405121e-03
5.800000000000000000e+01 -8.533484302461147308e-03
5.900000000000000000e+01 -8.307740092277526855e-03
6.000000000000000000e+01 -8.211916312575340271e-03
6.100000000000000000e+01 -7.999842055141925812e-03
6.200000000000000000e+01 -8.188314735889434814e-03
6.300000000000000000e+01 -8.503818884491920471e-03
6.400000000000000000e+01 -8.447278290987014771e-03
6.500000000000000000e+01 -8.503636345267295837e-03
6.600000000000000000e+01 -8.266892284154891968e-03
6.700000000000000000e+01 -7.712351158261299133e-03
6.800000000000000000e+01 -6.937725935131311417e-03
6.900000000000000000e+01 -6.078460719436407089e-03
7.000000000000000000e+01 -4.908731207251548767e-03
7.100000000000000000e+01 -3.607620485126972198e-03
7.200000000000000000e+01 -1.692782272584736347e-03
7.300000000000000000e+01 3.460039151832461357e-04
7.400000000000000000e+01 2.074365969747304916e-03
7.500000000000000000e+01 3.606318961828947067e-03
7.600000000000000000e+01 4.727820865809917450e-03
7.700000000000000000e+01 5.964419804513454437e-03
7.800000000000000000e+01 7.439136970788240433e-03
7.900000000000000000e+01 8.999711833894252777e-03
8.000000000000000000e+01 1.069129165261983871e-02
8.100000000000000000e+01 1.227176375687122345e-02
8.200000000000000000e+01 1.376169361174106598e-02
8.300000000000000000e+01 1.489131804555654526e-02
8.400000000000000000e+01 1.612785644829273224e-02
8.500000000000000000e+01 1.772057451307773590e-02
8.600000000000000000e+01 1.894998550415039062e-02
8.700000000000000000e+01 2.027775719761848450e-02
8.800000000000000000e+01 2.178354188799858093e-02
8.900000000000000000e+01 2.324812300503253937e-02
9.000000000000000000e+01 2.423546090722084045e-02
9.100000000000000000e+01 2.559135854244232178e-02
9.200000000000000000e+01 2.701390907168388367e-02
9.300000000000000000e+01 2.820442244410514832e-02
9.400000000000000000e+01 2.999514713883399963e-02
9.500000000000000000e+01 3.074372000992298126e-02
9.600000000000000000e+01 3.124541975557804108e-02
9.700000000000000000e+01 3.392748162150382996e-02
9.800000000000000000e+01 3.628394007682800293e-02
9.900000000000000000e+01 3.564598783850669861e-02
