1.000000000000000000e+00 1.000000000000000000e+00
2.000000000000000000e+00 9.033282995223999023e-01
3.000000000000000000e+00 8.368267416954040527e-01
4.000000000000000000e+00 7.783488035202026367e-01
5.000000000000000000e+00 7.234649062156677246e-01
6.000000000000000000e+00 6.696488261222839355e-01
7.000000000000000000e+00 6.161477565765380859e-01
8.000000000000000000e+00 5.626767277717590332e-01
9.000000000000000000e+00 5.096076130867004395e-01
1.000000000000000000e+01 4.567184448242187500e-01
1.100000000000000000e+01 4.041720032691955566e-01
1.200000000000000000e+01 3.519212305545806885e-01
1.300000000000000000e+01 3.006285429000854492e-01
1.400000000000000000e+01 2.500808537006378174e-01
1.500000000000000000e+01 2.005667239427566528e-01
1.600000000000000000e+01 1.524212956428527832e-01
1.700000000000000000e+01 1.059204414486885071e-01
1.800000000000000000e+01 6.117959320545196533e-02
1.900000000000000000e+01 1.893308758735656738e-02
2.000000000000000000e+01 -2.122602052986621857e-02
2.100000000000000000e+01 -5.886828899383544922e-02
2.200000000000000000e+01 -9.368917346000671387e-02
2.300000000000000000e+01 -1.249387562274932861e-01
2.400000000000000000e+01 -1.517126858234405518e-01
2.500000000000000000e+01 -1.732260882854461670e-01
2.600000000000000000e+01 -1.879778951406478882e-01
2.700000000000000000e+01 -1.959448605775833130e-01
2.800000000000000000e+01 -1.987297832965850830e-01
2.900000000000000000e+01 -1.983309388160705566e-01
3.000000000000000000e+01 -1.955769956111907959e-01
3.100000000000000000e+01 -1.913097947835922241e-01
3.200000000000000000e+01 -1.856204420328140259e-01
3.300000000000000000e+01 -1.793167293071746826e-01
3.400000000000000000e+01 -1.723435819149017334e-01
3.500000000000000000e+01 -1.646309942007064819e-01
3.600000000000000000e+01 -1.561478674411773682e-01
3.700000000000000000e+01 -1.471769660711288452e-01
3.800000000000000000e+01 -1.376289427280426025e-01
3.900000000000000000e+01 -1.279239058494567871e-01
4.000000000000000000e+01 -1.174825951457023621e-01
4.100000000000000000e+01 -1.066675484180450439e-01
4.200000000000000000e+01 -9.568729996681213379e-02
4.300000000000000000e+01 -8.424745500087738037e-02
4.400000000000000000e+01 -7.284372299909591675e-02
4.500000000000000000e+01 -6.124949082732200623e-02
4.600000000000000000e+01 -4.939187318086624146e-02
4.700000000000000000e+01 -3.776285424828529358e-02
4.800000000000000000e+01 -2.628978528082370758e-02
4.900000000000000000e+01 -1.541326381266117096e-02
5.000000000000000000e+01 -6.368892733007669449e-03
5.100000000000000000e+01 -7.615223992615938187e-03
5.200000000000000000e+01 -7.989762350916862488e-03
5.300000000000000000e+01 -8.164402097463607788e-03
5.400000000000000000e+01 -8.192256093025207520e-03
5.500000000000000000e+01 -8.427747525274753571e-03
5.600000000000000000e+01 -8.378975093364715576e-03
5.700000000000000000e+01 -8.296406827867031097e-03
5.800000000000000000e+01 -8.197025395929813385e-03
5.900000000000000000e+01 -7.975157350301742554e-03
6.000000000000000000e+01 -7.025227416306734085e-03
6.100000000000000000e+01 -6.382799707353115082e-03
6.200000000000000000e+01 -5.551007576286792755e-03
6.300000000000000000e+01 -4.420470446348190308e-03
6.400000000000000000e+01 -3.124530892819166183e-03
6.500000000000000000e+01 -1.545766135677695274e-03
6.600000000000000000e+01 -3.872279485221952200e-04
6.700000000000000000e+01 4.339368315413594246e-04
6.800000000000000000e+01 1.148002920672297478e-03
6.900000000000000000e+01 1.466538757085800171e-03
7.000000000000000000e+01 2.398494631052017212e-03
7.100000000000000000e+01 3.644642420113086700e-03
7.200000000000000000e+01 4.921509884297847748e-03
7.300000000000000000e+01 6.175971124321222305e-03
7.400000000000000000e+01 7.715225685387849808e-03
7.500000000000000000e+01 9.109709411859512329e-03
7.600000000000000000e+01 1.003030687570571899e-02
7.700000000000000000e+01 1.096358615905046463e-02
7.800000000000000000e+01 1.124349236488342285e-02
7.900000000000000000e+01 1.222086604684591293e-02
8.000000000000000000e+01 1.306249387562274933e-02
8.100000000000000000e+01 1.386056002229452133e-02
8.200000000000000000e+01 1.420833356678485870e-02
8.300000000000000000e+01 1.528854947537183762e-02
8.400000000000000000e+01 1.679167337715625763e-02
8.500000000000000000e+01 1.777292974293231964e-02
8.600000000000000000e+01 1.895966753363609314e-02
8.700000000000000000e+01 2.071301825344562531e-02
8.800000000000000000e+01 2.158638089895248413e-02
8.900000000000000000e+01 2.280577644705772400e-02
9.000000000000000000e+01 2.354469336569309235e-02
9.100000000000000000e+01 2.342353388667106628e-02
9.200000000000000000e+01 2.388779260218143463e-02
9.300000000000000000e+01 2.402866072952747345e-02
9.400000000000000000e+01 2.364278212189674377e-02
9.500000000000000000e+01 2.312136813998222351e-02
9.600000000000000000e+01 2.220679819583892822e-02
9.700000000000000000e+01 2.118558436632156372e-02
9.800000000000000000e+01 2.122855372726917267e-02
9.900000000000000000e+01 2.475425601005554199e-02
