1.000000000000000000e+00 1.000000000000000000e+00
2.000000000000000000e+00 8.885082006454467773e-01
3.000000000000000000e+00 8.107268214225769043e-01
4.000000000000000000e+00 7.433685660362243652e-01
5.000000000000000000e+00 6.812241077423095703e-01
6.000000000000000000e+00 6.220669746398925781e-01
7.000000000000000000e+00 5.642871856689453125e-01
8.000000000000000000e+00 5.075544118881225586e-01
9.000000000000000000e+00 4.517559111118316650e-01
1.000000000000000000e+01 3.969596028327941895e-01
1.100000000000000000e+01 3.431397378444671631e-01
1.200000000000000000e+01 2.908208072185516357e-01
1.300000000000000000e+01 2.399272024631500244e-01
1.400000000000000000e+01 1.907250434160232544e-01
1.500000000000000000e+01 1.429511904716491699e-01
1.600000000000000000e+01 9.774265438318252563e-02
1.700000000000000000e+01 5.476598814129829407e-02
1.800000000000000000e+01 1.422548014670610428e-02
1.900000000000000000e+01 -2.362040244042873383e-02
2.000000000000000000e+01 -5.835000425577163696e-02
2.100000000000000000e+01 -8.969031274318695068e-02
2.200000000000000000e+01 -1.181130334734916687e-01
2.300000000000000000e+01 -1.430568546056747437e-01
2.400000000000000000e+01 -1.638453751802444458e-01
2.500000000000000000e+01 -1.789281964302062988e-01
2.600000000000000000e+01 -1.883863955736160278e-01
2.700000000000000000e+01 -1.921592950820922852e-01
2.800000000000000000e+01 -1.918807178735733032e-01
2.900000000000000000e+01 -1.889525353908538818e-01
3.000000000000000000e+01 -1.840126365423202515e-01
3.100000000000000000e+01 -1.775253266096115112e-01
3.200000000000000000e+01 -1.700938940048217773e-01
3.300000000000000000e+01 -1.614754050970077515e-01
3.400000000000000000e+01 -1.527422815561294556e-01
3.500000000000000000e+01 -1.437524259090423584e-01
3.600000000000000000e+01 -1.347443610429763794e-01
3.700000000000000000e+01 -1.255118548870086670e-01
3.800000000000000000e+01 -1.161587759852409363e-01
3.900000000000000000e+01 -1.065456718206405640e-01
4.000000000000000000e+01 -9.686905145645141602e-02
4.100000000000000000e+01 -8.708254992961883545e-02
4.200000000000000000e+01 -7.719553261995315552e-02
4.300000000000000000e+01 -6.715841591358184814e-02
4.400000000000000000e+01 -5.736114084720611572e-02
4.500000000000000000e+01 -4.781689867377281189e-02
4.600000000000000000e+01 -3.785205632448196411e-02
4.700000000000000000e+01 -2.802319265902042389e-02
4.800000000000000000e+01 -1.842810958623886108e-02
4.900000000000000000e+01 -9.717858396470546722e-03
5.000000000000000000e+01 -1.406926545314490795e-03
5.100000000000000000e+01 -2.286353847011923790e-03
5.200000000000000000e+01 -2.866911236196756363e-03
5.300000000000000000e+01 -3.319471608847379684e-03
5.400000000000000000e+01 -3.604787634685635567e-03
5.500000000000000000e+01 -3.608256811276078224e-03
5.600000000000000000e+01 -3.854682203382253647e-03
5.700000000000000000e+01 -4.132817033678293228e-03
5.800000000000000000e+01 -4.761219490319490433e-03
5.900000000000000000e+01 -5.070751998573541641e-03
6.000000000000000000e+01 -5.703818518668413162e-03
6.100000000000000000e+01 -5.997097119688987732e-03
6.200000000000000000e+01 -5.841156002134084702e-03
6.300000000000000000e+01 -5.595940165221691132e-03
6.400000000000000000e+01 -5.110036116093397141e-03
6.500000000000000000e+01 -4.637447185814380646e-03
6.600000000000000000e+01 -4.004396498203277588e-03
6.700000000000000000e+01 -3.387978766113519669e-03
6.800000000000000000e+01 -3.041317453607916832e-03
6.900000000000000000e+01 -2.299402840435504913e-03
7.000000000000000000e+01 -1.716265222057700157e-03
7.100000000000000000e+01 -1.055183238349854946e-03
7.200000000000000000e+01 -2.357818011660128832e-04
7.300000000000000000e+01 1.020088908262550831e-03
7.400000000000000000e+01 2.118155360221862793e-03
7.500000000000000000e+01 3.302812576293945312e-03
7.600000000000000000e+01 4.462872631847858429e-03
7.700000000000000000e+01 6.044145207852125168e-03
7.800000000000000000e+01 6.887333933264017105e-03
7.900000000000000000e+01 6.871749646961688995e-03
8.000000000000000000e+01 6.479353178292512894e-03
8.100000000000000000e+01 6.206823047250509262e-03
8.200000000000000000e+01 5.297237541526556015e-03
8.300000000000000000e+01 4.948045592755079269e-03
8.400000000000000000e+01 4.760520998388528824e-03
8.500000000000000000e+01 5.144529510289430618e-03
8.600000000000000000e+01 5.402303300797939301e-03
8.700000000000000000e+01 5.537317134439945221e-03
8.800000000000000000e+01 5.929021164774894714e-03
8.900000000000000000e+01 6.083486601710319519e-03
9.000000000000000000e+01 6.500405725091695786e-03
9.100000000000000000e+01 6.125669460743665695e-03
9.200000000000000000e+01 5.557671189308166504e-03
9.300000000000000000e+01 5.162988789379596710e-03
9.400000000000000000e+01 2.695657312870025635e-03
9.500000000000000000e+01 2.143983874702826142e-04
9.600000000000000000e+01 -2.581969602033495903e-03
9.700000000000000000e+01 -3.778757527470588684e-03
9.800000000000000000e+01 -1.628201920539140701e-03
9.900000000000000000e+01 -5.898980889469385147e-04
