1.000000000000000000e+00 1.000000000000000000e+00
2.000000000000000000e+00 8.678498268127441406e-01
3.000000000000000000e+00 7.756573557853698730e-01
4.000000000000000000e+00 6.976376771926879883e-01
5.000000000000000000e+00 6.280431151390075684e-01
6.000000000000000000e+00 5.635048151016235352e-01
7.000000000000000000e+00 5.023744106292724609e-01
8.000000000000000000e+00 4.439827501773834229e-01
9.000000000000000000e+00 3.876576721668243408e-01
1.000000000000000000e+01 3.334277868270874023e-01
1.100000000000000000e+01 2.813657224178314209e-01
1.200000000000000000e+01 2.312539964914321899e-01
1.300000000000000000e+01 1.834737509489059448e-01
1.400000000000000000e+01 1.382958590984344482e-01
1.500000000000000000e+01 9.588891267776489258e-02
1.600000000000000000e+01 5.600554496049880981e-02
1.700000000000000000e+01 1.922673173248767853e-02
1.800000000000000000e+01 -1.464106235653162003e-02
1.900000000000000000e+01 -4.544932767748832703e-02
2.000000000000000000e+01 -7.283934205770492554e-02
2.100000000000000000e+01 -9.721855819225311279e-02
2.200000000000000000e+01 -1.179376989603042603e-01
2.300000000000000000e+01 -1.351573020219802856e-01
2.400000000000000000e+01 -1.482718586921691895e-01
2.500000000000000000e+01 -1.571043282747268677e-01
2.600000000000000000e+01 -1.617520898580551147e-01
2.700000000000000000e+01 -1.620277911424636841e-01
2.800000000000000000e+01 -1.589761525392532349e-01
2.900000000000000000e+01 -1.538920700550079346e-01
3.000000000000000000e+01 -1.474055349826812744e-01
3.100000000000000000e+01 -1.400262862443923950e-01
3.200000000000000000e+01 -1.318650841712951660e-01
3.300000000000000000e+01 -1.232260838150978088e-01
3.400000000000000000e+01 -1.148689091205596924e-01
3.500000000000000000e+01 -1.064991205930709839e-01
3.600000000000000000e+01 -9.900820255279541016e-02
3.700000000000000000e+01 -9.159384667873382568e-02
3.800000000000000000e+01 -8.372384309768676758e-02
3.900000000000000000e+01 -7.671853154897689819e-02
4.000000000000000000e+01 -6.911592930555343628e-02
4.100000000000000000e+01 -6.177984178066253662e-02
4.200000000000000000e+01 -5.489696934819221497e-02
4.300000000000000000e+01 -4.825909063220024109e-02
4.400000000000000000e+01 -4.141969233751296997e-02
4.500000000000000000e+01 -3.410976380109786987e-02
4.600000000000000000e+01 -2.752981521189212799e-02
4.700000000000000000e+01 -2.137186005711555481e-02
4.800000000000000000e+01 -1.556574646383523941e-02
4.900000000000000000e+01 -1.044173259288072586e-02
5.000000000000000000e+01 -5.652560852468013763e-03
5.100000000000000000e+01 -6.450034212321043015e-03
5.200000000000000000e+01 -6.340033374726772308e-03
5.300000000000000000e+01 -6.465794518589973450e-03
5.400000000000000000e+01 -6.499805022031068802e-03
5.500000000000000000e+01 -6.603186484426259995e-03
5.600000000000000000e+01 -6.690926384180784225e-03
5.700000000000000000e+01 -6.121010519564151764e-03
5.800000000000000000e+01 -5.623086821287870407e-03
5.900000000000000000e+01 -5.065764300525188446e-03
6.000000000000000000e+01 -4.228340927511453629e-03
6.100000000000000000e+01 -3.325191792100667953e-03
6.200000000000000000e+01 -2.571974415332078934e-03
6.300000000000000000e+01 -1.973988953977823257e-03
6.400000000000000000e+01 -1.903325784951448441e-03
6.500000000000000000e+01 -1.613273285329341888e-03
6.600000000000000000e+01 -1.738465740345418453e-03
6.700000000000000000e+01 -1.137731829658150673e-03
6.800000000000000000e+01 -1.250651839654892683e-04
6.900000000000000000e+01 1.100650872103869915e-03
7.000000000000000000e+01 1.893375418148934841e-03
7.100000000000000000e+01 3.057770896703004837e-03
7.200000000000000000e+01 3.526607528328895569e-03
7.300000000000000000e+01 4.610468167811632156e-03
7.400000000000000000e+01 5.590588320046663284e-03
7.500000000000000000e+01 6.373493466526269913e-03
7.600000000000000000e+01 7.721443660557270050e-03
7.700000000000000000e+01 8.603077381849288940e-03
7.800000000000000000e+01 9.272814728319644928e-03
7.900000000000000000e+01 9.893758222460746765e-03
8.000000000000000000e+01 1.001592446118593216e-02
8.100000000000000000e+01 9.874229319393634796e-03
8.200000000000000000e+01 1.023285370320081711e-02
8.300000000000000000e+01 1.007917150855064392e-02
8.400000000000000000e+01 8.764120750129222870e-03
8.500000000000000000e+01 9.024193510413169861e-03
8.600000000000000000e+01 9.575023315846920013e-03
8.700000000000000000e+01 9.915454313158988953e-03
8.800000000000000000e+01 9.950495325028896332e-03
8.900000000000000000e+01 9.912807494401931763e-03
9.000000000000000000e+01 9.414197877049446106e-03
9.100000000000000000e+01 8.786933496594429016e-03
9.200000000000000000e+01 8.092832751572132111e-03
9.300000000000000000e+01 8.882886730134487152e-03
9.400000000000000000e+01 9.775371290743350983e-03
9.500000000000000000e+01 6.748793181031942368e-03
9.600000000000000000e+01 5.708364769816398621e-03
9.700000000000000000e+01 1.907274592667818069e-03
9.800000000000000000e+01 -8.083896827884018421e-04
9.900000000000000000e+01 -1.160100451670587063e-03
