1.000000000000000000e+00 1.000000000000000000e+00
2.000000000000000000e+00 9.035209417343139648e-01
3.000000000000000000e+00 8.373534083366394043e-01
4.000000000000000000e+00 7.792470455169677734e-01
5.000000000000000000e+00 7.243713736534118652e-01
6.000000000000000000e+00 6.710048317909240723e-01
7.000000000000000000e+00 6.177091598510742188e-01
8.000000000000000000e+00 5.644986033439636230e-01
9.000000000000000000e+00 5.115593671798706055e-01
1.000000000000000000e+01 4.588873684406280518e-01
1.100000000000000000e+01 4.066014885902404785e-01
1.200000000000000000e+01 3.545819818973541260e-01
1.300000000000000000e+01 3.031042516231536865e-01
1.400000000000000000e+01 2.526243329048156738e-01
1.500000000000000000e+01 2.032948136329650879e-01
1.600000000000000000e+01 1.554279923439025879e-01
1.700000000000000000e+01 1.092907935380935669e-01
1.800000000000000000e+01 6.500893831253051758e-02
1.900000000000000000e+01 2.276978641748428345e-02
2.000000000000000000e+01 -1.754581928253173828e-02
2.100000000000000000e+01 -5.528429895639419556e-02
2.200000000000000000e+01 -9.009024500846862793e-02
2.300000000000000000e+01 -1.217682138085365295e-01
2.400000000000000000e+01 -1.490665972232818604e-01
2.500000000000000000e+01 -1.705057621002197266e-01
2.600000000000000000e+01 -1.848672032356262207e-01
2.700000000000000000e+01 -1.928271949291229248e-01
2.800000000000000000e+01 -1.961518079042434692e-01
2.900000000000000000e+01 -1.962388455867767334e-01
3.000000000000000000e+01 -1.944739967584609985e-01
3.100000000000000000e+01 -1.909706294536590576e-01
3.200000000000000000e+01 -1.859652400016784668e-01
3.300000000000000000e+01 -1.801235973834991455e-01
3.400000000000000000e+01 -1.733033061027526855e-01
3.500000000000000000e+01 -1.656624674797058105e-01
3.600000000000000000e+01 -1.577662676572799683e-01
3.700000000000000000e+01 -1.492514908313751221e-01
3.800000000000000000e+01 -1.401273012161254883e-01
3.900000000000000000e+01 -1.306969970464706421e-01
4.000000000000000000e+01 -1.204197928309440613e-01
4.100000000000000000e+01 -1.097286120057106018e-01
4.200000000000000000e+01 -9.852693974971771240e-02
4.300000000000000000e+01 -8.695382624864578247e-02
4.400000000000000000e+01 -7.509516924619674683e-02
4.500000000000000000e+01 -6.318891048431396484e-02
4.600000000000000000e+01 -5.101684480905532837e-02
4.700000000000000000e+01 -3.899964690208435059e-02
4.800000000000000000e+01 -2.679831720888614655e-02
4.900000000000000000e+01 -1.527867838740348816e-02
5.000000000000000000e+01 -4.881638567894697189e-03
5.100000000000000000e+01 -5.854442249983549118e-03
5.200000000000000000e+01 -6.131228059530258179e-03
5.300000000000000000e+01 -6.320924963802099228e-03
5.400000000000000000e+01 -6.126936990767717361e-03
5.500000000000000000e+01 -6.369199138134717941e-03
5.600000000000000000e+01 -6.253837607800960541e-03
5.700000000000000000e+01 -5.790165159851312637e-03
5.800000000000000000e+01 -5.225744098424911499e-03
5.900000000000000000e+01 -4.593964200466871262e-03
6.000000000000000000e+01 -3.964771050959825516e-03
6.100000000000000000e+01 -3.560926066711544991e-03
6.200000000000000000e+01 -3.411190118640661240e-03
6.300000000000000000e+01 -3.407104639336466789e-03
6.400000000000000000e+01 -3.498856211081147194e-03
6.500000000000000000e+01 -3.340736962854862213e-03
6.600000000000000000e+01 -3.144555725157260895e-03
6.700000000000000000e+01 -3.026872873306274414e-03
6.800000000000000000e+01 -3.113551530987024307e-03
6.900000000000000000e+01 -2.644525375217199326e-03
7.000000000000000000e+01 -2.146686892956495285e-03
7.100000000000000000e+01 -1.863714074715971947e-03
7.200000000000000000e+01 -1.160588231869041920e-03
7.300000000000000000e+01 -4.291603690944612026e-04
7.400000000000000000e+01 5.199621664360165596e-04
7.500000000000000000e+01 1.734029036015272141e-03
7.600000000000000000e+01 2.591429045423865318e-03
7.700000000000000000e+01 3.916785120964050293e-03
7.800000000000000000e+01 4.893301520496606827e-03
7.900000000000000000e+01 5.909639410674571991e-03
8.000000000000000000e+01 6.758280098438262939e-03
8.100000000000000000e+01 7.875980809330940247e-03
8.200000000000000000e+01 8.871217258274555206e-03
8.300000000000000000e+01 9.679256007075309753e-03
8.400000000000000000e+01 1.068733725696802139e-02
8.500000000000000000e+01 1.136338990181684494e-02
8.600000000000000000e+01 1.160610653460025787e-02
8.700000000000000000e+01 1.193091273307800293e-02
8.800000000000000000e+01 1.258069742470979691e-02
8.900000000000000000e+01 1.349737588316202164e-02
9.000000000000000000e+01 1.424588635563850403e-02
9.100000000000000000e+01 1.418059412389993668e-02
9.200000000000000000e+01 1.419695653021335602e-02
9.300000000000000000e+01 1.502583920955657959e-02
9.400000000000000000e+01 1.557459216564893723e-02
9.500000000000000000e+01 1.518321502953767776e-02
9.600000000000000000e+01 1.501602586358785629e-02
9.700000000000000000e+01 1.540558785200119019e-02
9.800000000000000000e+01 1.545439939945936203e-02
9.900000000000000000e+01 1.659508235752582550e-02
