1.000000000000000000e+00 1.000000000000000000e+00
2.000000000000000000e+00 9.016378521919250488e-01
3.000000000000000000e+00 8.335824012756347656e-01
4.000000000000000000e+00 7.738183736801147461e-01
5.000000000000000000e+00 7.178539633750915527e-01
6.000000000000000000e+00 6.632590293884277344e-01
7.000000000000000000e+00 6.092342138290405273e-01
8.000000000000000000e+00 5.552206039428710938e-01
9.000000000000000000e+00 5.018746852874755859e-01
1.000000000000000000e+01 4.485743939876556396e-01
1.100000000000000000e+01 3.956590592861175537e-01
1.200000000000000000e+01 3.432283699512481689e-01
1.300000000000000000e+01 2.916913032531738281e-01
1.400000000000000000e+01 2.411551773548126221e-01
1.500000000000000000e+01 1.917026042938232422e-01
1.600000000000000000e+01 1.437066048383712769e-01
1.700000000000000000e+01 9.734762459993362427e-02
1.800000000000000000e+01 5.301516130566596985e-02
1.900000000000000000e+01 1.151647884398698807e-02
2.000000000000000000e+01 -2.779423817992210388e-02
2.100000000000000000e+01 -6.470805406570434570e-02
2.200000000000000000e+01 -9.919029474258422852e-02
2.300000000000000000e+01 -1.298120766878128052e-01
2.400000000000000000e+01 -1.557290405035018921e-01
2.500000000000000000e+01 -1.761753410100936890e-01
2.600000000000000000e+01 -1.900413930416107178e-01
2.700000000000000000e+01 -1.975643187761306763e-01
2.800000000000000000e+01 -2.002679705619812012e-01
2.900000000000000000e+01 -1.997829079627990723e-01
3.000000000000000000e+01 -1.969148665666580200e-01
3.100000000000000000e+01 -1.921636909246444702e-01
3.200000000000000000e+01 -1.862306892871856689e-01
3.300000000000000000e+01 -1.796232312917709351e-01
3.400000000000000000e+01 -1.722664684057235718e-01
3.500000000000000000e+01 -1.639228612184524536e-01
3.600000000000000000e+01 -1.550528854131698608e-01
3.700000000000000000e+01 -1.454652845859527588e-01
3.800000000000000000e+01 -1.354338228702545166e-01
3.900000000000000000e+01 -1.249468401074409485e-01
4.000000000000000000e+01 -1.142771020531654358e-01
4.100000000000000000e+01 -1.036155596375465393e-01
4.200000000000000000e+01 -9.275313466787338257e-02
4.300000000000000000e+01 -8.175240457057952881e-02
4.400000000000000000e+01 -7.011143863201141357e-02
4.500000000000000000e+01 -5.832133069634437561e-02
4.600000000000000000e+01 -4.646387696266174316e-02
4.700000000000000000e+01 -3.498005121946334839e-02
4.800000000000000000e+01 -2.362390607595443726e-02
4.900000000000000000e+01 -1.308394875377416611e-02
5.000000000000000000e+01 -3.600807394832372665e-03
5.100000000000000000e+01 -4.785669036209583282e-03
5.200000000000000000e+01 -5.265002138912677765e-03
5.300000000000000000e+01 -6.126402411609888077e-03
5.400000000000000000e+01 -6.680249236524105072e-03
5.500000000000000000e+01 -6.839524488896131516e-03
5.600000000000000000e+01 -6.830242462456226349e-03
5.700000000000000000e+01 -6.490469444543123245e-03
5.800000000000000000e+01 -6.293544080108404160e-03
5.900000000000000000e+01 -6.257412955164909363e-03
6.000000000000000000e+01 -6.292911246418952942e-03
6.100000000000000000e+01 -6.374170538038015366e-03
6.200000000000000000e+01 -6.545210257172584534e-03
6.300000000000000000e+01 -6.582908798009157181e-03
6.400000000000000000e+01 -6.491228472441434860e-03
6.500000000000000000e+01 -6.474685389548540115e-03
6.600000000000000000e+01 -5.686928518116474152e-03
6.700000000000000000e+01 -4.971113987267017365e-03
6.800000000000000000e+01 -4.215427208691835403e-03
6.900000000000000000e+01 -3.500662045553326607e-03
7.000000000000000000e+01 -2.645083470270037651e-03
7.100000000000000000e+01 -1.346926670521497726e-03
7.200000000000000000e+01 9.726224379846826196e-05
7.300000000000000000e+01 2.076403936371207237e-03
7.400000000000000000e+01 4.623063839972019196e-03
7.500000000000000000e+01 6.355690769851207733e-03
7.600000000000000000e+01 8.155229501426219940e-03
7.700000000000000000e+01 9.927208535373210907e-03
7.800000000000000000e+01 1.107180956751108170e-02
7.900000000000000000e+01 1.162805408239364624e-02
8.000000000000000000e+01 1.229129824787378311e-02
8.100000000000000000e+01 1.335072889924049377e-02
8.200000000000000000e+01 1.403628569096326828e-02
8.300000000000000000e+01 1.523000933229923248e-02
8.400000000000000000e+01 1.594726555049419403e-02
8.500000000000000000e+01 1.695263572037220001e-02
8.600000000000000000e+01 1.822055317461490631e-02
8.700000000000000000e+01 1.938154175877571106e-02
8.800000000000000000e+01 2.036842145025730133e-02
8.900000000000000000e+01 2.126970328390598297e-02
9.000000000000000000e+01 2.279903180897235870e-02
9.100000000000000000e+01 2.450837008655071259e-02
9.200000000000000000e+01 2.639053761959075928e-02
9.300000000000000000e+01 2.734033390879631042e-02
9.400000000000000000e+01 2.798157185316085815e-02
9.500000000000000000e+01 2.744903601706027985e-02
9.600000000000000000e+01 2.852552384138107300e-02
9.700000000000000000e+01 2.965811081230640411e-02
9.800000000000000000e+01 2.850843966007232666e-02
9.900000000000000000e+01 2.843581698834896088e-02
