1.000000000000000000e+00 1.000000000000000000e+00
2.000000000000000000e+00 8.984125256538391113e-01
3.000000000000000000e+00 8.273903131484985352e-01
4.000000000000000000e+00 7.654804587364196777e-01
5.000000000000000000e+00 7.074815630912780762e-01
6.000000000000000000e+00 6.509615182876586914e-01
7.000000000000000000e+00 5.953455567359924316e-01
8.000000000000000000e+00 5.404586195945739746e-01
9.000000000000000000e+00 4.856948852539062500e-01
1.000000000000000000e+01 4.316060245037078857e-01
1.100000000000000000e+01 3.780477941036224365e-01
1.200000000000000000e+01 3.249566256999969482e-01
1.300000000000000000e+01 2.729636132717132568e-01
1.400000000000000000e+01 2.225151658058166504e-01
1.500000000000000000e+01 1.735548079013824463e-01
1.600000000000000000e+01 1.262895464897155762e-01
1.700000000000000000e+01 8.105183392763137817e-02
1.800000000000000000e+01 3.783882409334182739e-02
1.900000000000000000e+01 -3.048517508432269096e-03
2.000000000000000000e+01 -4.109709337353706360e-02
2.100000000000000000e+01 -7.633139193058013916e-02
2.200000000000000000e+01 -1.089939400553703308e-01
2.300000000000000000e+01 -1.373801082372665405e-01
2.400000000000000000e+01 -1.613869369029998779e-01
2.500000000000000000e+01 -1.794672608375549316e-01
2.600000000000000000e+01 -1.913325488567352295e-01
2.700000000000000000e+01 -1.977769434452056885e-01
2.800000000000000000e+01 -1.993521153926849365e-01
2.900000000000000000e+01 -1.980721801519393921e-01
3.000000000000000000e+01 -1.946493089199066162e-01
3.100000000000000000e+01 -1.896610409021377563e-01
3.200000000000000000e+01 -1.835082024335861206e-01
3.300000000000000000e+01 -1.765478104352951050e-01
3.400000000000000000e+01 -1.684902161359786987e-01
3.500000000000000000e+01 -1.600582301616668701e-01
3.600000000000000000e+01 -1.513833105564117432e-01
3.700000000000000000e+01 -1.423482447862625122e-01
3.800000000000000000e+01 -1.325902044773101807e-01
3.900000000000000000e+01 -1.227614432573318481e-01
4.000000000000000000e+01 -1.126250997185707092e-01
4.100000000000000000e+01 -1.018787026405334473e-01
4.200000000000000000e+01 -9.146395325660705566e-02
4.300000000000000000e+01 -8.104233443737030029e-02
4.400000000000000000e+01 -7.036602497100830078e-02
4.500000000000000000e+01 -5.930578336119651794e-02
4.600000000000000000e+01 -4.778393730521202087e-02
4.700000000000000000e+01 -3.699660673737525940e-02
4.800000000000000000e+01 -2.624277956783771515e-02
4.900000000000000000e+01 -1.580534502863883972e-02
5.000000000000000000e+01 -6.068336777389049530e-03
5.100000000000000000e+01 -6.499272771179676056e-03
5.200000000000000000e+01 -6.121157202869653702e-03
5.300000000000000000e+01 -6.040320731699466705e-03
5.400000000000000000e+01 -6.129574961960315704e-03
5.500000000000000000e+01 -5.993152502924203873e-03
5.600000000000000000e+01 -5.840608850121498108e-03
5.700000000000000000e+01 -5.670616868883371353e-03
5.800000000000000000e+01 -5.493371281772851944e-03
5.900000000000000000e+01 -4.762338940054178238e-03
6.000000000000000000e+01 -3.910978790372610092e-03
6.100000000000000000e+01 -3.355519147589802742e-03
6.200000000000000000e+01 -2.623680047690868378e-03
6.300000000000000000e+01 -1.520899124443531036e-03
6.400000000000000000e+01 -4.924337845295667648e-04
6.500000000000000000e+01 3.639011410996317863e-04
6.600000000000000000e+01 1.567046274431049824e-03
6.700000000000000000e+01 3.249408211559057236e-03
6.800000000000000000e+01 4.633293952792882919e-03
6.900000000000000000e+01 5.910630803555250168e-03
7.000000000000000000e+01 6.727070081979036331e-03
7.100000000000000000e+01 7.706677075475454330e-03
7.200000000000000000e+01 9.605634026229381561e-03
7.300000000000000000e+01 1.047433353960514069e-02
7.400000000000000000e+01 1.153189316391944885e-02
7.500000000000000000e+01 1.219529006630182266e-02
7.600000000000000000e+01 1.266891974955797195e-02
7.700000000000000000e+01 1.346990931779146194e-02
7.800000000000000000e+01 1.431264542043209076e-02
7.900000000000000000e+01 1.463464647531509399e-02
8.000000000000000000e+01 1.506081968545913696e-02
8.100000000000000000e+01 1.558198779821395874e-02
8.200000000000000000e+01 1.679317839443683624e-02
8.300000000000000000e+01 1.739665865898132324e-02
8.400000000000000000e+01 1.781313307583332062e-02
8.500000000000000000e+01 1.761710084974765778e-02
8.600000000000000000e+01 1.772438734769821167e-02
8.700000000000000000e+01 1.698312908411026001e-02
8.800000000000000000e+01 1.717923767864704132e-02
8.900000000000000000e+01 1.678970269858837128e-02
9.000000000000000000e+01 1.651002839207649231e-02
9.100000000000000000e+01 1.630589179694652557e-02
9.200000000000000000e+01 1.579561084508895874e-02
9.300000000000000000e+01 1.506826281547546387e-02
9.400000000000000000e+01 1.551410555839538574e-02
9.500000000000000000e+01 1.551062893122434616e-02
9.600000000000000000e+01 1.645446754992008209e-02
9.700000000000000000e+01 1.936366595327854156e-02
9.800000000000000000e+01 2.173230797052383423e-02
9.900000000000000000e+01 2.451078407466411591e-02
