1.000000000000000000e+00 1.000000000000000000e+00
2.000000000000000000e+00 9.021914005279541016e-01
3.000000000000000000e+00 8.343528509140014648e-01
4.000000000000000000e+00 7.746113538742065430e-01
5.000000000000000000e+00 7.186711430549621582e-01
6.000000000000000000e+00 6.641868948936462402e-01
7.000000000000000000e+00 6.102307438850402832e-01
8.000000000000000000e+00 5.565689206123352051e-01
9.000000000000000000e+00 5.029628276824951172e-01
1.000000000000000000e+01 4.496005773544311523e-01
1.100000000000000000e+01 3.967145681381225586e-01
1.200000000000000000e+01 3.442713618278503418e-01
1.300000000000000000e+01 2.925573289394378662e-01
1.400000000000000000e+01 2.418914884328842163e-01
1.500000000000000000e+01 1.925044506788253784e-01
1.600000000000000000e+01 1.445643007755279541e-01
1.700000000000000000e+01 9.859601408243179321e-02
1.800000000000000000e+01 5.467407777905464172e-02
1.900000000000000000e+01 1.322894170880317688e-02
2.000000000000000000e+01 -2.595686353743076324e-02
2.100000000000000000e+01 -6.301674991846084595e-02
2.200000000000000000e+01 -9.759010374546051025e-02
2.300000000000000000e+01 -1.284229904413223267e-01
2.400000000000000000e+01 -1.542672365903854370e-01
2.500000000000000000e+01 -1.746372580528259277e-01
2.600000000000000000e+01 -1.887134462594985962e-01
2.700000000000000000e+01 -1.963784843683242798e-01
2.800000000000000000e+01 -1.991079002618789673e-01
2.900000000000000000e+01 -1.984294354915618896e-01
3.000000000000000000e+01 -1.956787556409835815e-01
3.100000000000000000e+01 -1.913311183452606201e-01
3.200000000000000000e+01 -1.857765316963195801e-01
3.300000000000000000e+01 -1.793400645256042480e-01
3.400000000000000000e+01 -1.721133589744567871e-01
3.500000000000000000e+01 -1.641336828470230103e-01
3.600000000000000000e+01 -1.548009514808654785e-01
3.700000000000000000e+01 -1.452797055244445801e-01
3.800000000000000000e+01 -1.355261206626892090e-01
3.900000000000000000e+01 -1.253153830766677856e-01
4.000000000000000000e+01 -1.146147996187210083e-01
4.100000000000000000e+01 -1.041009277105331421e-01
4.200000000000000000e+01 -9.341056644916534424e-02
4.300000000000000000e+01 -8.239151537418365479e-02
4.400000000000000000e+01 -7.099232822656631470e-02
4.500000000000000000e+01 -5.905864387750625610e-02
4.600000000000000000e+01 -4.764030128717422485e-02
4.700000000000000000e+01 -3.606680780649185181e-02
4.800000000000000000e+01 -2.517656981945037842e-02
4.900000000000000000e+01 -1.469775848090648651e-02
5.000000000000000000e+01 -4.876821301877498627e-03
5.100000000000000000e+01 -5.566225852817296982e-03
5.200000000000000000e+01 -5.705076735466718674e-03
5.300000000000000000e+01 -5.795941222459077835e-03
5.400000000000000000e+01 -5.666967481374740601e-03
5.500000000000000000e+01 -6.024371366947889328e-03
5.600000000000000000e+01 -6.092652212828397751e-03
5.700000000000000000e+01 -6.278952583670616150e-03
5.800000000000000000e+01 -6.342025008052587509e-03
5.900000000000000000e+01 -6.107688881456851959e-03
6.000000000000000000e+01 -5.792129319161176682e-03
6.100000000000000000e+01 -5.565313156694173813e-03
6.200000000000000000e+01 -5.542967468500137329e-03
6.300000000000000000e+01 -5.482863169163465500e-03
6.400000000000000000e+01 -5.173730663955211639e-03
6.500000000000000000e+01 -4.798602778464555740e-03
6.600000000000000000e+01 -4.419352859258651733e-03
6.700000000000000000e+01 -3.942502662539482117e-03
6.800000000000000000e+01 -3.129902295768260956e-03
6.900000000000000000e+01 -2.151970751583576202e-03
7.000000000000000000e+01 -7.813532138243317604e-04
7.100000000000000000e+01 9.722397662699222565e-04
7.200000000000000000e+01 2.653704956173896790e-03
7.300000000000000000e+01 4.162493161857128143e-03
7.400000000000000000e+01 5.648366641253232956e-03
7.500000000000000000e+01 6.163639482110738754e-03
7.600000000000000000e+01 6.954718846827745438e-03
7.700000000000000000e+01 7.537166588008403778e-03
7.800000000000000000e+01 8.538774214684963226e-03
7.900000000000000000e+01 8.911781013011932373e-03
8.000000000000000000e+01 9.860507212579250336e-03
8.100000000000000000e+01 1.120636705309152603e-02
8.200000000000000000e+01 1.231102552264928818e-02
8.300000000000000000e+01 1.343661360442638397e-02
8.400000000000000000e+01 1.403527520596981049e-02
8.500000000000000000e+01 1.502207480370998383e-02
8.600000000000000000e+01 1.585889793932437897e-02
8.700000000000000000e+01 1.670449785888195038e-02
8.800000000000000000e+01 1.780862733721733093e-02
8.900000000000000000e+01 1.877036876976490021e-02
9.000000000000000000e+01 1.947920769453048706e-02
9.100000000000000000e+01 1.931425742805004120e-02
9.200000000000000000e+01 1.883896626532077789e-02
9.300000000000000000e+01 1.869594492018222809e-02
9.400000000000000000e+01 1.928222365677356720e-02
9.500000000000000000e+01 1.878902316093444824e-02
9.600000000000000000e+01 1.878624409437179565e-02
9.700000000000000000e+01 2.018896862864494324e-02
9.800000000000000000e+01 1.962026581168174744e-02
9.900000000000000000e+01 1.483537908643484116e-02
