1.000000000000000000e+00 1.000000000000000000e+00
2.000000000000000000e+00 8.994243741035461426e-01
3.000000000000000000e+00 8.294626474380493164e-01
4.000000000000000000e+00 7.688460350036621094e-01
5.000000000000000000e+00 7.118494510650634766e-01
6.000000000000000000e+00 6.565393805503845215e-01
7.000000000000000000e+00 6.018921136856079102e-01
8.000000000000000000e+00 5.477182269096374512e-01
9.000000000000000000e+00 4.938974082469940186e-01
1.000000000000000000e+01 4.403110742568969727e-01
1.100000000000000000e+01 3.870660960674285889e-01
1.200000000000000000e+01 3.343778848648071289e-01
1.300000000000000000e+01 2.826113402843475342e-01
1.400000000000000000e+01 2.321630418300628662e-01
1.500000000000000000e+01 1.828285455703735352e-01
1.600000000000000000e+01 1.350716948509216309e-01
1.700000000000000000e+01 8.911834657192230225e-02
1.800000000000000000e+01 4.548445716500282288e-02
1.900000000000000000e+01 4.320428706705570221e-03
2.000000000000000000e+01 -3.471922129392623901e-02
2.100000000000000000e+01 -7.072921097278594971e-02
2.200000000000000000e+01 -1.040054634213447571e-01
2.300000000000000000e+01 -1.337621212005615234e-01
2.400000000000000000e+01 -1.587171554565429688e-01
2.500000000000000000e+01 -1.783538460731506348e-01
2.600000000000000000e+01 -1.908890455961227417e-01
2.700000000000000000e+01 -1.975692361593246460e-01
2.800000000000000000e+01 -1.996113210916519165e-01
2.900000000000000000e+01 -1.987023353576660156e-01
3.000000000000000000e+01 -1.959114968776702881e-01
3.100000000000000000e+01 -1.915883719921112061e-01
3.200000000000000000e+01 -1.856555640697479248e-01
3.300000000000000000e+01 -1.790553331375122070e-01
3.400000000000000000e+01 -1.718580871820449829e-01
3.500000000000000000e+01 -1.635483652353286743e-01
3.600000000000000000e+01 -1.548374146223068237e-01
3.700000000000000000e+01 -1.456908732652664185e-01
3.800000000000000000e+01 -1.363228410482406616e-01
3.900000000000000000e+01 -1.264504194259643555e-01
4.000000000000000000e+01 -1.163863986730575562e-01
4.100000000000000000e+01 -1.059930473566055298e-01
4.200000000000000000e+01 -9.516493231058120728e-02
4.300000000000000000e+01 -8.360879123210906982e-02
4.400000000000000000e+01 -7.218626886606216431e-02
4.500000000000000000e+01 -6.099256128072738647e-02
4.600000000000000000e+01 -4.931445419788360596e-02
4.700000000000000000e+01 -3.776028007268905640e-02
4.800000000000000000e+01 -2.633599005639553070e-02
4.900000000000000000e+01 -1.533576473593711853e-02
5.000000000000000000e+01 -5.765632260590791702e-03
5.100000000000000000e+01 -6.556468084454536438e-03
5.200000000000000000e+01 -6.817718502134084702e-03
5.300000000000000000e+01 -6.814959459006786346e-03
5.400000000000000000e+01 -7.134500890970230103e-03
5.500000000000000000e+01 -7.342833094298839569e-03
5.600000000000000000e+01 -7.362986449152231216e-03
5.700000000000000000e+01 -7.148703560233116150e-03
5.800000000000000000e+01 -6.688432767987251282e-03
5.900000000000000000e+01 -5.984050687402486801e-03
6.000000000000000000e+01 -5.400876048952341080e-03
6.100000000000000000e+01 -4.698236472904682159e-03
6.200000000000000000e+01 -4.253312014043331146e-03
6.300000000000000000e+01 -3.853899193927645683e-03
6.400000000000000000e+01 -3.631931729614734650e-03
6.500000000000000000e+01 -3.486373694613575935e-03
6.600000000000000000e+01 -3.030861495062708855e-03
6.700000000000000000e+01 -2.257054205983877182e-03
6.800000000000000000e+01 -9.615672752261161804e-04
6.900000000000000000e+01 4.312882665544748306e-04
7.000000000000000000e+01 1.419749576598405838e-03
7.100000000000000000e+01 2.480012131854891777e-03
7.200000000000000000e+01 4.021964967250823975e-03
7.300000000000000000e+01 5.533125717192888260e-03
7.400000000000000000e+01 7.143283728510141373e-03
7.500000000000000000e+01 8.761288598179817200e-03
7.600000000000000000e+01 9.646152146160602570e-03
7.700000000000000000e+01 1.036573015153408051e-02
7.800000000000000000e+01 1.133159454911947250e-02
7.900000000000000000e+01 1.229055505245923996e-02
8.000000000000000000e+01 1.313448138535022736e-02
8.100000000000000000e+01 1.409614365547895432e-02
8.200000000000000000e+01 1.534739881753921509e-02
8.300000000000000000e+01 1.636750437319278717e-02
8.400000000000000000e+01 1.680128090083599091e-02
8.500000000000000000e+01 1.726310141384601593e-02
8.600000000000000000e+01 1.743674650788307190e-02
8.700000000000000000e+01 1.761260256171226501e-02
8.800000000000000000e+01 1.757006905972957611e-02
8.900000000000000000e+01 1.746392436325550079e-02
9.000000000000000000e+01 1.688712090253829956e-02
9.100000000000000000e+01 1.677691191434860229e-02
9.200000000000000000e+01 1.709411107003688812e-02
9.300000000000000000e+01 1.718010008335113525e-02
9.400000000000000000e+01 1.750912889838218689e-02
9.500000000000000000e+01 1.748401485383510590e-02
9.600000000000000000e+01 1.803166233003139496e-02
9.700000000000000000e+01 2.016279473900794983e-02
9.800000000000000000e+01 2.199400402605533600e-02
9.900000000000000000e+01 2.326599508523941040e-02
