1.000000000000000000e+00 1.000000000000000000e+00
2.000000000000000000e+00 9.006084203720092773e-01
3.000000000000000000e+00 8.318945169448852539e-01
4.000000000000000000e+00 7.715215682983398438e-01
5.000000000000000000e+00 7.151077389717102051e-01
6.000000000000000000e+00 6.602393388748168945e-01
7.000000000000000000e+00 6.058118939399719238e-01
8.000000000000000000e+00 5.520092844963073730e-01
9.000000000000000000e+00 4.985708594322204590e-01
1.000000000000000000e+01 4.452684521675109863e-01
1.100000000000000000e+01 3.921146094799041748e-01
1.200000000000000000e+01 3.395378589630126953e-01
1.300000000000000000e+01 2.877683043479919434e-01
1.400000000000000000e+01 2.370234429836273193e-01
1.500000000000000000e+01 1.874911338090896606e-01
1.600000000000000000e+01 1.398666501045227051e-01
1.700000000000000000e+01 9.390874207019805908e-02
1.800000000000000000e+01 4.986886307597160339e-02
1.900000000000000000e+01 8.391303010284900665e-03
2.000000000000000000e+01 -3.064399771392345428e-02
2.100000000000000000e+01 -6.694362312555313110e-02
2.200000000000000000e+01 -1.008439362049102783e-01
2.300000000000000000e+01 -1.311502158641815186e-01
2.400000000000000000e+01 -1.572632193565368652e-01
2.500000000000000000e+01 -1.773926615715026855e-01
2.600000000000000000e+01 -1.910523474216461182e-01
2.700000000000000000e+01 -1.982768177986145020e-01
2.800000000000000000e+01 -2.007646709680557251e-01
2.900000000000000000e+01 -2.001278847455978394e-01
3.000000000000000000e+01 -1.970174312591552734e-01
3.100000000000000000e+01 -1.928388923406600952e-01
3.200000000000000000e+01 -1.872933954000473022e-01
3.300000000000000000e+01 -1.806211471557617188e-01
3.400000000000000000e+01 -1.732708811759948730e-01
3.500000000000000000e+01 -1.650823354721069336e-01
3.600000000000000000e+01 -1.561978906393051147e-01
3.700000000000000000e+01 -1.469873785972595215e-01
3.800000000000000000e+01 -1.372803300619125366e-01
3.900000000000000000e+01 -1.269909739494323730e-01
4.000000000000000000e+01 -1.164460852742195129e-01
4.100000000000000000e+01 -1.057905405759811401e-01
4.200000000000000000e+01 -9.470429271459579468e-02
4.300000000000000000e+01 -8.324901759624481201e-02
4.400000000000000000e+01 -7.158476114273071289e-02
4.500000000000000000e+01 -5.956119671463966370e-02
4.600000000000000000e+01 -4.742368683218955994e-02
4.700000000000000000e+01 -3.595855087041854858e-02
4.800000000000000000e+01 -2.460458874702453613e-02
4.900000000000000000e+01 -1.357906125485897064e-02
5.000000000000000000e+01 -3.720923559740185738e-03
5.100000000000000000e+01 -4.988547880202531815e-03
5.200000000000000000e+01 -5.338706541806459427e-03
5.300000000000000000e+01 -5.918642506003379822e-03
5.400000000000000000e+01 -6.191125139594078064e-03
5.500000000000000000e+01 -6.829430349171161652e-03
5.600000000000000000e+01 -7.133997045457363129e-03
5.700000000000000000e+01 -7.319073192775249481e-03
5.800000000000000000e+01 -7.063241675496101379e-03
5.900000000000000000e+01 -7.301405537873506546e-03
6.000000000000000000e+01 -6.973841693252325058e-03
6.100000000000000000e+01 -6.977264303714036942e-03
6.200000000000000000e+01 -7.145909126847982407e-03
6.300000000000000000e+01 -6.965885404497385025e-03
6.400000000000000000e+01 -6.481553893536329269e-03
6.500000000000000000e+01 -6.088248919695615768e-03
6.600000000000000000e+01 -6.036238744854927063e-03
6.700000000000000000e+01 -5.897823721170425415e-03
6.800000000000000000e+01 -5.544264800846576691e-03
6.900000000000000000e+01 -4.495311528444290161e-03
7.000000000000000000e+01 -3.378407796844840050e-03
7.100000000000000000e+01 -2.250264631584286690e-03
7.200000000000000000e+01 -1.088523073121905327e-03
7.300000000000000000e+01 4.328388604335486889e-04
7.400000000000000000e+01 2.026481088250875473e-03
7.500000000000000000e+01 3.289292566478252411e-03
7.600000000000000000e+01 4.874390084296464920e-03
7.700000000000000000e+01 6.523769814521074295e-03
7.800000000000000000e+01 7.790233474224805832e-03
7.900000000000000000e+01 9.082056581974029541e-03
8.000000000000000000e+01 9.899082593619823456e-03
8.100000000000000000e+01 1.084894035011529922e-02
8.200000000000000000e+01 1.187502406537532806e-02
8.300000000000000000e+01 1.254839543253183365e-02
8.400000000000000000e+01 1.281582470983266830e-02
8.500000000000000000e+01 1.336848642677068710e-02
8.600000000000000000e+01 1.381956599652767181e-02
8.700000000000000000e+01 1.370988693088293076e-02
8.800000000000000000e+01 1.389753445982933044e-02
8.900000000000000000e+01 1.375428587198257446e-02
9.000000000000000000e+01 1.439414173364639282e-02
9.100000000000000000e+01 1.514985784888267517e-02
9.200000000000000000e+01 1.561549026519060135e-02
9.300000000000000000e+01 1.640507765114307404e-02
9.400000000000000000e+01 1.744328252971172333e-02
9.500000000000000000e+01 1.852678507566452026e-02
9.600000000000000000e+01 1.935835368931293488e-02
9.700000000000000000e+01 2.027175948023796082e-02
9.800000000000000000e+01 2.135840058326721191e-02
9.900000000000000000e+01 2.349544130265712738e-02
