1.000000000000000000e+00 1.000000000000000000e+00
2.000000000000000000e+00 9.041735529899597168e-01
3.000000000000000000e+00 8.376819491386413574e-01
4.000000000000000000e+00 7.792466878890991211e-01
5.000000000000000000e+00 7.246077060699462891e-01
6.000000000000000000e+00 6.714942455291748047e-01
7.000000000000000000e+00 6.185005307197570801e-01
8.000000000000000000e+00 5.657665133476257324e-01
9.000000000000000000e+00 5.131125450134277344e-01
1.000000000000000000e+01 4.605038166046142578e-01
1.100000000000000000e+01 4.079628586769104004e-01
1.200000000000000000e+01 3.559696674346923828e-01
1.300000000000000000e+01 3.047559559345245361e-01
1.400000000000000000e+01 2.542313635349273682e-01
1.500000000000000000e+01 2.046988308429718018e-01
1.600000000000000000e+01 1.565822064876556396e-01
1.700000000000000000e+01 1.103542447090148926e-01
1.800000000000000000e+01 6.601160764694213867e-02
1.900000000000000000e+01 2.359754405915737152e-02
2.000000000000000000e+01 -1.663003116846084595e-02
2.100000000000000000e+01 -5.451995879411697388e-02
2.200000000000000000e+01 -8.966846019029617310e-02
2.300000000000000000e+01 -1.213002353906631470e-01
2.400000000000000000e+01 -1.484427303075790405e-01
2.500000000000000000e+01 -1.700217872858047485e-01
2.600000000000000000e+01 -1.848735213279724121e-01
2.700000000000000000e+01 -1.933569163084030151e-01
2.800000000000000000e+01 -1.970273405313491821e-01
2.900000000000000000e+01 -1.973730921745300293e-01
3.000000000000000000e+01 -1.951937377452850342e-01
3.100000000000000000e+01 -1.913659721612930298e-01
3.200000000000000000e+01 -1.860012114048004150e-01
3.300000000000000000e+01 -1.801089346408843994e-01
3.400000000000000000e+01 -1.730458140373229980e-01
3.500000000000000000e+01 -1.653454899787902832e-01
3.600000000000000000e+01 -1.569511741399765015e-01
3.700000000000000000e+01 -1.477913558483123779e-01
3.800000000000000000e+01 -1.384239196777343750e-01
3.900000000000000000e+01 -1.286478489637374878e-01
4.000000000000000000e+01 -1.184775233268737793e-01
4.100000000000000000e+01 -1.077844202518463135e-01
4.200000000000000000e+01 -9.660188108682632446e-02
4.300000000000000000e+01 -8.486069738864898682e-02
4.400000000000000000e+01 -7.281899452209472656e-02
4.500000000000000000e+01 -6.088354066014289856e-02
4.600000000000000000e+01 -4.866248741745948792e-02
4.700000000000000000e+01 -3.665399178862571716e-02
4.800000000000000000e+01 -2.485731616616249084e-02
4.900000000000000000e+01 -1.366751361638307571e-02
5.000000000000000000e+01 -4.060614854097366333e-03
5.100000000000000000e+01 -4.013118334114551544e-03
5.200000000000000000e+01 -4.302207846194505692e-03
5.300000000000000000e+01 -4.513381049036979675e-03
5.400000000000000000e+01 -4.317683167755603790e-03
5.500000000000000000e+01 -4.459549207240343094e-03
5.600000000000000000e+01 -4.577820189297199249e-03
5.700000000000000000e+01 -4.460474010556936264e-03
5.800000000000000000e+01 -4.405077081173658371e-03
5.900000000000000000e+01 -4.250461701303720474e-03
6.000000000000000000e+01 -4.031489137560129166e-03
6.100000000000000000e+01 -3.642996773123741150e-03
6.200000000000000000e+01 -3.274756018072366714e-03
6.300000000000000000e+01 -3.399303182959556580e-03
6.400000000000000000e+01 -2.890779869630932808e-03
6.500000000000000000e+01 -3.104223869740962982e-03
6.600000000000000000e+01 -3.555223578587174416e-03
6.700000000000000000e+01 -3.521667094901204109e-03
6.800000000000000000e+01 -3.141257911920547485e-03
6.900000000000000000e+01 -3.111859783530235291e-03
7.000000000000000000e+01 -2.876446582376956940e-03
7.100000000000000000e+01 -2.462300006300210953e-03
7.200000000000000000e+01 -1.836952054873108864e-03
7.300000000000000000e+01 -6.502363248728215694e-04
7.400000000000000000e+01 4.129395238123834133e-04
7.500000000000000000e+01 1.202367944642901421e-03
7.600000000000000000e+01 1.640847651287913322e-03
7.700000000000000000e+01 2.243733266368508339e-03
7.800000000000000000e+01 2.674435731023550034e-03
7.900000000000000000e+01 3.612237051129341125e-03
8.000000000000000000e+01 4.571944475173950195e-03
8.100000000000000000e+01 5.896450486034154892e-03
8.200000000000000000e+01 7.160057779401540756e-03
8.300000000000000000e+01 8.043771609663963318e-03
8.400000000000000000e+01 9.211047552525997162e-03
8.500000000000000000e+01 9.627855382859706879e-03
8.600000000000000000e+01 9.956652298569679260e-03
8.700000000000000000e+01 9.865683503448963165e-03
8.800000000000000000e+01 1.008672546595335007e-02
8.900000000000000000e+01 1.073857489973306656e-02
9.000000000000000000e+01 1.095512323081493378e-02
9.100000000000000000e+01 1.135399192571640015e-02
9.200000000000000000e+01 1.164900697767734528e-02
9.300000000000000000e+01 1.258480176329612732e-02
9.400000000000000000e+01 1.221538800746202469e-02
9.500000000000000000e+01 1.087135635316371918e-02
9.600000000000000000e+01 1.012931857258081436e-02
9.700000000000000000e+01 8.664986118674278259e-03
9.800000000000000000e+01 6.281259469687938690e-03
9.900000000000000000e+01 3.329486353322863579e-03
