1.000000000000000000e+00 1.000000000000000000e+00
2.000000000000000000e+00 8.908780217170715332e-01
3.000000000000000000e+00 8.146775960922241211e-01
4.000000000000000000e+00 7.480874657630920410e-01
5.000000000000000000e+00 6.870821714401245117e-01
6.000000000000000000e+00 6.285613775253295898e-01
7.000000000000000000e+00 5.711957216262817383e-01
8.000000000000000000e+00 5.148720741271972656e-01
9.000000000000000000e+00 4.593310356140136719e-01
1.000000000000000000e+01 4.047204852104187012e-01
1.100000000000000000e+01 3.511231243610382080e-01
1.200000000000000000e+01 2.985279560089111328e-01
1.300000000000000000e+01 2.473657280206680298e-01
1.400000000000000000e+01 1.977064609527587891e-01
1.500000000000000000e+01 1.497028470039367676e-01
1.600000000000000000e+01 1.035977825522422791e-01
1.700000000000000000e+01 6.007723137736320496e-02
1.800000000000000000e+01 1.929040811955928802e-02
1.900000000000000000e+01 -1.872910186648368835e-02
2.000000000000000000e+01 -5.435458943247795105e-02
2.100000000000000000e+01 -8.697786927223205566e-02
2.200000000000000000e+01 -1.163931936025619507e-01
2.300000000000000000e+01 -1.421128511428833008e-01
2.400000000000000000e+01 -1.633780002593994141e-01
2.500000000000000000e+01 -1.794532835483551025e-01
2.600000000000000000e+01 -1.896381527185440063e-01
2.700000000000000000e+01 -1.944691985845565796e-01
2.800000000000000000e+01 -1.947086006402969360e-01
2.900000000000000000e+01 -1.922086775302886963e-01
3.000000000000000000e+01 -1.876025348901748657e-01
3.100000000000000000e+01 -1.811756044626235962e-01
3.200000000000000000e+01 -1.737647354602813721e-01
3.300000000000000000e+01 -1.658129990100860596e-01
3.400000000000000000e+01 -1.569720655679702759e-01
3.500000000000000000e+01 -1.480002403259277344e-01
3.600000000000000000e+01 -1.387944519519805908e-01
3.700000000000000000e+01 -1.297424882650375366e-01
3.800000000000000000e+01 -1.206520199775695801e-01
3.900000000000000000e+01 -1.115275099873542786e-01
4.000000000000000000e+01 -1.017369925975799561e-01
4.100000000000000000e+01 -9.173943102359771729e-02
4.200000000000000000e+01 -8.155506104230880737e-02
4.300000000000000000e+01 -7.104473561048507690e-02
4.400000000000000000e+01 -6.078575178980827332e-02
4.500000000000000000e+01 -5.045418068766593933e-02
4.600000000000000000e+01 -4.030031710863113403e-02
4.700000000000000000e+01 -3.066236525774002075e-02
4.800000000000000000e+01 -2.101264335215091705e-02
4.900000000000000000e+01 -1.200914941728115082e-02
5.000000000000000000e+01 -4.428163636475801468e-03
5.100000000000000000e+01 -5.622887983918190002e-03
5.200000000000000000e+01 -6.492843851447105408e-03
5.300000000000000000e+01 -6.960521452128887177e-03
5.400000000000000000e+01 -7.471813820302486420e-03
5.500000000000000000e+01 -7.709126919507980347e-03
5.600000000000000000e+01 -7.528830319643020630e-03
5.700000000000000000e+01 -7.243899162858724594e-03
5.800000000000000000e+01 -6.977772340178489685e-03
5.900000000000000000e+01 -6.274643354117870331e-03
6.000000000000000000e+01 -5.584393162280321121e-03
6.100000000000000000e+01 -5.443660542368888855e-03
6.200000000000000000e+01 -4.967706277966499329e-03
6.300000000000000000e+01 -4.764246288686990738e-03
6.400000000000000000e+01 -4.020702559500932693e-03
6.500000000000000000e+01 -3.010776126757264137e-03
6.600000000000000000e+01 -1.865369733422994614e-03
6.700000000000000000e+01 -9.062765748240053654e-04
6.800000000000000000e+01 -2.684446517378091812e-04
6.900000000000000000e+01 6.956342840567231178e-04
7.000000000000000000e+01 1.615265966393053532e-03
7.100000000000000000e+01 2.450232161208987236e-03
7.200000000000000000e+01 3.223628737032413483e-03
7.300000000000000000e+01 4.020357038825750351e-03
7.400000000000000000e+01 5.114303436130285263e-03
7.500000000000000000e+01 6.115032359957695007e-03
7.600000000000000000e+01 7.667738478630781174e-03
7.700000000000000000e+01 9.540446102619171143e-03
7.800000000000000000e+01 1.032288093119859695e-02
7.900000000000000000e+01 1.102790795266628265e-02
8.000000000000000000e+01 1.160337217152118683e-02
8.100000000000000000e+01 1.198826823383569717e-02
8.200000000000000000e+01 1.202940661460161209e-02
8.300000000000000000e+01 1.180150918662548065e-02
8.400000000000000000e+01 1.173651684075593948e-02
8.500000000000000000e+01 1.195043884217739105e-02
8.600000000000000000e+01 1.216754131019115448e-02
8.700000000000000000e+01 1.305161323398351669e-02
8.800000000000000000e+01 1.439415570348501205e-02
8.900000000000000000e+01 1.592172496020793915e-02
9.000000000000000000e+01 1.694616489112377167e-02
9.100000000000000000e+01 1.714939810335636139e-02
9.200000000000000000e+01 1.773344352841377258e-02
9.300000000000000000e+01 1.818481646478176117e-02
9.400000000000000000e+01 1.870418526232242584e-02
9.500000000000000000e+01 1.921389065682888031e-02
9.600000000000000000e+01 2.063708938658237457e-02
9.700000000000000000e+01 2.136907167732715607e-02
9.800000000000000000e+01 1.920136436820030212e-02
9.900000000000000000e+01 1.526453346014022827e-02
