1.000000000000000000e+00 1.000000000000000000e+00
2.000000000000000000e+00 7.580007314682006836e-01
3.000000000000000000e+00 5.939495563507080078e-01
4.000000000000000000e+00 4.677660465240478516e-01
5.000000000000000000e+00 3.682043850421905518e-01
6.000000000000000000e+00 2.884953916072845459e-01
7.000000000000000000e+00 2.235812395811080933e-01
8.000000000000000000e+00 1.711350679397583008e-01
9.000000000000000000e+00 1.285509616136550903e-01
1.000000000000000000e+01 9.429527819156646729e-02
1.100000000000000000e+01 6.673964112997055054e-02
1.200000000000000000e+01 4.448934271931648254e-02
1.300000000000000000e+01 2.624184451997280121e-02
1.400000000000000000e+01 1.136372331529855728e-02
1.500000000000000000e+01 -5.265157233225181699e-05
1.600000000000000000e+01 -8.890042081475257874e-03
1.700000000000000000e+01 -1.560300216078758240e-02
1.800000000000000000e+01 -2.034757658839225769e-02
1.900000000000000000e+01 -2.341750077903270721e-02
2.000000000000000000e+01 -2.547186054289340973e-02
2.100000000000000000e+01 -2.712167799472808838e-02
2.200000000000000000e+01 -2.686151862144470215e-02
2.300000000000000000e+01 -2.530955336987972260e-02
2.400000000000000000e+01 -2.323211170732975006e-02
2.500000000000000000e+01 -2.053595334291458130e-02
2.600000000000000000e+01 -1.840808987617492676e-02
2.700000000000000000e+01 -1.609853841364383698e-02
2.800000000000000000e+01 -1.422916539013385773e-02
2.900000000000000000e+01 -1.302987243980169296e-02
3.000000000000000000e+01 -1.191769074648618698e-02
3.100000000000000000e+01 -9.892164729535579681e-03
3.200000000000000000e+01 -8.445205166935920715e-03
3.300000000000000000e+01 -7.456790655851364136e-03
3.400000000000000000e+01 -6.130769383162260056e-03
3.500000000000000000e+01 -5.577180068939924240e-03
3.600000000000000000e+01 -5.186829250305891037e-03
3.700000000000000000e+01 -4.807115998119115829e-03
3.800000000000000000e+01 -3.802933730185031891e-03
3.900000000000000000e+01 -2.633135998621582985e-03
4.000000000000000000e+01 -1.856183400377631187e-03
4.100000000000000000e+01 -9.918747236952185631e-04
4.200000000000000000e+01 -4.408437525853514671e-04
4.300000000000000000e+01 -5.351531435735523701e-04
4.400000000000000000e+01 -1.755295204930007458e-03
4.500000000000000000e+01 -2.041875850409269333e-03
4.600000000000000000e+01 -2.415177877992391586e-03
4.700000000000000000e+01 -2.491596387699246407e-03
4.800000000000000000e+01 -2.405034378170967102e-03
4.900000000000000000e+01 -2.516490174457430840e-03
5.000000000000000000e+01 -2.177553484216332436e-03
5.100000000000000000e+01 -2.927858848124742508e-03
5.200000000000000000e+01 -3.843429498374462128e-03
5.300000000000000000e+01 -3.840226447209715843e-03
5.400000000000000000e+01 -4.273721948266029358e-03
5.500000000000000000e+01 -3.690622514113783836e-03
5.600000000000000000e+01 -3.362811403349041939e-03
5.700000000000000000e+01 -3.471518866717815399e-03
5.800000000000000000e+01 -2.630007918924093246e-03
5.900000000000000000e+01 -6.154562579467892647e-04
6.000000000000000000e+01 1.042532850988209248e-03
6.100000000000000000e+01 1.840899349190294743e-03
6.200000000000000000e+01 1.102110836654901505e-03
6.300000000000000000e+01 1.349714002572000027e-03
6.400000000000000000e+01 5.831865710206329823e-04
6.500000000000000000e+01 -6.577054155059158802e-04
6.600000000000000000e+01 -4.432384157553315163e-04
6.700000000000000000e+01 5.945604061707854271e-04
6.800000000000000000e+01 6.251675658859312534e-04
6.900000000000000000e+01 8.500547846779227257e-04
7.000000000000000000e+01 1.433149212971329689e-03
7.100000000000000000e+01 1.463195309042930603e-03
7.200000000000000000e+01 -9.270436567021533847e-05
7.300000000000000000e+01 5.810682778246700764e-04
7.400000000000000000e+01 3.028050297871232033e-03
7.500000000000000000e+01 4.399423953145742416e-03
7.600000000000000000e+01 5.592416971921920776e-03
7.700000000000000000e+01 5.496497265994548798e-03
7.800000000000000000e+01 5.329634062945842743e-03
7.900000000000000000e+01 5.360128358006477356e-03
8.000000000000000000e+01 5.527073517441749573e-03
8.100000000000000000e+01 5.828536115586757660e-03
8.200000000000000000e+01 7.022281643003225327e-03
8.300000000000000000e+01 6.684620399028062820e-03
8.400000000000000000e+01 5.935363937169313431e-03
8.500000000000000000e+01 5.944500677287578583e-03
8.600000000000000000e+01 5.256211850792169571e-03
8.700000000000000000e+01 5.252838134765625000e-03
8.800000000000000000e+01 3.652353305369615555e-03
8.900000000000000000e+01 2.198891248553991318e-03
9.000000000000000000e+01 5.276652518659830093e-04
9.100000000000000000e+01 1.378215732984244823e-03
9.200000000000000000e+01 1.260920078493654728e-03
9.300000000000000000e+01 1.597164664417505264e-03
9.400000000000000000e+01 1.342518837191164494e-03
9.500000000000000000e+01 6.069711525924503803e-04
9.600000000000000000e+01 2.415375784039497375e-03
9.700000000000000000e+01 4.150249063968658447e-03
9.800000000000000000e+01 2.394556533545255661e-03
9.900000000000000000e+01 -1.548875588923692703e-03
