1.000000000000000000e+00 1.000000000000000000e+00
2.000000000000000000e+00 9.038794636726379395e-01
3.000000000000000000e+00 8.376938700675964355e-01
4.000000000000000000e+00 7.791638374328613281e-01
5.000000000000000000e+00 7.244467735290527344e-01
6.000000000000000000e+00 6.711912155151367188e-01
7.000000000000000000e+00 6.186214089393615723e-01
8.000000000000000000e+00 5.660045146942138672e-01
9.000000000000000000e+00 5.132813453674316406e-01
1.000000000000000000e+01 4.606603682041168213e-01
1.100000000000000000e+01 4.082677662372589111e-01
1.200000000000000000e+01 3.566350936889648438e-01
1.300000000000000000e+01 3.055744767189025879e-01
1.400000000000000000e+01 2.552206516265869141e-01
1.500000000000000000e+01 2.058398723602294922e-01
1.600000000000000000e+01 1.578895598649978638e-01
1.700000000000000000e+01 1.112527996301651001e-01
1.800000000000000000e+01 6.656017154455184937e-02
1.900000000000000000e+01 2.406138926744461060e-02
2.000000000000000000e+01 -1.630380004644393921e-02
2.100000000000000000e+01 -5.471155419945716858e-02
2.200000000000000000e+01 -9.016526490449905396e-02
2.300000000000000000e+01 -1.218522563576698303e-01
2.400000000000000000e+01 -1.489901095628738403e-01
2.500000000000000000e+01 -1.704573631286621094e-01
2.600000000000000000e+01 -1.850572675466537476e-01
2.700000000000000000e+01 -1.934140920639038086e-01
2.800000000000000000e+01 -1.963181495666503906e-01
2.900000000000000000e+01 -1.962910890579223633e-01
3.000000000000000000e+01 -1.941022425889968872e-01
3.100000000000000000e+01 -1.902290433645248413e-01
3.200000000000000000e+01 -1.848055571317672729e-01
3.300000000000000000e+01 -1.786332279443740845e-01
3.400000000000000000e+01 -1.718784123659133911e-01
3.500000000000000000e+01 -1.643568575382232666e-01
3.600000000000000000e+01 -1.559947431087493896e-01
3.700000000000000000e+01 -1.467604637145996094e-01
3.800000000000000000e+01 -1.376007646322250366e-01
3.900000000000000000e+01 -1.278899461030960083e-01
4.000000000000000000e+01 -1.180335432291030884e-01
4.100000000000000000e+01 -1.075446754693984985e-01
4.200000000000000000e+01 -9.676861017942428589e-02
4.300000000000000000e+01 -8.559802174568176270e-02
4.400000000000000000e+01 -7.444981485605239868e-02
4.500000000000000000e+01 -6.321144104003906250e-02
4.600000000000000000e+01 -5.114974826574325562e-02
4.700000000000000000e+01 -3.946452960371971130e-02
4.800000000000000000e+01 -2.782095409929752350e-02
4.900000000000000000e+01 -1.602365449070930481e-02
5.000000000000000000e+01 -5.486180540174245834e-03
5.100000000000000000e+01 -6.184100173413753510e-03
5.200000000000000000e+01 -6.318888161331415176e-03
5.300000000000000000e+01 -6.487225648015737534e-03
5.400000000000000000e+01 -6.704833358526229858e-03
5.500000000000000000e+01 -6.731836125254631042e-03
5.600000000000000000e+01 -6.517023779451847076e-03
5.700000000000000000e+01 -6.211686413735151291e-03
5.800000000000000000e+01 -5.916998255997896194e-03
5.900000000000000000e+01 -5.433814134448766708e-03
6.000000000000000000e+01 -4.846028052270412445e-03
6.100000000000000000e+01 -4.359588027000427246e-03
6.200000000000000000e+01 -3.756085410714149475e-03
6.300000000000000000e+01 -3.389839781448245049e-03
6.400000000000000000e+01 -2.823089016601443291e-03
6.500000000000000000e+01 -2.216701861470937729e-03
6.600000000000000000e+01 -1.742179738357663155e-03
6.700000000000000000e+01 -1.314116292633116245e-03
6.800000000000000000e+01 -8.999549900181591511e-04
6.900000000000000000e+01 -2.681869955267757177e-04
7.000000000000000000e+01 -1.810009707696735859e-04
7.100000000000000000e+01 -3.718503867276012897e-04
7.200000000000000000e+01 -1.480691134929656982e-04
7.300000000000000000e+01 2.580495201982557774e-04
7.400000000000000000e+01 6.645949324592947960e-04
7.500000000000000000e+01 9.027647320181131363e-04
7.600000000000000000e+01 1.409201649948954582e-03
7.700000000000000000e+01 2.023033564910292625e-03
7.800000000000000000e+01 2.675046212971210480e-03
7.900000000000000000e+01 3.298671450465917587e-03
8.000000000000000000e+01 4.025891888886690140e-03
8.100000000000000000e+01 4.750420339405536652e-03
8.200000000000000000e+01 5.964429117739200592e-03
8.300000000000000000e+01 7.291318848729133606e-03
8.400000000000000000e+01 8.225888945162296295e-03
8.500000000000000000e+01 9.695715270936489105e-03
8.600000000000000000e+01 1.113250385969877243e-02
8.700000000000000000e+01 1.225556340068578720e-02
8.800000000000000000e+01 1.272649224847555161e-02
8.900000000000000000e+01 1.255390513688325882e-02
9.000000000000000000e+01 1.297550369054079056e-02
9.100000000000000000e+01 1.326434407383203506e-02
9.200000000000000000e+01 1.327838934957981110e-02
9.300000000000000000e+01 1.288540661334991455e-02
9.400000000000000000e+01 1.205567456781864166e-02
9.500000000000000000e+01 1.122936513274908066e-02
9.600000000000000000e+01 1.071340218186378479e-02
9.700000000000000000e+01 9.366989135742187500e-03
9.800000000000000000e+01 1.010926906019449234e-02
9.900000000000000000e+01 8.392094634473323822e-03
