1.000000000000000000e+00 1.000000000000000000e+00
2.000000000000000000e+00 9.023603200912475586e-01
3.000000000000000000e+00 8.350248932838439941e-01
4.000000000000000000e+00 7.760536074638366699e-01
5.000000000000000000e+00 7.205429077148437500e-01
6.000000000000000000e+00 6.664208173751831055e-01
7.000000000000000000e+00 6.128202080726623535e-01
8.000000000000000000e+00 5.592751502990722656e-01
9.000000000000000000e+00 5.056847333908081055e-01
1.000000000000000000e+01 4.524506926536560059e-01
1.100000000000000000e+01 3.996548056602478027e-01
1.200000000000000000e+01 3.475264608860015869e-01
1.300000000000000000e+01 2.961817085742950439e-01
1.400000000000000000e+01 2.459220588207244873e-01
1.500000000000000000e+01 1.968706995248794556e-01
1.600000000000000000e+01 1.493466198444366455e-01
1.700000000000000000e+01 1.032755076885223389e-01
1.800000000000000000e+01 5.913520604372024536e-02
1.900000000000000000e+01 1.740489900112152100e-02
2.000000000000000000e+01 -2.205993793904781342e-02
2.100000000000000000e+01 -5.911245942115783691e-02
2.200000000000000000e+01 -9.328210353851318359e-02
2.300000000000000000e+01 -1.239081919193267822e-01
2.400000000000000000e+01 -1.504702866077423096e-01
2.500000000000000000e+01 -1.712006926536560059e-01
2.600000000000000000e+01 -1.848942488431930542e-01
2.700000000000000000e+01 -1.928035765886306763e-01
2.800000000000000000e+01 -1.958057284355163574e-01
2.900000000000000000e+01 -1.958222389221191406e-01
3.000000000000000000e+01 -1.932420432567596436e-01
3.100000000000000000e+01 -1.888083368539810181e-01
3.200000000000000000e+01 -1.833494752645492554e-01
3.300000000000000000e+01 -1.770261824131011963e-01
3.400000000000000000e+01 -1.697724908590316772e-01
3.500000000000000000e+01 -1.619985699653625488e-01
3.600000000000000000e+01 -1.533262282609939575e-01
3.700000000000000000e+01 -1.443779170513153076e-01
3.800000000000000000e+01 -1.347569078207015991e-01
3.900000000000000000e+01 -1.247339770197868347e-01
4.000000000000000000e+01 -1.144138202071189880e-01
4.100000000000000000e+01 -1.039729267358779907e-01
4.200000000000000000e+01 -9.306175261735916138e-02
4.300000000000000000e+01 -8.168627321720123291e-02
4.400000000000000000e+01 -7.018163055181503296e-02
4.500000000000000000e+01 -5.881402269005775452e-02
4.600000000000000000e+01 -4.729780554771423340e-02
4.700000000000000000e+01 -3.588902577757835388e-02
4.800000000000000000e+01 -2.469435892999172211e-02
4.900000000000000000e+01 -1.395559497177600861e-02
5.000000000000000000e+01 -4.540108609944581985e-03
5.100000000000000000e+01 -5.651872139424085617e-03
5.200000000000000000e+01 -6.902114953845739365e-03
5.300000000000000000e+01 -7.448358926922082901e-03
5.400000000000000000e+01 -8.419791236519813538e-03
5.500000000000000000e+01 -9.556252509355545044e-03
5.600000000000000000e+01 -9.929141029715538025e-03
5.700000000000000000e+01 -1.025558356195688248e-02
5.800000000000000000e+01 -1.019905135035514832e-02
5.900000000000000000e+01 -9.986730292439460754e-03
6.000000000000000000e+01 -9.770514443516731262e-03
6.100000000000000000e+01 -9.275711141526699066e-03
6.200000000000000000e+01 -8.827275596559047699e-03
6.300000000000000000e+01 -8.323435671627521515e-03
6.400000000000000000e+01 -7.587378378957509995e-03
6.500000000000000000e+01 -6.924477871507406235e-03
6.600000000000000000e+01 -6.277929991483688354e-03
6.700000000000000000e+01 -5.870211869478225708e-03
6.800000000000000000e+01 -4.854698199778795242e-03
6.900000000000000000e+01 -3.672539722174406052e-03
7.000000000000000000e+01 -2.208133926615118980e-03
7.100000000000000000e+01 -3.837504482362419367e-04
7.200000000000000000e+01 1.467500114813446999e-03
7.300000000000000000e+01 3.473239485174417496e-03
7.400000000000000000e+01 5.706792231649160385e-03
7.500000000000000000e+01 7.853719405829906464e-03
7.600000000000000000e+01 9.566101245582103729e-03
7.700000000000000000e+01 1.085991878062486649e-02
7.800000000000000000e+01 1.192769408226013184e-02
7.900000000000000000e+01 1.253240648657083511e-02
8.000000000000000000e+01 1.394399721175432205e-02
8.100000000000000000e+01 1.460557803511619568e-02
8.200000000000000000e+01 1.541089732199907303e-02
8.300000000000000000e+01 1.616287231445312500e-02
8.400000000000000000e+01 1.626530475914478302e-02
8.500000000000000000e+01 1.642846874892711639e-02
8.600000000000000000e+01 1.736211217939853668e-02
8.700000000000000000e+01 1.785097643733024597e-02
8.800000000000000000e+01 1.878780685365200043e-02
8.900000000000000000e+01 1.909735985100269318e-02
9.000000000000000000e+01 1.975248195230960846e-02
9.100000000000000000e+01 2.054425887763500214e-02
9.200000000000000000e+01 2.085620351135730743e-02
9.300000000000000000e+01 2.001812681555747986e-02
9.400000000000000000e+01 2.032412961125373840e-02
9.500000000000000000e+01 1.876384206116199493e-02
9.600000000000000000e+01 1.710787974298000336e-02
9.700000000000000000e+01 1.781040616333484650e-02
9.800000000000000000e+01 1.659992523491382599e-02
9.900000000000000000e+01 1.827106811106204987e-02
