1.000000000000000000e+00 1.000000000000000000e+00
2.000000000000000000e+00 9.022530913352966309e-01
3.000000000000000000e+00 8.342106938362121582e-01
4.000000000000000000e+00 7.748137116432189941e-01
5.000000000000000000e+00 7.189868688583374023e-01
6.000000000000000000e+00 6.644073724746704102e-01
7.000000000000000000e+00 6.103276014328002930e-01
8.000000000000000000e+00 5.567334294319152832e-01
9.000000000000000000e+00 5.031031370162963867e-01
1.000000000000000000e+01 4.498210549354553223e-01
1.100000000000000000e+01 3.965868949890136719e-01
1.200000000000000000e+01 3.442200124263763428e-01
1.300000000000000000e+01 2.927989065647125244e-01
1.400000000000000000e+01 2.423773556947708130e-01
1.500000000000000000e+01 1.928230524063110352e-01
1.600000000000000000e+01 1.448034197092056274e-01
1.700000000000000000e+01 9.853055328130722046e-02
1.800000000000000000e+01 5.449663475155830383e-02
1.900000000000000000e+01 1.261333189904689789e-02
2.000000000000000000e+01 -2.695046365261077881e-02
2.100000000000000000e+01 -6.373257935047149658e-02
2.200000000000000000e+01 -9.754792600870132446e-02
2.300000000000000000e+01 -1.279152035713195801e-01
2.400000000000000000e+01 -1.536960750818252563e-01
2.500000000000000000e+01 -1.740799695253372192e-01
2.600000000000000000e+01 -1.880247443914413452e-01
2.700000000000000000e+01 -1.952239871025085449e-01
2.800000000000000000e+01 -1.977611184120178223e-01
2.900000000000000000e+01 -1.972619146108627319e-01
3.000000000000000000e+01 -1.947643905878067017e-01
3.100000000000000000e+01 -1.905727833509445190e-01
3.200000000000000000e+01 -1.852030903100967407e-01
3.300000000000000000e+01 -1.788438409566879272e-01
3.400000000000000000e+01 -1.715376973152160645e-01
3.500000000000000000e+01 -1.634179800748825073e-01
3.600000000000000000e+01 -1.545978188514709473e-01
3.700000000000000000e+01 -1.454056352376937866e-01
3.800000000000000000e+01 -1.359058618545532227e-01
3.900000000000000000e+01 -1.258890330791473389e-01
4.000000000000000000e+01 -1.151569932699203491e-01
4.100000000000000000e+01 -1.041506081819534302e-01
4.200000000000000000e+01 -9.266357123851776123e-02
4.300000000000000000e+01 -8.147947490215301514e-02
4.400000000000000000e+01 -7.007166743278503418e-02
4.500000000000000000e+01 -5.815728381276130676e-02
4.600000000000000000e+01 -4.632962495088577271e-02
4.700000000000000000e+01 -3.468539565801620483e-02
4.800000000000000000e+01 -2.322897501289844513e-02
4.900000000000000000e+01 -1.244855672121047974e-02
5.000000000000000000e+01 -3.423463786020874977e-03
5.100000000000000000e+01 -4.569382872432470322e-03
5.200000000000000000e+01 -5.057944450527429581e-03
5.300000000000000000e+01 -5.191234406083822250e-03
5.400000000000000000e+01 -5.419046618044376373e-03
5.500000000000000000e+01 -5.671510472893714905e-03
5.600000000000000000e+01 -5.775017663836479187e-03
5.700000000000000000e+01 -6.029219366610050201e-03
5.800000000000000000e+01 -6.156987510621547699e-03
5.900000000000000000e+01 -6.241631228476762772e-03
6.000000000000000000e+01 -6.678974721580743790e-03
6.100000000000000000e+01 -6.544989068061113358e-03
6.200000000000000000e+01 -6.581327412277460098e-03
6.300000000000000000e+01 -6.323687732219696045e-03
6.400000000000000000e+01 -6.134395953267812729e-03
6.500000000000000000e+01 -5.668364465236663818e-03
6.600000000000000000e+01 -5.209838971495628357e-03
6.700000000000000000e+01 -4.563233349472284317e-03
6.800000000000000000e+01 -3.223077161237597466e-03
6.900000000000000000e+01 -1.868069055490195751e-03
7.000000000000000000e+01 -6.688498542644083500e-04
7.100000000000000000e+01 5.697496235370635986e-04
7.200000000000000000e+01 1.957101048901677132e-03
7.300000000000000000e+01 3.896365640684962273e-03
7.400000000000000000e+01 6.083143875002861023e-03
7.500000000000000000e+01 7.900309748947620392e-03
7.600000000000000000e+01 9.136106818914413452e-03
7.700000000000000000e+01 9.957298636436462402e-03
7.800000000000000000e+01 1.071408949792385101e-02
7.900000000000000000e+01 1.149145979434251785e-02
8.000000000000000000e+01 1.271081808954477310e-02
8.100000000000000000e+01 1.380635332316160202e-02
8.200000000000000000e+01 1.474005170166492462e-02
8.300000000000000000e+01 1.500695850700139999e-02
8.400000000000000000e+01 1.516430731862783432e-02
8.500000000000000000e+01 1.520540565252304077e-02
8.600000000000000000e+01 1.534727215766906738e-02
8.700000000000000000e+01 1.611122116446495056e-02
8.800000000000000000e+01 1.650049537420272827e-02
8.900000000000000000e+01 1.697147637605667114e-02
9.000000000000000000e+01 1.669324561953544617e-02
9.100000000000000000e+01 1.705756038427352905e-02
9.200000000000000000e+01 1.785575039684772491e-02
9.300000000000000000e+01 1.859771646559238434e-02
9.400000000000000000e+01 1.952878758311271667e-02
9.500000000000000000e+01 1.856131106615066528e-02
9.600000000000000000e+01 1.940660923719406128e-02
9.700000000000000000e+01 1.915454119443893433e-02
9.800000000000000000e+01 2.147650346159934998e-02
9.900000000000000000e+01 2.586148865520954132e-02
