1.000000000000000000e+00 1.000000000000000000e+00
2.000000000000000000e+00 9.036342501640319824e-01
3.000000000000000000e+00 8.370376229286193848e-01
4.000000000000000000e+00 7.780997753143310547e-01
5.000000000000000000e+00 7.228271961212158203e-01
6.000000000000000000e+00 6.688896417617797852e-01
7.000000000000000000e+00 6.154297590255737305e-01
8.000000000000000000e+00 5.623018741607666016e-01
9.000000000000000000e+00 5.092521309852600098e-01
1.000000000000000000e+01 4.563332796096801758e-01
1.100000000000000000e+01 4.037614166736602783e-01
1.200000000000000000e+01 3.518082797527313232e-01
1.300000000000000000e+01 3.003049790859222412e-01
1.400000000000000000e+01 2.496331930160522461e-01
1.500000000000000000e+01 1.998373121023178101e-01
1.600000000000000000e+01 1.517789661884307861e-01
1.700000000000000000e+01 1.054459139704704285e-01
1.800000000000000000e+01 6.087710708379745483e-02
1.900000000000000000e+01 1.873062923550605774e-02
2.000000000000000000e+01 -2.129699289798736572e-02
2.100000000000000000e+01 -5.868783220648765564e-02
2.200000000000000000e+01 -9.351320564746856689e-02
2.300000000000000000e+01 -1.246013119816780090e-01
2.400000000000000000e+01 -1.510545015335083008e-01
2.500000000000000000e+01 -1.720488220453262329e-01
2.600000000000000000e+01 -1.864190399646759033e-01
2.700000000000000000e+01 -1.945061534643173218e-01
2.800000000000000000e+01 -1.978996843099594116e-01
2.900000000000000000e+01 -1.977979689836502075e-01
3.000000000000000000e+01 -1.952881962060928345e-01
3.100000000000000000e+01 -1.912010908126831055e-01
3.200000000000000000e+01 -1.858964860439300537e-01
3.300000000000000000e+01 -1.792669147253036499e-01
3.400000000000000000e+01 -1.719394624233245850e-01
3.500000000000000000e+01 -1.638849973678588867e-01
3.600000000000000000e+01 -1.552587598562240601e-01
3.700000000000000000e+01 -1.460954248905181885e-01
3.800000000000000000e+01 -1.367568969726562500e-01
3.900000000000000000e+01 -1.268815547227859497e-01
4.000000000000000000e+01 -1.163180619478225708e-01
4.100000000000000000e+01 -1.057593747973442078e-01
4.200000000000000000e+01 -9.488885104656219482e-02
4.300000000000000000e+01 -8.326215296983718872e-02
4.400000000000000000e+01 -7.178284972906112671e-02
4.500000000000000000e+01 -6.025502830743789673e-02
4.600000000000000000e+01 -4.854328557848930359e-02
4.700000000000000000e+01 -3.663760423660278320e-02
4.800000000000000000e+01 -2.516617812216281891e-02
4.900000000000000000e+01 -1.431124564260244370e-02
5.000000000000000000e+01 -4.776984453201293945e-03
5.100000000000000000e+01 -5.654941312968730927e-03
5.200000000000000000e+01 -6.066572852432727814e-03
5.300000000000000000e+01 -6.385617423802614212e-03
5.400000000000000000e+01 -6.913871504366397858e-03
5.500000000000000000e+01 -7.009469904005527496e-03
5.600000000000000000e+01 -7.256272248923778534e-03
5.700000000000000000e+01 -7.166120689362287521e-03
5.800000000000000000e+01 -6.522614974528551102e-03
5.900000000000000000e+01 -5.993490573018789291e-03
6.000000000000000000e+01 -5.439890082925558090e-03
6.100000000000000000e+01 -4.534777719527482986e-03
6.200000000000000000e+01 -4.006317351013422012e-03
6.300000000000000000e+01 -3.361254232004284859e-03
6.400000000000000000e+01 -2.864186186343431473e-03
6.500000000000000000e+01 -2.371828071773052216e-03
6.600000000000000000e+01 -1.802861806936562061e-03
6.700000000000000000e+01 -1.311271218582987785e-03
6.800000000000000000e+01 -7.032157154753804207e-04
6.900000000000000000e+01 -1.594786408531945199e-05
7.000000000000000000e+01 6.503719487227499485e-04
7.100000000000000000e+01 1.607099198736250401e-03
7.200000000000000000e+01 2.917508361861109734e-03
7.300000000000000000e+01 4.150294698774814606e-03
7.400000000000000000e+01 5.517379846423864365e-03
7.500000000000000000e+01 7.080427370965480804e-03
7.600000000000000000e+01 8.107647299766540527e-03
7.700000000000000000e+01 8.819481357932090759e-03
7.800000000000000000e+01 9.864133782684803009e-03
7.900000000000000000e+01 1.058187056332826614e-02
8.000000000000000000e+01 1.149403490126132965e-02
8.100000000000000000e+01 1.268055010586977005e-02
8.200000000000000000e+01 1.433650217950344086e-02
8.300000000000000000e+01 1.579323224723339081e-02
8.400000000000000000e+01 1.694154925644397736e-02
8.500000000000000000e+01 1.774759963154792786e-02
8.600000000000000000e+01 1.838255487382411957e-02
8.700000000000000000e+01 1.982691138982772827e-02
8.800000000000000000e+01 2.087957039475440979e-02
8.900000000000000000e+01 2.133061550557613373e-02
9.000000000000000000e+01 2.190354280173778534e-02
9.100000000000000000e+01 2.301218360662460327e-02
9.200000000000000000e+01 2.428826317191123962e-02
9.300000000000000000e+01 2.437210828065872192e-02
9.400000000000000000e+01 2.470332011580467224e-02
9.500000000000000000e+01 2.511828392744064331e-02
9.600000000000000000e+01 2.635356038808822632e-02
9.700000000000000000e+01 3.051819838583469391e-02
9.800000000000000000e+01 3.294267877936363220e-02
9.900000000000000000e+01 3.370756655931472778e-02
