1.000000000000000000e+00 1.000000000000000000e+00
2.000000000000000000e+00 8.832287788391113281e-01
3.000000000000000000e+00 8.017668128013610840e-01
4.000000000000000000e+00 7.320113182067871094e-01
5.000000000000000000e+00 6.681818962097167969e-01
6.000000000000000000e+00 6.071767210960388184e-01
7.000000000000000000e+00 5.481534600257873535e-01
8.000000000000000000e+00 4.906798005104064941e-01
9.000000000000000000e+00 4.344757497310638428e-01
1.000000000000000000e+01 3.796689212322235107e-01
1.100000000000000000e+01 3.262335956096649170e-01
1.200000000000000000e+01 2.743561267852783203e-01
1.300000000000000000e+01 2.242473065853118896e-01
1.400000000000000000e+01 1.756188273429870605e-01
1.500000000000000000e+01 1.293287575244903564e-01
1.600000000000000000e+01 8.488848805427551270e-02
1.700000000000000000e+01 4.315952584147453308e-02
1.800000000000000000e+01 4.088186193257570267e-03
1.900000000000000000e+01 -3.220888972282409668e-02
2.000000000000000000e+01 -6.510797888040542603e-02
2.100000000000000000e+01 -9.492429345846176147e-02
2.200000000000000000e+01 -1.218415349721908569e-01
2.300000000000000000e+01 -1.448393613100051880e-01
2.400000000000000000e+01 -1.635740101337432861e-01
2.500000000000000000e+01 -1.770024448633193970e-01
2.600000000000000000e+01 -1.845988333225250244e-01
2.700000000000000000e+01 -1.871549785137176514e-01
2.800000000000000000e+01 -1.855819076299667358e-01
2.900000000000000000e+01 -1.813004016876220703e-01
3.000000000000000000e+01 -1.751833111047744751e-01
3.100000000000000000e+01 -1.679541915655136108e-01
3.200000000000000000e+01 -1.598574519157409668e-01
3.300000000000000000e+01 -1.510583013296127319e-01
3.400000000000000000e+01 -1.422408521175384521e-01
3.500000000000000000e+01 -1.336955279111862183e-01
3.600000000000000000e+01 -1.242682412266731262e-01
3.700000000000000000e+01 -1.153386905789375305e-01
3.800000000000000000e+01 -1.063914373517036438e-01
3.900000000000000000e+01 -9.708578884601593018e-02
4.000000000000000000e+01 -8.771742135286331177e-02
4.100000000000000000e+01 -7.857132703065872192e-02
4.200000000000000000e+01 -6.953544169664382935e-02
4.300000000000000000e+01 -6.043755635619163513e-02
4.400000000000000000e+01 -5.095759779214859009e-02
4.500000000000000000e+01 -4.227826371788978577e-02
4.600000000000000000e+01 -3.386078774929046631e-02
4.700000000000000000e+01 -2.522969245910644531e-02
4.800000000000000000e+01 -1.662936247885227203e-02
4.900000000000000000e+01 -9.255492128431797028e-03
5.000000000000000000e+01 -2.985939616337418556e-03
5.100000000000000000e+01 -3.323896089568734169e-03
5.200000000000000000e+01 -3.498244332149624825e-03
5.300000000000000000e+01 -4.380676429718732834e-03
5.400000000000000000e+01 -5.035701207816600800e-03
5.500000000000000000e+01 -5.310123786330223083e-03
5.600000000000000000e+01 -5.165096838027238846e-03
5.700000000000000000e+01 -5.616231355816125870e-03
5.800000000000000000e+01 -6.065490189939737320e-03
5.900000000000000000e+01 -6.224378477782011032e-03
6.000000000000000000e+01 -6.285639945417642593e-03
6.100000000000000000e+01 -5.883507430553436279e-03
6.200000000000000000e+01 -5.303543526679277420e-03
6.300000000000000000e+01 -4.382402636110782623e-03
6.400000000000000000e+01 -3.092086408287286758e-03
6.500000000000000000e+01 -2.324294764548540115e-03
6.600000000000000000e+01 -1.758777070790529251e-03
6.700000000000000000e+01 -1.364462892524898052e-03
6.800000000000000000e+01 -1.110418583266437054e-03
6.900000000000000000e+01 -1.123023568652570248e-03
7.000000000000000000e+01 -6.038195569999516010e-04
7.100000000000000000e+01 -5.211724783293902874e-04
7.200000000000000000e+01 -2.397996577201411128e-04
7.300000000000000000e+01 -3.572845016606152058e-04
7.400000000000000000e+01 1.370004520140355453e-05
7.500000000000000000e+01 7.182993576861917973e-04
7.600000000000000000e+01 1.225930871441960335e-03
7.700000000000000000e+01 1.573905930854380131e-03
7.800000000000000000e+01 1.897628419101238251e-03
7.900000000000000000e+01 2.068364527076482773e-03
8.000000000000000000e+01 1.983439316973090172e-03
8.100000000000000000e+01 2.749433508142828941e-03
8.200000000000000000e+01 2.886717440560460091e-03
8.300000000000000000e+01 2.843942260369658470e-03
8.400000000000000000e+01 3.259591059759259224e-03
8.500000000000000000e+01 3.200404113158583641e-03
8.600000000000000000e+01 3.308836370706558228e-03
8.700000000000000000e+01 3.264176193624734879e-03
8.800000000000000000e+01 3.166398964822292328e-03
8.900000000000000000e+01 3.853976959362626076e-03
9.000000000000000000e+01 4.712253343313932419e-03
9.100000000000000000e+01 5.209330469369888306e-03
9.200000000000000000e+01 5.292017944157123566e-03
9.300000000000000000e+01 6.535586901009082794e-03
9.400000000000000000e+01 6.017533130943775177e-03
9.500000000000000000e+01 5.025483667850494385e-03
9.600000000000000000e+01 5.310710053890943527e-03
9.700000000000000000e+01 3.549432149156928062e-03
9.800000000000000000e+01 3.646221710368990898e-03
9.900000000000000000e+01 2.606868511065840721e-03
