1.000000000000000000e+00 1.000000000000000000e+00
2.000000000000000000e+00 9.019513130187988281e-01
3.000000000000000000e+00 8.343085646629333496e-01
4.000000000000000000e+00 7.748633027076721191e-01
5.000000000000000000e+00 7.190321683883666992e-01
6.000000000000000000e+00 6.647612452507019043e-01
7.000000000000000000e+00 6.109274029731750488e-01
8.000000000000000000e+00 5.572498440742492676e-01
9.000000000000000000e+00 5.039518475532531738e-01
1.000000000000000000e+01 4.508178830146789551e-01
1.100000000000000000e+01 3.980727195739746094e-01
1.200000000000000000e+01 3.457298874855041504e-01
1.300000000000000000e+01 2.939110696315765381e-01
1.400000000000000000e+01 2.432081699371337891e-01
1.500000000000000000e+01 1.937500238418579102e-01
1.600000000000000000e+01 1.456845998764038086e-01
1.700000000000000000e+01 9.925031661987304688e-02
1.800000000000000000e+01 5.529250949621200562e-02
1.900000000000000000e+01 1.350887678563594818e-02
2.000000000000000000e+01 -2.602707780897617340e-02
2.100000000000000000e+01 -6.289158761501312256e-02
2.200000000000000000e+01 -9.706339240074157715e-02
2.300000000000000000e+01 -1.279131174087524414e-01
2.400000000000000000e+01 -1.541786640882492065e-01
2.500000000000000000e+01 -1.749263107776641846e-01
2.600000000000000000e+01 -1.888235509395599365e-01
2.700000000000000000e+01 -1.965784132480621338e-01
2.800000000000000000e+01 -1.998312324285507202e-01
2.900000000000000000e+01 -1.994625031948089600e-01
3.000000000000000000e+01 -1.969448924064636230e-01
3.100000000000000000e+01 -1.930780708789825439e-01
3.200000000000000000e+01 -1.875648945569992065e-01
3.300000000000000000e+01 -1.806904822587966919e-01
3.400000000000000000e+01 -1.733305007219314575e-01
3.500000000000000000e+01 -1.653572916984558105e-01
3.600000000000000000e+01 -1.568808704614639282e-01
3.700000000000000000e+01 -1.473089903593063354e-01
3.800000000000000000e+01 -1.372909247875213623e-01
3.900000000000000000e+01 -1.270849555730819702e-01
4.000000000000000000e+01 -1.164419576525688171e-01
4.100000000000000000e+01 -1.055791154503822327e-01
4.200000000000000000e+01 -9.430804103612899780e-02
4.300000000000000000e+01 -8.261822909116744995e-02
4.400000000000000000e+01 -7.079171389341354370e-02
4.500000000000000000e+01 -5.917026102542877197e-02
4.600000000000000000e+01 -4.726967588067054749e-02
4.700000000000000000e+01 -3.541982173919677734e-02
4.800000000000000000e+01 -2.421288751065731049e-02
4.900000000000000000e+01 -1.316636521369218826e-02
5.000000000000000000e+01 -3.587392624467611313e-03
5.100000000000000000e+01 -4.515166394412517548e-03
5.200000000000000000e+01 -5.203778389841318130e-03
5.300000000000000000e+01 -5.623367615044116974e-03
5.400000000000000000e+01 -6.106198299676179886e-03
5.500000000000000000e+01 -6.261060480028390884e-03
5.600000000000000000e+01 -6.433737464249134064e-03
5.700000000000000000e+01 -6.185940001159906387e-03
5.800000000000000000e+01 -6.457417272031307220e-03
5.900000000000000000e+01 -6.562396418303251266e-03
6.000000000000000000e+01 -6.910652853548526764e-03
6.100000000000000000e+01 -7.560705766081809998e-03
6.200000000000000000e+01 -7.673895452171564102e-03
6.300000000000000000e+01 -7.625469472259283066e-03
6.400000000000000000e+01 -7.196563761681318283e-03
6.500000000000000000e+01 -6.775435060262680054e-03
6.600000000000000000e+01 -5.910314153879880905e-03
6.700000000000000000e+01 -4.710380453616380692e-03
6.800000000000000000e+01 -3.326994599774479866e-03
6.900000000000000000e+01 -2.128265798091888428e-03
7.000000000000000000e+01 -1.480963430367410183e-03
7.100000000000000000e+01 -7.688850928389001638e-06
7.200000000000000000e+01 1.610983163118362427e-03
7.300000000000000000e+01 3.506006905809044838e-03
7.400000000000000000e+01 5.131988320499658585e-03
7.500000000000000000e+01 6.855472922325134277e-03
7.600000000000000000e+01 8.130317553877830505e-03
7.700000000000000000e+01 9.456831961870193481e-03
7.800000000000000000e+01 1.054318994283676147e-02
7.900000000000000000e+01 1.121617387980222702e-02
8.000000000000000000e+01 1.218289043754339218e-02
8.100000000000000000e+01 1.329408120363950729e-02
8.200000000000000000e+01 1.383434887975454330e-02
8.300000000000000000e+01 1.444982644170522690e-02
8.400000000000000000e+01 1.517707295715808868e-02
8.500000000000000000e+01 1.521525997668504715e-02
8.600000000000000000e+01 1.602287404239177704e-02
8.700000000000000000e+01 1.694699935615062714e-02
8.800000000000000000e+01 1.818200387060642242e-02
8.900000000000000000e+01 1.857025735080242157e-02
9.000000000000000000e+01 1.877337694168090820e-02
9.100000000000000000e+01 1.924755610525608063e-02
9.200000000000000000e+01 2.023081295192241669e-02
9.300000000000000000e+01 2.112707309424877167e-02
9.400000000000000000e+01 2.219740301370620728e-02
9.500000000000000000e+01 2.382018789649009705e-02
9.600000000000000000e+01 2.324189618229866028e-02
9.700000000000000000e+01 2.163285762071609497e-02
9.800000000000000000e+01 2.145414426922798157e-02
9.900000000000000000e+01 1.896325126290321350e-02
