1.000000000000000000e+00 1.000000000000000000e+00
2.000000000000000000e+00 9.034968018531799316e-01
3.000000000000000000e+00 8.369472622871398926e-01
4.000000000000000000e+00 7.781581878662109375e-01
5.000000000000000000e+00 7.230457067489624023e-01
6.000000000000000000e+00 6.690185070037841797e-01
7.000000000000000000e+00 6.153009533882141113e-01
8.000000000000000000e+00 5.618126392364501953e-01
9.000000000000000000e+00 5.085265040397644043e-01
1.000000000000000000e+01 4.554873406887054443e-01
1.100000000000000000e+01 4.028387963771820068e-01
1.200000000000000000e+01 3.507876396179199219e-01
1.300000000000000000e+01 2.994556427001953125e-01
1.400000000000000000e+01 2.489099800586700439e-01
1.500000000000000000e+01 1.997644603252410889e-01
1.600000000000000000e+01 1.518981456756591797e-01
1.700000000000000000e+01 1.056896671652793884e-01
1.800000000000000000e+01 6.104180589318275452e-02
1.900000000000000000e+01 1.834532432258129120e-02
2.000000000000000000e+01 -2.162162587046623230e-02
2.100000000000000000e+01 -5.903298780322074890e-02
2.200000000000000000e+01 -9.357602149248123169e-02
2.300000000000000000e+01 -1.246755048632621765e-01
2.400000000000000000e+01 -1.518270522356033325e-01
2.500000000000000000e+01 -1.729455143213272095e-01
2.600000000000000000e+01 -1.873408108949661255e-01
2.700000000000000000e+01 -1.952699124813079834e-01
2.800000000000000000e+01 -1.986378580331802368e-01
2.900000000000000000e+01 -1.987321525812149048e-01
3.000000000000000000e+01 -1.963849514722824097e-01
3.100000000000000000e+01 -1.922267675399780273e-01
3.200000000000000000e+01 -1.868058592081069946e-01
3.300000000000000000e+01 -1.801816076040267944e-01
3.400000000000000000e+01 -1.725972443819046021e-01
3.500000000000000000e+01 -1.647534519433975220e-01
3.600000000000000000e+01 -1.561350375413894653e-01
3.700000000000000000e+01 -1.471639126539230347e-01
3.800000000000000000e+01 -1.377153843641281128e-01
3.900000000000000000e+01 -1.278199106454849243e-01
4.000000000000000000e+01 -1.176659911870956421e-01
4.100000000000000000e+01 -1.070851832628250122e-01
4.200000000000000000e+01 -9.640375524759292603e-02
4.300000000000000000e+01 -8.528079837560653687e-02
4.400000000000000000e+01 -7.405132055282592773e-02
4.500000000000000000e+01 -6.230758875608444214e-02
4.600000000000000000e+01 -5.054997280240058899e-02
4.700000000000000000e+01 -3.899253159761428833e-02
4.800000000000000000e+01 -2.728881314396858215e-02
4.900000000000000000e+01 -1.612134091556072235e-02
5.000000000000000000e+01 -6.480498239398002625e-03
5.100000000000000000e+01 -7.322009187191724777e-03
5.200000000000000000e+01 -7.613580208271741867e-03
5.300000000000000000e+01 -7.886550389230251312e-03
5.400000000000000000e+01 -7.791500538587570190e-03
5.500000000000000000e+01 -7.711830083280801773e-03
5.600000000000000000e+01 -7.483091205358505249e-03
5.700000000000000000e+01 -7.204592693597078323e-03
5.800000000000000000e+01 -6.957507692277431488e-03
5.900000000000000000e+01 -6.259154528379440308e-03
6.000000000000000000e+01 -5.505295004695653915e-03
6.100000000000000000e+01 -4.522089380770921707e-03
6.200000000000000000e+01 -3.563480684533715248e-03
6.300000000000000000e+01 -2.685479121282696724e-03
6.400000000000000000e+01 -1.951238838955760002e-03
6.500000000000000000e+01 -1.597411930561065674e-03
6.600000000000000000e+01 -5.413951585069298744e-04
6.700000000000000000e+01 3.377632820047438145e-04
6.800000000000000000e+01 1.217440818436443806e-03
6.900000000000000000e+01 1.978924265131354332e-03
7.000000000000000000e+01 2.392231253907084465e-03
7.100000000000000000e+01 2.986333565786480904e-03
7.200000000000000000e+01 3.905794350430369377e-03
7.300000000000000000e+01 4.753854591399431229e-03
7.400000000000000000e+01 5.238289944827556610e-03
7.500000000000000000e+01 5.882142111659049988e-03
7.600000000000000000e+01 6.963118445128202438e-03
7.700000000000000000e+01 7.860015146434307098e-03
7.800000000000000000e+01 8.808114565908908844e-03
7.900000000000000000e+01 9.446894749999046326e-03
8.000000000000000000e+01 9.787600487470626831e-03
8.100000000000000000e+01 1.034814585000276566e-02
8.200000000000000000e+01 1.091859396547079086e-02
8.300000000000000000e+01 1.149497088044881821e-02
8.400000000000000000e+01 1.237356569617986679e-02
8.500000000000000000e+01 1.370527409017086029e-02
8.600000000000000000e+01 1.454853266477584839e-02
8.700000000000000000e+01 1.537601742893457413e-02
8.800000000000000000e+01 1.613523438572883606e-02
8.900000000000000000e+01 1.677362062036991119e-02
9.000000000000000000e+01 1.716412603855133057e-02
9.100000000000000000e+01 1.822761446237564087e-02
9.200000000000000000e+01 1.918352395296096802e-02
9.300000000000000000e+01 1.968166977167129517e-02
9.400000000000000000e+01 1.902340538799762726e-02
9.500000000000000000e+01 1.841314323246479034e-02
9.600000000000000000e+01 1.907490380108356476e-02
9.700000000000000000e+01 2.157030813395977020e-02
9.800000000000000000e+01 2.421291731297969818e-02
9.900000000000000000e+01 3.342420235276222229e-02
