1.000000000000000000e+00 1.000000000000000000e+00
2.000000000000000000e+00 9.030500650405883789e-01
3.000000000000000000e+00 8.360615968704223633e-01
4.000000000000000000e+00 7.772345542907714844e-01
5.000000000000000000e+00 7.222220301628112793e-01
6.000000000000000000e+00 6.683519482612609863e-01
7.000000000000000000e+00 6.147769093513488770e-01
8.000000000000000000e+00 5.614743232727050781e-01
9.000000000000000000e+00 5.082265138626098633e-01
1.000000000000000000e+01 4.552156627178192139e-01
1.100000000000000000e+01 4.025094807147979736e-01
1.200000000000000000e+01 3.504786789417266846e-01
1.300000000000000000e+01 2.993775308132171631e-01
1.400000000000000000e+01 2.490687668323516846e-01
1.500000000000000000e+01 1.995627284049987793e-01
1.600000000000000000e+01 1.514760702848434448e-01
1.700000000000000000e+01 1.052825450897216797e-01
1.800000000000000000e+01 6.092343479394912720e-02
1.900000000000000000e+01 1.873977296054363251e-02
2.000000000000000000e+01 -2.112462557852268219e-02
2.100000000000000000e+01 -5.852627381682395935e-02
2.200000000000000000e+01 -9.312256425619125366e-02
2.300000000000000000e+01 -1.244418919086456299e-01
2.400000000000000000e+01 -1.509543955326080322e-01
2.500000000000000000e+01 -1.721935719251632690e-01
2.600000000000000000e+01 -1.860692799091339111e-01
2.700000000000000000e+01 -1.937835514545440674e-01
2.800000000000000000e+01 -1.970704048871994019e-01
2.900000000000000000e+01 -1.968017965555191040e-01
3.000000000000000000e+01 -1.941203474998474121e-01
3.100000000000000000e+01 -1.899778842926025391e-01
3.200000000000000000e+01 -1.849281340837478638e-01
3.300000000000000000e+01 -1.786295026540756226e-01
3.400000000000000000e+01 -1.717732697725296021e-01
3.500000000000000000e+01 -1.642070412635803223e-01
3.600000000000000000e+01 -1.558314114809036255e-01
3.700000000000000000e+01 -1.472167521715164185e-01
3.800000000000000000e+01 -1.383100152015686035e-01
3.900000000000000000e+01 -1.287449449300765991e-01
4.000000000000000000e+01 -1.189154088497161865e-01
4.100000000000000000e+01 -1.085011437535285950e-01
4.200000000000000000e+01 -9.803412854671478271e-02
4.300000000000000000e+01 -8.696736395359039307e-02
4.400000000000000000e+01 -7.589383423328399658e-02
4.500000000000000000e+01 -6.464002281427383423e-02
4.600000000000000000e+01 -5.320418253540992737e-02
4.700000000000000000e+01 -4.152842983603477478e-02
4.800000000000000000e+01 -2.979320287704467773e-02
4.900000000000000000e+01 -1.857310533523559570e-02
5.000000000000000000e+01 -8.927951566874980927e-03
5.100000000000000000e+01 -9.721691720187664032e-03
5.200000000000000000e+01 -1.001857966184616089e-02
5.300000000000000000e+01 -9.945757687091827393e-03
5.400000000000000000e+01 -9.879752993583679199e-03
5.500000000000000000e+01 -9.871115908026695251e-03
5.600000000000000000e+01 -9.869930334389209747e-03
5.700000000000000000e+01 -9.298426099121570587e-03
5.800000000000000000e+01 -8.865427225828170776e-03
5.900000000000000000e+01 -8.090883493423461914e-03
6.000000000000000000e+01 -7.374201901257038116e-03
6.100000000000000000e+01 -6.555164232850074768e-03
6.200000000000000000e+01 -5.775709636509418488e-03
6.300000000000000000e+01 -4.785055760294198990e-03
6.400000000000000000e+01 -3.481187159195542336e-03
6.500000000000000000e+01 -2.397527918219566345e-03
6.600000000000000000e+01 -1.170223695226013660e-03
6.700000000000000000e+01 -1.029323539114557207e-04
6.800000000000000000e+01 9.212375734932720661e-04
6.900000000000000000e+01 1.785145141184329987e-03
7.000000000000000000e+01 3.257545409724116325e-03
7.100000000000000000e+01 4.983844701200723648e-03
7.200000000000000000e+01 6.016242317855358124e-03
7.300000000000000000e+01 7.455585524439811707e-03
7.400000000000000000e+01 8.703388273715972900e-03
7.500000000000000000e+01 9.986128658056259155e-03
7.600000000000000000e+01 1.156505104154348373e-02
7.700000000000000000e+01 1.285771094262599945e-02
7.800000000000000000e+01 1.400525029748678207e-02
7.900000000000000000e+01 1.488012261688709259e-02
8.000000000000000000e+01 1.511704362928867340e-02
8.100000000000000000e+01 1.555819530040025711e-02
8.200000000000000000e+01 1.586836948990821838e-02
8.300000000000000000e+01 1.667828299105167389e-02
8.400000000000000000e+01 1.747399382293224335e-02
8.500000000000000000e+01 1.781248115003108978e-02
8.600000000000000000e+01 1.872546970844268799e-02
8.700000000000000000e+01 1.894625276327133179e-02
8.800000000000000000e+01 1.945535466074943542e-02
8.900000000000000000e+01 1.969696208834648132e-02
9.000000000000000000e+01 1.991251856088638306e-02
9.100000000000000000e+01 1.918012835085391998e-02
9.200000000000000000e+01 1.921552978456020355e-02
9.300000000000000000e+01 1.928352937102317810e-02
9.400000000000000000e+01 1.989320106804370880e-02
9.500000000000000000e+01 2.120803669095039368e-02
9.600000000000000000e+01 2.298095449805259705e-02
9.700000000000000000e+01 2.119866199791431427e-02
9.800000000000000000e+01 1.850672066211700439e-02
9.900000000000000000e+01 1.633889600634574890e-02
