1.000000000000000000e+00 1.000000000000000000e+00
2.000000000000000000e+00 7.154934406280517578e-01
3.000000000000000000e+00 5.128430128097534180e-01
4.000000000000000000e+00 3.608582019805908203e-01
5.000000000000000000e+00 2.481748163700103760e-01
6.000000000000000000e+00 1.672904342412948608e-01
7.000000000000000000e+00 1.089538633823394775e-01
8.000000000000000000e+00 6.902976334095001221e-02
9.000000000000000000e+00 4.195293039083480835e-02
1.000000000000000000e+01 2.387118525803089142e-02
1.100000000000000000e+01 1.307139918208122253e-02
1.200000000000000000e+01 6.170687731355428696e-03
1.300000000000000000e+01 2.261167392134666443e-03
1.400000000000000000e+01 6.320605752989649773e-04
1.500000000000000000e+01 -3.747261362150311470e-04
1.600000000000000000e+01 -1.078281551599502563e-03
1.700000000000000000e+01 -1.772188814356923103e-03
1.800000000000000000e+01 -1.998413819819688797e-03
1.900000000000000000e+01 -1.244793413206934929e-03
2.000000000000000000e+01 -1.333201420493423939e-03
2.100000000000000000e+01 -5.311943823471665382e-04
2.200000000000000000e+01 -3.444388858042657375e-04
2.300000000000000000e+01 -4.490847932174801826e-04
2.400000000000000000e+01 -1.078421366401016712e-03
2.500000000000000000e+01 -1.668208977207541466e-03
2.600000000000000000e+01 -1.595825655385851860e-03
2.700000000000000000e+01 -6.452345405705273151e-04
2.800000000000000000e+01 -7.842602208256721497e-04
2.900000000000000000e+01 -8.728565881028771400e-04
3.000000000000000000e+01 -1.062921364791691303e-03
3.100000000000000000e+01 -1.152254641056060791e-03
3.200000000000000000e+01 -1.264908234588801861e-03
3.300000000000000000e+01 -1.330295810475945473e-03
3.400000000000000000e+01 -1.842606812715530396e-03
3.500000000000000000e+01 -1.996102044358849525e-03
3.600000000000000000e+01 -2.568398602306842804e-03
3.700000000000000000e+01 -9.723091498017311096e-04
3.800000000000000000e+01 1.470025599701330066e-04
3.900000000000000000e+01 -1.413309073541313410e-04
4.000000000000000000e+01 -9.077110444195568562e-04
4.100000000000000000e+01 -1.235576346516609192e-03
4.200000000000000000e+01 -1.500660437159240246e-03
4.300000000000000000e+01 -1.291931373998522758e-03
4.400000000000000000e+01 -8.065367001108825207e-05
4.500000000000000000e+01 3.425623872317373753e-04
4.600000000000000000e+01 -2.674738934729248285e-04
4.700000000000000000e+01 3.871732624247670174e-04
4.800000000000000000e+01 3.109961398877203465e-04
4.900000000000000000e+01 -2.018512313952669501e-04
5.000000000000000000e+01 1.534289913251996040e-04
5.100000000000000000e+01 1.060219598002731800e-03
5.200000000000000000e+01 1.045500859618186951e-03
5.300000000000000000e+01 -6.881511126266559586e-06
5.400000000000000000e+01 -1.590237836353480816e-03
5.500000000000000000e+01 -2.730676671490073204e-03
5.600000000000000000e+01 -3.433028468862175941e-03
5.700000000000000000e+01 -4.531119950115680695e-03
5.800000000000000000e+01 -3.664406947791576385e-03
5.900000000000000000e+01 -2.369446447119116783e-03
6.000000000000000000e+01 -1.883728691609576344e-04
6.100000000000000000e+01 7.498713675886392593e-04
6.200000000000000000e+01 2.739388728514313698e-03
6.300000000000000000e+01 4.146888852119445801e-03
6.400000000000000000e+01 3.941845148801803589e-03
6.500000000000000000e+01 3.953992389142513275e-03
6.600000000000000000e+01 3.367825178429484367e-03
6.700000000000000000e+01 3.768426366150379181e-03
6.800000000000000000e+01 3.930635284632444382e-03
6.900000000000000000e+01 3.164616180583834648e-03
7.000000000000000000e+01 2.267206553369760513e-03
7.100000000000000000e+01 3.370221005752682686e-03
7.200000000000000000e+01 4.512826912105083466e-03
7.300000000000000000e+01 6.127648055553436279e-03
7.400000000000000000e+01 6.615332327783107758e-03
7.500000000000000000e+01 6.113328970968723297e-03
7.600000000000000000e+01 6.404066924005746841e-03
7.700000000000000000e+01 6.512315012514591217e-03
7.800000000000000000e+01 6.972516886889934540e-03
7.900000000000000000e+01 7.237500976771116257e-03
8.000000000000000000e+01 6.250038277357816696e-03
8.100000000000000000e+01 6.957498844712972641e-03
8.200000000000000000e+01 5.733099766075611115e-03
8.300000000000000000e+01 2.891363808885216713e-03
8.400000000000000000e+01 4.066830733790993690e-04
8.500000000000000000e+01 -6.167067331261932850e-04
8.600000000000000000e+01 -1.551958033815026283e-03
8.700000000000000000e+01 -3.916433081030845642e-03
8.800000000000000000e+01 -5.668403115123510361e-03
8.900000000000000000e+01 -7.410461548715829849e-03
9.000000000000000000e+01 -8.441205136477947235e-03
9.100000000000000000e+01 -7.300713565200567245e-03
9.200000000000000000e+01 -7.579077500849962234e-03
9.300000000000000000e+01 -7.271148730069398880e-03
9.400000000000000000e+01 -6.474591791629791260e-03
9.500000000000000000e+01 -1.479900558479130268e-03
9.600000000000000000e+01 1.282742014154791832e-03
9.700000000000000000e+01 1.684031216427683830e-03
9.800000000000000000e+01 1.231368980370461941e-03
9.900000000000000000e+01 -1.869071042165160179e-03
