1.000000000000000000e+00 1.000000000000000000e+00
2.000000000000000000e+00 8.871468305587768555e-01
3.000000000000000000e+00 8.083682060241699219e-01
4.000000000000000000e+00 7.405992150306701660e-01
5.000000000000000000e+00 6.782044768333435059e-01
6.000000000000000000e+00 6.183093190193176270e-01
7.000000000000000000e+00 5.601338148117065430e-01
8.000000000000000000e+00 5.029500126838684082e-01
9.000000000000000000e+00 4.470989406108856201e-01
1.000000000000000000e+01 3.924517929553985596e-01
1.100000000000000000e+01 3.388418853282928467e-01
1.200000000000000000e+01 2.867431342601776123e-01
1.300000000000000000e+01 2.359891831874847412e-01
1.400000000000000000e+01 1.870736628770828247e-01
1.500000000000000000e+01 1.398296654224395752e-01
1.600000000000000000e+01 9.507028758525848389e-02
1.700000000000000000e+01 5.255291610956192017e-02
1.800000000000000000e+01 1.284842099994421005e-02
1.900000000000000000e+01 -2.447130531072616577e-02
2.000000000000000000e+01 -5.905082821846008301e-02
2.100000000000000000e+01 -9.119575470685958862e-02
2.200000000000000000e+01 -1.195203065872192383e-01
2.300000000000000000e+01 -1.440526396036148071e-01
2.400000000000000000e+01 -1.645533740520477295e-01
2.500000000000000000e+01 -1.797178834676742554e-01
2.600000000000000000e+01 -1.889621317386627197e-01
2.700000000000000000e+01 -1.926635056734085083e-01
2.800000000000000000e+01 -1.920571625232696533e-01
2.900000000000000000e+01 -1.883412748575210571e-01
3.000000000000000000e+01 -1.825506091117858887e-01
3.100000000000000000e+01 -1.754262149333953857e-01
3.200000000000000000e+01 -1.673562228679656982e-01
3.300000000000000000e+01 -1.584635674953460693e-01
3.400000000000000000e+01 -1.489922553300857544e-01
3.500000000000000000e+01 -1.397305577993392944e-01
3.600000000000000000e+01 -1.308320015668869019e-01
3.700000000000000000e+01 -1.217511296272277832e-01
3.800000000000000000e+01 -1.124639660120010376e-01
3.900000000000000000e+01 -1.032018810510635376e-01
4.000000000000000000e+01 -9.381929039955139160e-02
4.100000000000000000e+01 -8.443865925073623657e-02
4.200000000000000000e+01 -7.453640550374984741e-02
4.300000000000000000e+01 -6.485721468925476074e-02
4.400000000000000000e+01 -5.479940399527549744e-02
4.500000000000000000e+01 -4.516716673970222473e-02
4.600000000000000000e+01 -3.525020927190780640e-02
4.700000000000000000e+01 -2.552518807351589203e-02
4.800000000000000000e+01 -1.642677746713161469e-02
4.900000000000000000e+01 -8.183847181499004364e-03
5.000000000000000000e+01 -1.225632382556796074e-03
5.100000000000000000e+01 -2.386302687227725983e-03
5.200000000000000000e+01 -3.358328714966773987e-03
5.300000000000000000e+01 -4.424386192113161087e-03
5.400000000000000000e+01 -4.941413179039955139e-03
5.500000000000000000e+01 -5.072802770882844925e-03
5.600000000000000000e+01 -5.233014002442359924e-03
5.700000000000000000e+01 -5.222785286605358124e-03
5.800000000000000000e+01 -4.884521476924419403e-03
5.900000000000000000e+01 -4.784092772752046585e-03
6.000000000000000000e+01 -4.098563920706510544e-03
6.100000000000000000e+01 -3.628801088780164719e-03
6.200000000000000000e+01 -3.414976410567760468e-03
6.300000000000000000e+01 -3.520500380545854568e-03
6.400000000000000000e+01 -4.072391893714666367e-03
6.500000000000000000e+01 -4.077630117535591125e-03
6.600000000000000000e+01 -3.945473581552505493e-03
6.700000000000000000e+01 -3.522428451105952263e-03
6.800000000000000000e+01 -3.200171049684286118e-03
6.900000000000000000e+01 -2.855167491361498833e-03
7.000000000000000000e+01 -2.715497044846415520e-03
7.100000000000000000e+01 -2.188158454373478889e-03
7.200000000000000000e+01 -1.552200061269104481e-03
7.300000000000000000e+01 -4.277431289665400982e-04
7.400000000000000000e+01 1.335700275376439095e-03
7.500000000000000000e+01 2.797736786305904388e-03
7.600000000000000000e+01 3.955885302275419235e-03
7.700000000000000000e+01 5.216391291469335556e-03
7.800000000000000000e+01 6.576046347618103027e-03
7.900000000000000000e+01 6.784877274185419083e-03
8.000000000000000000e+01 7.010270841419696808e-03
8.100000000000000000e+01 7.187434006482362747e-03
8.200000000000000000e+01 7.020249962806701660e-03
8.300000000000000000e+01 7.020951714366674423e-03
8.400000000000000000e+01 7.355395238846540451e-03
8.500000000000000000e+01 7.527118548750877380e-03
8.600000000000000000e+01 7.946765981614589691e-03
8.700000000000000000e+01 8.420528843998908997e-03
8.800000000000000000e+01 8.364314213395118713e-03
8.900000000000000000e+01 8.561260998249053955e-03
9.000000000000000000e+01 9.215449914336204529e-03
9.100000000000000000e+01 9.778026491403579712e-03
9.200000000000000000e+01 9.985525161027908325e-03
9.300000000000000000e+01 1.045426260679960251e-02
9.400000000000000000e+01 1.040807459503412247e-02
9.500000000000000000e+01 1.149682514369487762e-02
9.600000000000000000e+01 1.094842888414859772e-02
9.700000000000000000e+01 1.103868614882230759e-02
9.800000000000000000e+01 1.110542565584182739e-02
9.900000000000000000e+01 8.669477887451648712e-03
