1.000000000000000000e+00 1.000000000000000000e+00
2.000000000000000000e+00 9.040402770042419434e-01
3.000000000000000000e+00 8.374658226966857910e-01
4.000000000000000000e+00 7.791260480880737305e-01
5.000000000000000000e+00 7.244149446487426758e-01
6.000000000000000000e+00 6.711304187774658203e-01
7.000000000000000000e+00 6.183927655220031738e-01
8.000000000000000000e+00 5.657732486724853516e-01
9.000000000000000000e+00 5.133770704269409180e-01
1.000000000000000000e+01 4.608796834945678711e-01
1.100000000000000000e+01 4.087378084659576416e-01
1.200000000000000000e+01 3.568724691867828369e-01
1.300000000000000000e+01 3.054936826229095459e-01
1.400000000000000000e+01 2.547895610332489014e-01
1.500000000000000000e+01 2.052906900644302368e-01
1.600000000000000000e+01 1.572096049785614014e-01
1.700000000000000000e+01 1.108024194836616516e-01
1.800000000000000000e+01 6.613866239786148071e-02
1.900000000000000000e+01 2.369520254433155060e-02
2.000000000000000000e+01 -1.672967895865440369e-02
2.100000000000000000e+01 -5.498218163847923279e-02
2.200000000000000000e+01 -9.044618904590606689e-02
2.300000000000000000e+01 -1.219881549477577209e-01
2.400000000000000000e+01 -1.493446677923202515e-01
2.500000000000000000e+01 -1.709490567445755005e-01
2.600000000000000000e+01 -1.856100410223007202e-01
2.700000000000000000e+01 -1.939775198698043823e-01
2.800000000000000000e+01 -1.972163170576095581e-01
2.900000000000000000e+01 -1.969512403011322021e-01
3.000000000000000000e+01 -1.946559399366378784e-01
3.100000000000000000e+01 -1.907673478126525879e-01
3.200000000000000000e+01 -1.853896081447601318e-01
3.300000000000000000e+01 -1.791595071554183960e-01
3.400000000000000000e+01 -1.721834242343902588e-01
3.500000000000000000e+01 -1.645751744508743286e-01
3.600000000000000000e+01 -1.563287228345870972e-01
3.700000000000000000e+01 -1.476660072803497314e-01
3.800000000000000000e+01 -1.383095830678939819e-01
3.900000000000000000e+01 -1.284797042608261108e-01
4.000000000000000000e+01 -1.182711124420166016e-01
4.100000000000000000e+01 -1.073281466960906982e-01
4.200000000000000000e+01 -9.618338197469711304e-02
4.300000000000000000e+01 -8.519201725721359253e-02
4.400000000000000000e+01 -7.358846068382263184e-02
4.500000000000000000e+01 -6.196342408657073975e-02
4.600000000000000000e+01 -5.019985139369964600e-02
4.700000000000000000e+01 -3.838589042425155640e-02
4.800000000000000000e+01 -2.627822943031787872e-02
4.900000000000000000e+01 -1.511383336037397385e-02
5.000000000000000000e+01 -5.646165926009416580e-03
5.100000000000000000e+01 -6.436355877667665482e-03
5.200000000000000000e+01 -7.195879705250263214e-03
5.300000000000000000e+01 -7.853382267057895660e-03
5.400000000000000000e+01 -7.767771836370229721e-03
5.500000000000000000e+01 -7.522548548877239227e-03
5.600000000000000000e+01 -7.191021926701068878e-03
5.700000000000000000e+01 -6.756688933819532394e-03
5.800000000000000000e+01 -6.112514529377222061e-03
5.900000000000000000e+01 -5.688303615897893906e-03
6.000000000000000000e+01 -5.390246864408254623e-03
6.100000000000000000e+01 -5.026706494390964508e-03
6.200000000000000000e+01 -4.557961132377386093e-03
6.300000000000000000e+01 -4.273417871445417404e-03
6.400000000000000000e+01 -3.923979587852954865e-03
6.500000000000000000e+01 -3.292346838861703873e-03
6.600000000000000000e+01 -2.613302320241928101e-03
6.700000000000000000e+01 -1.981977140530943871e-03
6.800000000000000000e+01 -1.359638874419033527e-03
6.900000000000000000e+01 -9.784847497940063477e-04
7.000000000000000000e+01 -4.140268138144165277e-04
7.100000000000000000e+01 -3.764843086173641495e-06
7.200000000000000000e+01 1.020731520839035511e-03
7.300000000000000000e+01 2.009972231462597847e-03
7.400000000000000000e+01 2.975606825202703476e-03
7.500000000000000000e+01 3.975857514888048172e-03
7.600000000000000000e+01 4.929286427795886993e-03
7.700000000000000000e+01 4.859426524490118027e-03
7.800000000000000000e+01 5.564923398196697235e-03
7.900000000000000000e+01 6.109525915235280991e-03
8.000000000000000000e+01 6.898989900946617126e-03
8.100000000000000000e+01 8.069266565144062042e-03
8.200000000000000000e+01 9.185938164591789246e-03
8.300000000000000000e+01 1.030408125370740891e-02
8.400000000000000000e+01 1.081109698861837387e-02
8.500000000000000000e+01 1.170285139232873917e-02
8.600000000000000000e+01 1.280184369534254074e-02
8.700000000000000000e+01 1.346160098910331726e-02
8.800000000000000000e+01 1.404388342052698135e-02
8.900000000000000000e+01 1.426133699715137482e-02
9.000000000000000000e+01 1.470693666487932205e-02
9.100000000000000000e+01 1.421278342604637146e-02
9.200000000000000000e+01 1.398690603673458099e-02
9.300000000000000000e+01 1.398827694356441498e-02
9.400000000000000000e+01 1.377872843295335770e-02
9.500000000000000000e+01 1.385142654180526733e-02
9.600000000000000000e+01 1.463382504880428314e-02
9.700000000000000000e+01 1.429540663957595825e-02
9.800000000000000000e+01 1.144830323755741119e-02
9.900000000000000000e+01 1.177901122719049454e-02
