1.000000000000000000e+00 1.000000000000000000e+00
2.000000000000000000e+00 9.000496864318847656e-01
3.000000000000000000e+00 8.305994868278503418e-01
4.000000000000000000e+00 7.695791721343994141e-01
5.000000000000000000e+00 7.129233479499816895e-01
6.000000000000000000e+00 6.580268144607543945e-01
7.000000000000000000e+00 6.036435365676879883e-01
8.000000000000000000e+00 5.494413971900939941e-01
9.000000000000000000e+00 4.954018294811248779e-01
1.000000000000000000e+01 4.418784379959106445e-01
1.100000000000000000e+01 3.888965845108032227e-01
1.200000000000000000e+01 3.365852832794189453e-01
1.300000000000000000e+01 2.847998738288879395e-01
1.400000000000000000e+01 2.341980189085006714e-01
1.500000000000000000e+01 1.850490868091583252e-01
1.600000000000000000e+01 1.373606771230697632e-01
1.700000000000000000e+01 9.128487110137939453e-02
1.800000000000000000e+01 4.728186503052711487e-02
1.900000000000000000e+01 5.674490705132484436e-03
2.000000000000000000e+01 -3.347441181540489197e-02
2.100000000000000000e+01 -6.998437643051147461e-02
2.200000000000000000e+01 -1.033884286880493164e-01
2.300000000000000000e+01 -1.334121078252792358e-01
2.400000000000000000e+01 -1.585445553064346313e-01
2.500000000000000000e+01 -1.783972829580307007e-01
2.600000000000000000e+01 -1.915946155786514282e-01
2.700000000000000000e+01 -1.985960602760314941e-01
2.800000000000000000e+01 -2.010095864534378052e-01
2.900000000000000000e+01 -2.003967612981796265e-01
3.000000000000000000e+01 -1.971413344144821167e-01
3.100000000000000000e+01 -1.922830343246459961e-01
3.200000000000000000e+01 -1.863759607076644897e-01
3.300000000000000000e+01 -1.792112290859222412e-01
3.400000000000000000e+01 -1.716228872537612915e-01
3.500000000000000000e+01 -1.632587313652038574e-01
3.600000000000000000e+01 -1.540734171867370605e-01
3.700000000000000000e+01 -1.445837467908859253e-01
3.800000000000000000e+01 -1.347348690032958984e-01
3.900000000000000000e+01 -1.244379878044128418e-01
4.000000000000000000e+01 -1.139112189412117004e-01
4.100000000000000000e+01 -1.027388423681259155e-01
4.200000000000000000e+01 -9.182513505220413208e-02
4.300000000000000000e+01 -8.039727807044982910e-02
4.400000000000000000e+01 -6.871450692415237427e-02
4.500000000000000000e+01 -5.698015913367271423e-02
4.600000000000000000e+01 -4.517415910959243774e-02
4.700000000000000000e+01 -3.365827351808547974e-02
4.800000000000000000e+01 -2.226120978593826294e-02
4.900000000000000000e+01 -1.189388614147901535e-02
5.000000000000000000e+01 -2.995226532220840454e-03
5.100000000000000000e+01 -4.456036724150180817e-03
5.200000000000000000e+01 -4.793727770447731018e-03
5.300000000000000000e+01 -5.039798095822334290e-03
5.400000000000000000e+01 -5.312750581651926041e-03
5.500000000000000000e+01 -5.174020770937204361e-03
5.600000000000000000e+01 -5.163302179425954819e-03
5.700000000000000000e+01 -4.994559567421674728e-03
5.800000000000000000e+01 -4.742010030895471573e-03
5.900000000000000000e+01 -4.871233832091093063e-03
6.000000000000000000e+01 -5.011703353375196457e-03
6.100000000000000000e+01 -4.709486383944749832e-03
6.200000000000000000e+01 -4.857309628278017044e-03
6.300000000000000000e+01 -4.700588062405586243e-03
6.400000000000000000e+01 -4.576805979013442993e-03
6.500000000000000000e+01 -4.483772907406091690e-03
6.600000000000000000e+01 -4.064120352268218994e-03
6.700000000000000000e+01 -3.527572844177484512e-03
6.800000000000000000e+01 -2.749249571934342384e-03
6.900000000000000000e+01 -2.142799086868762970e-03
7.000000000000000000e+01 -1.376099186018109322e-03
7.100000000000000000e+01 -5.750662603531964123e-05
7.200000000000000000e+01 1.090625883080065250e-03
7.300000000000000000e+01 2.065834356471896172e-03
7.400000000000000000e+01 3.585656406357884407e-03
7.500000000000000000e+01 5.369925405830144882e-03
7.600000000000000000e+01 6.950465030968189240e-03
7.700000000000000000e+01 7.761549670249223709e-03
7.800000000000000000e+01 8.732281625270843506e-03
7.900000000000000000e+01 9.605429135262966156e-03
8.000000000000000000e+01 1.056872773915529251e-02
8.100000000000000000e+01 1.183753367513418198e-02
8.200000000000000000e+01 1.311731990426778793e-02
8.300000000000000000e+01 1.401129830628633499e-02
8.400000000000000000e+01 1.517283264547586441e-02
8.500000000000000000e+01 1.606136560440063477e-02
8.600000000000000000e+01 1.701596938073635101e-02
8.700000000000000000e+01 1.755795441567897797e-02
8.800000000000000000e+01 1.831366680562496185e-02
8.900000000000000000e+01 1.870527863502502441e-02
9.000000000000000000e+01 1.918391697108745575e-02
9.100000000000000000e+01 1.930457726120948792e-02
9.200000000000000000e+01 1.936630718410015106e-02
9.300000000000000000e+01 1.923101767897605896e-02
9.400000000000000000e+01 1.980981789529323578e-02
9.500000000000000000e+01 2.194901369512081146e-02
9.600000000000000000e+01 2.288212999701499939e-02
9.700000000000000000e+01 2.214690670371055603e-02
9.800000000000000000e+01 2.381782606244087219e-02
9.900000000000000000e+01 2.484291046857833862e-02
