1.000000000000000000e+00 1.000000000000000000e+00
2.000000000000000000e+00 9.011402130126953125e-01
3.000000000000000000e+00 8.326435089111328125e-01
4.000000000000000000e+00 7.724848389625549316e-01
5.000000000000000000e+00 7.158780694007873535e-01
6.000000000000000000e+00 6.614010930061340332e-01
7.000000000000000000e+00 6.074459552764892578e-01
8.000000000000000000e+00 5.536611080169677734e-01
9.000000000000000000e+00 5.001584291458129883e-01
1.000000000000000000e+01 4.467505216598510742e-01
1.100000000000000000e+01 3.938872516155242920e-01
1.200000000000000000e+01 3.415094614028930664e-01
1.300000000000000000e+01 2.899157106876373291e-01
1.400000000000000000e+01 2.395042628049850464e-01
1.500000000000000000e+01 1.899373978376388550e-01
1.600000000000000000e+01 1.418628692626953125e-01
1.700000000000000000e+01 9.541092813014984131e-02
1.800000000000000000e+01 5.140149220824241638e-02
1.900000000000000000e+01 9.613459929823875427e-03
2.000000000000000000e+01 -2.976571395993232727e-02
2.100000000000000000e+01 -6.679752469062805176e-02
2.200000000000000000e+01 -1.008465886116027832e-01
2.300000000000000000e+01 -1.310724020004272461e-01
2.400000000000000000e+01 -1.569867581129074097e-01
2.500000000000000000e+01 -1.769135892391204834e-01
2.600000000000000000e+01 -1.907775849103927612e-01
2.700000000000000000e+01 -1.982939094305038452e-01
2.800000000000000000e+01 -2.010683119297027588e-01
2.900000000000000000e+01 -2.006952315568923950e-01
3.000000000000000000e+01 -1.983338892459869385e-01
3.100000000000000000e+01 -1.938462257385253906e-01
3.200000000000000000e+01 -1.883047074079513550e-01
3.300000000000000000e+01 -1.815387010574340820e-01
3.400000000000000000e+01 -1.739277094602584839e-01
3.500000000000000000e+01 -1.656305044889450073e-01
3.600000000000000000e+01 -1.569356024265289307e-01
3.700000000000000000e+01 -1.476806402206420898e-01
3.800000000000000000e+01 -1.379160135984420776e-01
3.900000000000000000e+01 -1.276279687881469727e-01
4.000000000000000000e+01 -1.166554540395736694e-01
4.100000000000000000e+01 -1.056672707200050354e-01
4.200000000000000000e+01 -9.472373127937316895e-02
4.300000000000000000e+01 -8.321629464626312256e-02
4.400000000000000000e+01 -7.149489969015121460e-02
4.500000000000000000e+01 -5.967505648732185364e-02
4.600000000000000000e+01 -4.828226566314697266e-02
4.700000000000000000e+01 -3.697186335921287537e-02
4.800000000000000000e+01 -2.560097537934780121e-02
4.900000000000000000e+01 -1.431153062731027603e-02
5.000000000000000000e+01 -4.362409003078937531e-03
5.100000000000000000e+01 -5.535660777240991592e-03
5.200000000000000000e+01 -6.144624669104814529e-03
5.300000000000000000e+01 -6.931971758604049683e-03
5.400000000000000000e+01 -7.333350367844104767e-03
5.500000000000000000e+01 -7.696861401200294495e-03
5.600000000000000000e+01 -7.864156737923622131e-03
5.700000000000000000e+01 -7.944094948470592499e-03
5.800000000000000000e+01 -7.776601240038871765e-03
5.900000000000000000e+01 -7.739030756056308746e-03
6.000000000000000000e+01 -7.562615908682346344e-03
6.100000000000000000e+01 -7.323942612856626511e-03
6.200000000000000000e+01 -7.201928179711103439e-03
6.300000000000000000e+01 -7.428748998790979385e-03
6.400000000000000000e+01 -7.546889595687389374e-03
6.500000000000000000e+01 -7.380127906799316406e-03
6.600000000000000000e+01 -7.174834143370389938e-03
6.700000000000000000e+01 -7.215957622975111008e-03
6.800000000000000000e+01 -7.111934944987297058e-03
6.900000000000000000e+01 -6.249446887522935867e-03
7.000000000000000000e+01 -5.523680709302425385e-03
7.100000000000000000e+01 -4.266286268830299377e-03
7.200000000000000000e+01 -2.862168010324239731e-03
7.300000000000000000e+01 -1.265662140212953091e-03
7.400000000000000000e+01 5.941849667578935623e-04
7.500000000000000000e+01 2.562886336818337440e-03
7.600000000000000000e+01 3.941334318369626999e-03
7.700000000000000000e+01 5.502460524439811707e-03
7.800000000000000000e+01 6.663137115538120270e-03
7.900000000000000000e+01 7.692706771194934845e-03
8.000000000000000000e+01 8.470234461128711700e-03
8.100000000000000000e+01 9.457598440349102020e-03
8.200000000000000000e+01 1.037625316530466080e-02
8.300000000000000000e+01 1.146642304956912994e-02
8.400000000000000000e+01 1.236633863300085068e-02
8.500000000000000000e+01 1.394956745207309723e-02
8.600000000000000000e+01 1.488362811505794525e-02
8.700000000000000000e+01 1.633147522807121277e-02
8.800000000000000000e+01 1.780251786112785339e-02
8.900000000000000000e+01 1.890675164759159088e-02
9.000000000000000000e+01 2.050561830401420593e-02
9.100000000000000000e+01 2.212847955524921417e-02
9.200000000000000000e+01 2.390708215534687042e-02
9.300000000000000000e+01 2.487809769809246063e-02
9.400000000000000000e+01 2.527441829442977905e-02
9.500000000000000000e+01 2.601017989218235016e-02
9.600000000000000000e+01 2.579071559011936188e-02
9.700000000000000000e+01 2.640086598694324493e-02
9.800000000000000000e+01 2.485545910894870758e-02
9.900000000000000000e+01 2.392697893083095551e-02
