1.000000000000000000e+00 1.000000000000000000e+00
2.000000000000000000e+00 9.026947617530822754e-01
3.000000000000000000e+00 8.347483873367309570e-01
4.000000000000000000e+00 7.751130461692810059e-01
5.000000000000000000e+00 7.193055748939514160e-01
6.000000000000000000e+00 6.649665236473083496e-01
7.000000000000000000e+00 6.110498309135437012e-01
8.000000000000000000e+00 5.574988722801208496e-01
9.000000000000000000e+00 5.041774511337280273e-01
1.000000000000000000e+01 4.509627223014831543e-01
1.100000000000000000e+01 3.980995416641235352e-01
1.200000000000000000e+01 3.458484411239624023e-01
1.300000000000000000e+01 2.942470312118530273e-01
1.400000000000000000e+01 2.436145693063735962e-01
1.500000000000000000e+01 1.942786276340484619e-01
1.600000000000000000e+01 1.466472148895263672e-01
1.700000000000000000e+01 1.003635153174400330e-01
1.800000000000000000e+01 5.628455430269241333e-02
1.900000000000000000e+01 1.453319564461708069e-02
2.000000000000000000e+01 -2.488562650978565216e-02
2.100000000000000000e+01 -6.173842400312423706e-02
2.200000000000000000e+01 -9.588575363159179688e-02
2.300000000000000000e+01 -1.268048584461212158e-01
2.400000000000000000e+01 -1.531479507684707642e-01
2.500000000000000000e+01 -1.734285354614257812e-01
2.600000000000000000e+01 -1.875026524066925049e-01
2.700000000000000000e+01 -1.954961717128753662e-01
2.800000000000000000e+01 -1.985149830579757690e-01
2.900000000000000000e+01 -1.981678903102874756e-01
3.000000000000000000e+01 -1.953246891498565674e-01
3.100000000000000000e+01 -1.914227455854415894e-01
3.200000000000000000e+01 -1.858076304197311401e-01
3.300000000000000000e+01 -1.794569045305252075e-01
3.400000000000000000e+01 -1.717430055141448975e-01
3.500000000000000000e+01 -1.635545194149017334e-01
3.600000000000000000e+01 -1.546798348426818848e-01
3.700000000000000000e+01 -1.457489728927612305e-01
3.800000000000000000e+01 -1.363337039947509766e-01
3.900000000000000000e+01 -1.268426477909088135e-01
4.000000000000000000e+01 -1.168613061308860779e-01
4.100000000000000000e+01 -1.059892848134040833e-01
4.200000000000000000e+01 -9.500512480735778809e-02
4.300000000000000000e+01 -8.343139290809631348e-02
4.400000000000000000e+01 -7.182508707046508789e-02
4.500000000000000000e+01 -5.991119146347045898e-02
4.600000000000000000e+01 -4.789537936449050903e-02
4.700000000000000000e+01 -3.605814278125762939e-02
4.800000000000000000e+01 -2.443726360797882080e-02
4.900000000000000000e+01 -1.343443896621465683e-02
5.000000000000000000e+01 -3.819575533270835876e-03
5.100000000000000000e+01 -4.671007860451936722e-03
5.200000000000000000e+01 -5.375080276280641556e-03
5.300000000000000000e+01 -6.011411081999540329e-03
5.400000000000000000e+01 -6.052680779248476028e-03
5.500000000000000000e+01 -6.455148104578256607e-03
5.600000000000000000e+01 -6.626115180552005768e-03
5.700000000000000000e+01 -6.360423751175403595e-03
5.800000000000000000e+01 -6.073521915823221207e-03
5.900000000000000000e+01 -5.726139061152935028e-03
6.000000000000000000e+01 -5.690060555934906006e-03
6.100000000000000000e+01 -5.260455422103404999e-03
6.200000000000000000e+01 -5.019202828407287598e-03
6.300000000000000000e+01 -4.715581424534320831e-03
6.400000000000000000e+01 -4.491248168051242828e-03
6.500000000000000000e+01 -4.288880154490470886e-03
6.600000000000000000e+01 -4.097944125533103943e-03
6.700000000000000000e+01 -3.549631917849183083e-03
6.800000000000000000e+01 -2.614292083308100700e-03
6.900000000000000000e+01 -1.966981682926416397e-03
7.000000000000000000e+01 -1.334290835075080395e-03
7.100000000000000000e+01 -3.612647415138781071e-04
7.200000000000000000e+01 8.433636394329369068e-04
7.300000000000000000e+01 2.195365726947784424e-03
7.400000000000000000e+01 3.830222412943840027e-03
7.500000000000000000e+01 5.346394609659910202e-03
7.600000000000000000e+01 6.138277705758810043e-03
7.700000000000000000e+01 7.238779682666063309e-03
7.800000000000000000e+01 7.712187245488166809e-03
7.900000000000000000e+01 8.221711963415145874e-03
8.000000000000000000e+01 8.173188194632530212e-03
8.100000000000000000e+01 7.946837693452835083e-03
8.200000000000000000e+01 8.464704267680644989e-03
8.300000000000000000e+01 9.414850734174251556e-03
8.400000000000000000e+01 1.049223821610212326e-02
8.500000000000000000e+01 1.067648455500602722e-02
8.600000000000000000e+01 1.074468996375799179e-02
8.700000000000000000e+01 1.148930005729198456e-02
8.800000000000000000e+01 1.234858483076095581e-02
8.900000000000000000e+01 1.318737212568521500e-02
9.000000000000000000e+01 1.391548756510019302e-02
9.100000000000000000e+01 1.497239712625741959e-02
9.200000000000000000e+01 1.588430814445018768e-02
9.300000000000000000e+01 1.703496463596820831e-02
9.400000000000000000e+01 1.802371442317962646e-02
9.500000000000000000e+01 1.792189851403236389e-02
9.600000000000000000e+01 1.923351548612117767e-02
9.700000000000000000e+01 2.130460925400257111e-02
9.800000000000000000e+01 2.263562753796577454e-02
9.900000000000000000e+01 1.745837554335594177e-02
