1.000000000000000000e+00 1.000000000000000000e+00
2.000000000000000000e+00 7.828430533409118652e-01
3.000000000000000000e+00 6.348434090614318848e-01
4.000000000000000000e+00 5.186175704002380371e-01
5.000000000000000000e+00 4.246675968170166016e-01
6.000000000000000000e+00 3.473452031612396240e-01
7.000000000000000000e+00 2.824790477752685547e-01
8.000000000000000000e+00 2.268702387809753418e-01
9.000000000000000000e+00 1.797536313533782959e-01
1.000000000000000000e+01 1.396843492984771729e-01
1.100000000000000000e+01 1.056987121701240540e-01
1.200000000000000000e+01 7.690661400556564331e-02
1.300000000000000000e+01 5.196424946188926697e-02
1.400000000000000000e+01 3.025762550532817841e-02
1.500000000000000000e+01 1.214045565575361252e-02
1.600000000000000000e+01 -3.272625617682933807e-03
1.700000000000000000e+01 -1.677502505481243134e-02
1.800000000000000000e+01 -2.782470360398292542e-02
1.900000000000000000e+01 -3.617317974567413330e-02
2.000000000000000000e+01 -4.279766976833343506e-02
2.100000000000000000e+01 -4.712368175387382507e-02
2.200000000000000000e+01 -5.046156421303749084e-02
2.300000000000000000e+01 -5.320187658071517944e-02
2.400000000000000000e+01 -5.388733372092247009e-02
2.500000000000000000e+01 -5.350101739168167114e-02
2.600000000000000000e+01 -5.157725885510444641e-02
2.700000000000000000e+01 -4.893953725695610046e-02
2.800000000000000000e+01 -4.625413939356803894e-02
2.900000000000000000e+01 -4.268930107355117798e-02
3.000000000000000000e+01 -3.848788514733314514e-02
3.100000000000000000e+01 -3.477777168154716492e-02
3.200000000000000000e+01 -3.103137202560901642e-02
3.300000000000000000e+01 -2.842181548476219177e-02
3.400000000000000000e+01 -2.475948445498943329e-02
3.500000000000000000e+01 -2.168388850986957550e-02
3.600000000000000000e+01 -1.903246529400348663e-02
3.700000000000000000e+01 -1.684401184320449829e-02
3.800000000000000000e+01 -1.428596489131450653e-02
3.900000000000000000e+01 -1.243329234421253204e-02
4.000000000000000000e+01 -1.064969319850206375e-02
4.100000000000000000e+01 -8.356953039765357971e-03
4.200000000000000000e+01 -7.125489413738250732e-03
4.300000000000000000e+01 -5.244437605142593384e-03
4.400000000000000000e+01 -3.552656620740890503e-03
4.500000000000000000e+01 -1.978637184947729111e-03
4.600000000000000000e+01 -1.175016281194984913e-03
4.700000000000000000e+01 9.783444693312048912e-04
4.800000000000000000e+01 2.878404688090085983e-03
4.900000000000000000e+01 4.004146438091993332e-03
5.000000000000000000e+01 4.893348552286624908e-03
5.100000000000000000e+01 4.847462754696607590e-03
5.200000000000000000e+01 3.879949217662215233e-03
5.300000000000000000e+01 2.459245035424828529e-03
5.400000000000000000e+01 2.060822909697890282e-03
5.500000000000000000e+01 8.505390724167227745e-04
5.600000000000000000e+01 -1.438489533029496670e-03
5.700000000000000000e+01 -2.946740947663784027e-03
5.800000000000000000e+01 -2.902409061789512634e-03
5.900000000000000000e+01 -3.642166033387184143e-03
6.000000000000000000e+01 -4.368011839687824249e-03
6.100000000000000000e+01 -5.015086848288774490e-03
6.200000000000000000e+01 -4.522692877799272537e-03
6.300000000000000000e+01 -3.346031298860907555e-03
6.400000000000000000e+01 -3.558609401807188988e-03
6.500000000000000000e+01 -4.019742831587791443e-03
6.600000000000000000e+01 -3.453316166996955872e-03
6.700000000000000000e+01 -3.469368210062384605e-03
6.800000000000000000e+01 -3.534027840942144394e-03
6.900000000000000000e+01 -3.251517191529273987e-03
7.000000000000000000e+01 -3.319361712783575058e-03
7.100000000000000000e+01 -3.399423323571681976e-03
7.200000000000000000e+01 -3.672402352094650269e-03
7.300000000000000000e+01 -3.933312371373176575e-03
7.400000000000000000e+01 -5.026489961892366409e-03
7.500000000000000000e+01 -3.984934650361537933e-03
7.600000000000000000e+01 -2.584094647318124771e-03
7.700000000000000000e+01 -1.822930178605020046e-03
7.800000000000000000e+01 -3.293175832368433475e-04
7.900000000000000000e+01 2.270896453410387039e-03
8.000000000000000000e+01 5.408181808888912201e-03
8.100000000000000000e+01 8.962939493358135223e-03
8.200000000000000000e+01 1.157382596284151077e-02
8.300000000000000000e+01 1.393792498856782913e-02
8.400000000000000000e+01 1.425719447433948517e-02
8.500000000000000000e+01 1.405312865972518921e-02
8.600000000000000000e+01 1.239559706300497055e-02
8.700000000000000000e+01 1.072887983173131943e-02
8.800000000000000000e+01 8.941468782722949982e-03
8.900000000000000000e+01 9.071451611816883087e-03
9.000000000000000000e+01 9.953555651009082794e-03
9.100000000000000000e+01 9.421825408935546875e-03
9.200000000000000000e+01 1.059076935052871704e-02
9.300000000000000000e+01 1.077859848737716675e-02
9.400000000000000000e+01 1.089628133922815323e-02
9.500000000000000000e+01 1.115925144404172897e-02
9.600000000000000000e+01 8.023088797926902771e-03
9.700000000000000000e+01 3.342132549732923508e-03
9.800000000000000000e+01 4.437895957380533218e-03
9.900000000000000000e+01 8.145046303980052471e-04
