1.000000000000000000e+00 1.000000000000000000e+00
2.000000000000000000e+00 7.429809570312500000e-01
3.000000000000000000e+00 5.674692988395690918e-01
4.000000000000000000e+00 4.332855641841888428e-01
5.000000000000000000e+00 3.293570876121520996e-01
6.000000000000000000e+00 2.474715411663055420e-01
7.000000000000000000e+00 1.832202821969985962e-01
8.000000000000000000e+00 1.332267075777053833e-01
9.000000000000000000e+00 9.510042518377304077e-02
1.000000000000000000e+01 6.514803320169448853e-02
1.100000000000000000e+01 4.242467880249023438e-02
1.200000000000000000e+01 2.476635202765464783e-02
1.300000000000000000e+01 1.169797312468290329e-02
1.400000000000000000e+01 1.792419236153364182e-03
1.500000000000000000e+01 -5.607183091342449188e-03
1.600000000000000000e+01 -1.097471360117197037e-02
1.700000000000000000e+01 -1.444306503981351852e-02
1.800000000000000000e+01 -1.672324351966381073e-02
1.900000000000000000e+01 -1.765305362641811371e-02
2.000000000000000000e+01 -1.874102093279361725e-02
2.100000000000000000e+01 -1.826398447155952454e-02
2.200000000000000000e+01 -1.666147634387016296e-02
2.300000000000000000e+01 -1.585985347628593445e-02
2.400000000000000000e+01 -1.480492018163204193e-02
2.500000000000000000e+01 -1.283419318497180939e-02
2.600000000000000000e+01 -1.158507447689771652e-02
2.700000000000000000e+01 -1.112992595881223679e-02
2.800000000000000000e+01 -1.027764659374952316e-02
2.900000000000000000e+01 -9.090119972825050354e-03
3.000000000000000000e+01 -8.105505257844924927e-03
3.100000000000000000e+01 -7.137453183531761169e-03
3.200000000000000000e+01 -6.734161637723445892e-03
3.300000000000000000e+01 -6.431477144360542297e-03
3.400000000000000000e+01 -5.583221558481454849e-03
3.500000000000000000e+01 -5.265535786747932434e-03
3.600000000000000000e+01 -4.534032195806503296e-03
3.700000000000000000e+01 -3.753788536414504051e-03
3.800000000000000000e+01 -3.102337010204792023e-03
3.900000000000000000e+01 -1.518295495770871639e-03
4.000000000000000000e+01 -4.597660154104232788e-04
4.100000000000000000e+01 4.009676049463450909e-04
4.200000000000000000e+01 1.557215931825339794e-03
4.300000000000000000e+01 1.422552624717354774e-03
4.400000000000000000e+01 1.218743156641721725e-03
4.500000000000000000e+01 7.845324580557644367e-04
4.600000000000000000e+01 -6.005917093716561794e-04
4.700000000000000000e+01 -1.372397644445300102e-03
4.800000000000000000e+01 -1.727007329463958740e-03
4.900000000000000000e+01 -1.335526467300951481e-03
5.000000000000000000e+01 -8.703651255927979946e-04
5.100000000000000000e+01 -1.023826771415770054e-03
5.200000000000000000e+01 -5.339867784641683102e-04
5.300000000000000000e+01 -2.978038683068007231e-04
5.400000000000000000e+01 -1.272860827157273889e-04
5.500000000000000000e+01 2.435591013636440039e-04
5.600000000000000000e+01 -7.282734150066971779e-04
5.700000000000000000e+01 1.024481971398927271e-04
5.800000000000000000e+01 9.717119974084198475e-04
5.900000000000000000e+01 1.735879806801676750e-03
6.000000000000000000e+01 2.299776067957282066e-03
6.100000000000000000e+01 2.635859651491045952e-03
6.200000000000000000e+01 2.166677732020616531e-03
6.300000000000000000e+01 3.041042014956474304e-03
6.400000000000000000e+01 3.811218310147523880e-03
6.500000000000000000e+01 3.698005108162760735e-03
6.600000000000000000e+01 3.783041611313819885e-03
6.700000000000000000e+01 3.163117915391921997e-03
6.800000000000000000e+01 1.954292412847280502e-03
6.900000000000000000e+01 1.955295214429497719e-03
7.000000000000000000e+01 1.395539613440632820e-03
7.100000000000000000e+01 3.976416774094104767e-04
7.200000000000000000e+01 1.052860534400679171e-04
7.300000000000000000e+01 5.750273703597486019e-04
7.400000000000000000e+01 2.611323143355548382e-04
7.500000000000000000e+01 -7.429256220348179340e-05
7.600000000000000000e+01 -1.014460111036896706e-03
7.700000000000000000e+01 -2.324112923815846443e-03
7.800000000000000000e+01 -3.604428377002477646e-03
7.900000000000000000e+01 -3.245717845857143402e-03
8.000000000000000000e+01 -1.876522786915302277e-03
8.100000000000000000e+01 -9.281520033255219460e-04
8.200000000000000000e+01 7.539477082900702953e-04
8.300000000000000000e+01 1.677331631071865559e-03
8.400000000000000000e+01 1.028024242259562016e-03
8.500000000000000000e+01 3.278314543422311544e-04
8.600000000000000000e+01 9.617637842893600464e-04
8.700000000000000000e+01 -1.215081196278333664e-03
8.800000000000000000e+01 -2.242359798401594162e-03
8.900000000000000000e+01 -4.601985681802034378e-03
9.000000000000000000e+01 -5.938076879829168320e-03
9.100000000000000000e+01 -5.366831552237272263e-03
9.200000000000000000e+01 -3.227316774427890778e-03
9.300000000000000000e+01 -2.720043295994400978e-03
9.400000000000000000e+01 -6.387048051692545414e-04
9.500000000000000000e+01 2.948678098618984222e-03
9.600000000000000000e+01 5.461514461785554886e-03
9.700000000000000000e+01 5.723576061427593231e-03
9.800000000000000000e+01 4.197316709905862808e-03
9.900000000000000000e+01 1.195009681396186352e-03
