1.000000000000000000e+00 1.000000000000000000e+00
2.000000000000000000e+00 8.923312425613403320e-01
3.000000000000000000e+00 8.169180750846862793e-01
4.000000000000000000e+00 7.514842748641967773e-01
5.000000000000000000e+00 6.906149387359619141e-01
6.000000000000000000e+00 6.323869824409484863e-01
7.000000000000000000e+00 5.754962563514709473e-01
8.000000000000000000e+00 5.193545818328857422e-01
9.000000000000000000e+00 4.641461968421936035e-01
1.000000000000000000e+01 4.097450077533721924e-01
1.100000000000000000e+01 3.564414978027343750e-01
1.200000000000000000e+01 3.042068481445312500e-01
1.300000000000000000e+01 2.532753944396972656e-01
1.400000000000000000e+01 2.033044099807739258e-01
1.500000000000000000e+01 1.553425341844558716e-01
1.600000000000000000e+01 1.091078892350196838e-01
1.700000000000000000e+01 6.545313447713851929e-02
1.800000000000000000e+01 2.426984906196594238e-02
1.900000000000000000e+01 -1.448424253612756729e-02
2.000000000000000000e+01 -5.036999657750129700e-02
2.100000000000000000e+01 -8.345112949609756470e-02
2.200000000000000000e+01 -1.132808849215507507e-01
2.300000000000000000e+01 -1.398942768573760986e-01
2.400000000000000000e+01 -1.621917635202407837e-01
2.500000000000000000e+01 -1.791262626647949219e-01
2.600000000000000000e+01 -1.899465471506118774e-01
2.700000000000000000e+01 -1.947048455476760864e-01
2.800000000000000000e+01 -1.953308731317520142e-01
2.900000000000000000e+01 -1.930504292249679565e-01
3.000000000000000000e+01 -1.886825114488601685e-01
3.100000000000000000e+01 -1.825312077999114990e-01
3.200000000000000000e+01 -1.752179116010665894e-01
3.300000000000000000e+01 -1.673314720392227173e-01
3.400000000000000000e+01 -1.589595079421997070e-01
3.500000000000000000e+01 -1.501034647226333618e-01
3.600000000000000000e+01 -1.408934295177459717e-01
3.700000000000000000e+01 -1.317686736583709717e-01
3.800000000000000000e+01 -1.224849671125411987e-01
3.900000000000000000e+01 -1.131031438708305359e-01
4.000000000000000000e+01 -1.035031229257583618e-01
4.100000000000000000e+01 -9.353784471750259399e-02
4.200000000000000000e+01 -8.348281681537628174e-02
4.300000000000000000e+01 -7.333106547594070435e-02
4.400000000000000000e+01 -6.308234483003616333e-02
4.500000000000000000e+01 -5.278450995683670044e-02
4.600000000000000000e+01 -4.232208058238029480e-02
4.700000000000000000e+01 -3.211817890405654907e-02
4.800000000000000000e+01 -2.189294621348381042e-02
4.900000000000000000e+01 -1.237505767494440079e-02
5.000000000000000000e+01 -3.863691352307796478e-03
5.100000000000000000e+01 -4.730184562504291534e-03
5.200000000000000000e+01 -5.154499318450689316e-03
5.300000000000000000e+01 -5.560726858675479889e-03
5.400000000000000000e+01 -5.955061409622430801e-03
5.500000000000000000e+01 -6.242041476070880890e-03
5.600000000000000000e+01 -6.757607217878103256e-03
5.700000000000000000e+01 -6.772246677428483963e-03
5.800000000000000000e+01 -6.369896233081817627e-03
5.900000000000000000e+01 -6.099573802202939987e-03
6.000000000000000000e+01 -5.648092832416296005e-03
6.100000000000000000e+01 -5.207508336752653122e-03
6.200000000000000000e+01 -4.892469849437475204e-03
6.300000000000000000e+01 -4.727641120553016663e-03
6.400000000000000000e+01 -4.820724483579397202e-03
6.500000000000000000e+01 -4.590507131069898605e-03
6.600000000000000000e+01 -4.008331336081027985e-03
6.700000000000000000e+01 -3.169537987560033798e-03
6.800000000000000000e+01 -2.669637091457843781e-03
6.900000000000000000e+01 -1.828515785746276379e-03
7.000000000000000000e+01 -7.233793730847537518e-04
7.100000000000000000e+01 3.245171392336487770e-04
7.200000000000000000e+01 1.683026668615639210e-03
7.300000000000000000e+01 2.932138508185744286e-03
7.400000000000000000e+01 4.392253700643777847e-03
7.500000000000000000e+01 5.500895902514457703e-03
7.600000000000000000e+01 6.569994147866964340e-03
7.700000000000000000e+01 7.820587605237960815e-03
7.800000000000000000e+01 8.833710104227066040e-03
7.900000000000000000e+01 9.358984418213367462e-03
8.000000000000000000e+01 1.026280224323272705e-02
8.100000000000000000e+01 1.091687381267547607e-02
8.200000000000000000e+01 1.142687350511550903e-02
8.300000000000000000e+01 1.196292694658041000e-02
8.400000000000000000e+01 1.298869214951992035e-02
8.500000000000000000e+01 1.390326116234064102e-02
8.600000000000000000e+01 1.487691141664981842e-02
8.700000000000000000e+01 1.537529379129409790e-02
8.800000000000000000e+01 1.603634841740131378e-02
8.900000000000000000e+01 1.776429824531078339e-02
9.000000000000000000e+01 1.909262314438819885e-02
9.100000000000000000e+01 2.084648981690406799e-02
9.200000000000000000e+01 2.197297289967536926e-02
9.300000000000000000e+01 2.239798009395599365e-02
9.400000000000000000e+01 2.151663042604923248e-02
9.500000000000000000e+01 2.171897515654563904e-02
9.600000000000000000e+01 2.185356244444847107e-02
9.700000000000000000e+01 2.122002281248569489e-02
9.800000000000000000e+01 2.361041493713855743e-02
9.900000000000000000e+01 2.407844550907611847e-02
