1.000000000000000000e+00 1.000000000000000000e+00
2.000000000000000000e+00 9.003070592880249023e-01
3.000000000000000000e+00 8.312908411026000977e-01
4.000000000000000000e+00 7.710531949996948242e-01
5.000000000000000000e+00 7.146994471549987793e-01
6.000000000000000000e+00 6.597194075584411621e-01
7.000000000000000000e+00 6.054816246032714844e-01
8.000000000000000000e+00 5.514160990715026855e-01
9.000000000000000000e+00 4.977725446224212646e-01
1.000000000000000000e+01 4.443442225456237793e-01
1.100000000000000000e+01 3.912546038627624512e-01
1.200000000000000000e+01 3.390136063098907471e-01
1.300000000000000000e+01 2.874331772327423096e-01
1.400000000000000000e+01 2.368106842041015625e-01
1.500000000000000000e+01 1.871663331985473633e-01
1.600000000000000000e+01 1.391241252422332764e-01
1.700000000000000000e+01 9.295571595430374146e-02
1.800000000000000000e+01 4.880999773740768433e-02
1.900000000000000000e+01 6.936524994671344757e-03
2.000000000000000000e+01 -3.223527967929840088e-02
2.100000000000000000e+01 -6.880495697259902954e-02
2.200000000000000000e+01 -1.023138463497161865e-01
2.300000000000000000e+01 -1.322722733020782471e-01
2.400000000000000000e+01 -1.576631963253021240e-01
2.500000000000000000e+01 -1.776232421398162842e-01
2.600000000000000000e+01 -1.904665082693099976e-01
2.700000000000000000e+01 -1.975058019161224365e-01
2.800000000000000000e+01 -1.999734044075012207e-01
2.900000000000000000e+01 -1.995895355939865112e-01
3.000000000000000000e+01 -1.966853439807891846e-01
3.100000000000000000e+01 -1.921254098415374756e-01
3.200000000000000000e+01 -1.866747587919235229e-01
3.300000000000000000e+01 -1.799638122320175171e-01
3.400000000000000000e+01 -1.720358729362487793e-01
3.500000000000000000e+01 -1.637794822454452515e-01
3.600000000000000000e+01 -1.548957526683807373e-01
3.700000000000000000e+01 -1.455932408571243286e-01
3.800000000000000000e+01 -1.356687843799591064e-01
3.900000000000000000e+01 -1.252936124801635742e-01
4.000000000000000000e+01 -1.145233511924743652e-01
4.100000000000000000e+01 -1.034679338335990906e-01
4.200000000000000000e+01 -9.220017492771148682e-02
4.300000000000000000e+01 -8.064896613359451294e-02
4.400000000000000000e+01 -6.926483660936355591e-02
4.500000000000000000e+01 -5.749043077230453491e-02
4.600000000000000000e+01 -4.566634446382522583e-02
4.700000000000000000e+01 -3.443635627627372742e-02
4.800000000000000000e+01 -2.330216951668262482e-02
4.900000000000000000e+01 -1.251534000039100647e-02
5.000000000000000000e+01 -2.667367458343505859e-03
5.100000000000000000e+01 -3.108153119683265686e-03
5.200000000000000000e+01 -3.755494020879268646e-03
5.300000000000000000e+01 -4.234466236084699631e-03
5.400000000000000000e+01 -4.713600035756826401e-03
5.500000000000000000e+01 -4.940990824252367020e-03
5.600000000000000000e+01 -5.453440360724925995e-03
5.700000000000000000e+01 -5.718437489122152328e-03
5.800000000000000000e+01 -5.818478297442197800e-03
5.900000000000000000e+01 -5.884102545678615570e-03
6.000000000000000000e+01 -6.002333015203475952e-03
6.100000000000000000e+01 -6.260263733565807343e-03
6.200000000000000000e+01 -6.009753793478012085e-03
6.300000000000000000e+01 -5.998642183840274811e-03
6.400000000000000000e+01 -5.658408626914024353e-03
6.500000000000000000e+01 -5.968758836388587952e-03
6.600000000000000000e+01 -5.780624691396951675e-03
6.700000000000000000e+01 -5.584980826824903488e-03
6.800000000000000000e+01 -5.464415065944194794e-03
6.900000000000000000e+01 -4.926347173750400543e-03
7.000000000000000000e+01 -3.901305142790079117e-03
7.100000000000000000e+01 -2.787969075143337250e-03
7.200000000000000000e+01 -1.439560903236269951e-03
7.300000000000000000e+01 2.765660465229302645e-04
7.400000000000000000e+01 2.349852118641138077e-03
7.500000000000000000e+01 4.539528395980596542e-03
7.600000000000000000e+01 6.243913434445858002e-03
7.700000000000000000e+01 7.718373090028762817e-03
7.800000000000000000e+01 8.101459592580795288e-03
7.900000000000000000e+01 8.690139278769493103e-03
8.000000000000000000e+01 8.767689578235149384e-03
8.100000000000000000e+01 8.736577816307544708e-03
8.200000000000000000e+01 9.233496151864528656e-03
8.300000000000000000e+01 9.175455197691917419e-03
8.400000000000000000e+01 1.013651117682456970e-02
8.500000000000000000e+01 1.113114226609468460e-02
8.600000000000000000e+01 1.181781664490699768e-02
8.700000000000000000e+01 1.223935652524232864e-02
8.800000000000000000e+01 1.299912761896848679e-02
8.900000000000000000e+01 1.371717546135187149e-02
9.000000000000000000e+01 1.446490176022052765e-02
9.100000000000000000e+01 1.476411428302526474e-02
9.200000000000000000e+01 1.456318609416484833e-02
9.300000000000000000e+01 1.438403408974409103e-02
9.400000000000000000e+01 1.512716431170701981e-02
9.500000000000000000e+01 1.641404069960117340e-02
9.600000000000000000e+01 1.547597162425518036e-02
9.700000000000000000e+01 1.279352791607379913e-02
9.800000000000000000e+01 7.932325825095176697e-03
9.900000000000000000e+01 2.957792254164814949e-03
