1.000000000000000000e+00 1.000000000000000000e+00
2.000000000000000000e+00 9.038331508636474609e-01
3.000000000000000000e+00 8.371462821960449219e-01
4.000000000000000000e+00 7.788025736808776855e-01
5.000000000000000000e+00 7.239230871200561523e-01
6.000000000000000000e+00 6.704198122024536133e-01
7.000000000000000000e+00 6.174827218055725098e-01
8.000000000000000000e+00 5.645967125892639160e-01
9.000000000000000000e+00 5.117956399917602539e-01
1.000000000000000000e+01 4.591923058032989502e-01
1.100000000000000000e+01 4.065051376819610596e-01
1.200000000000000000e+01 3.543713092803955078e-01
1.300000000000000000e+01 3.028503358364105225e-01
1.400000000000000000e+01 2.522101104259490967e-01
1.500000000000000000e+01 2.029060274362564087e-01
1.600000000000000000e+01 1.547409296035766602e-01
1.700000000000000000e+01 1.081715002655982971e-01
1.800000000000000000e+01 6.374990195035934448e-02
1.900000000000000000e+01 2.131676673889160156e-02
2.000000000000000000e+01 -1.892772130668163300e-02
2.100000000000000000e+01 -5.684813857078552246e-02
2.200000000000000000e+01 -9.172569960355758667e-02
2.300000000000000000e+01 -1.234196424484252930e-01
2.400000000000000000e+01 -1.500695049762725830e-01
2.500000000000000000e+01 -1.711511611938476562e-01
2.600000000000000000e+01 -1.857102066278457642e-01
2.700000000000000000e+01 -1.940371990203857422e-01
2.800000000000000000e+01 -1.970097720623016357e-01
2.900000000000000000e+01 -1.971476525068283081e-01
3.000000000000000000e+01 -1.947940886020660400e-01
3.100000000000000000e+01 -1.910015344619750977e-01
3.200000000000000000e+01 -1.859939843416213989e-01
3.300000000000000000e+01 -1.800899505615234375e-01
3.400000000000000000e+01 -1.733326166868209839e-01
3.500000000000000000e+01 -1.656986176967620850e-01
3.600000000000000000e+01 -1.574834585189819336e-01
3.700000000000000000e+01 -1.489274054765701294e-01
3.800000000000000000e+01 -1.397950798273086548e-01
3.900000000000000000e+01 -1.299439519643783569e-01
4.000000000000000000e+01 -1.196655929088592529e-01
4.100000000000000000e+01 -1.088132187724113464e-01
4.200000000000000000e+01 -9.784061461687088013e-02
4.300000000000000000e+01 -8.628614246845245361e-02
4.400000000000000000e+01 -7.432811707258224487e-02
4.500000000000000000e+01 -6.209997460246086121e-02
4.600000000000000000e+01 -5.002777650952339172e-02
4.700000000000000000e+01 -3.773503005504608154e-02
4.800000000000000000e+01 -2.538343146443367004e-02
4.900000000000000000e+01 -1.370870694518089294e-02
5.000000000000000000e+01 -3.469505580142140388e-03
5.100000000000000000e+01 -4.393362905830144882e-03
5.200000000000000000e+01 -4.891373217105865479e-03
5.300000000000000000e+01 -5.406505428254604340e-03
5.400000000000000000e+01 -5.500335711985826492e-03
5.500000000000000000e+01 -4.813317675143480301e-03
5.600000000000000000e+01 -4.288638010621070862e-03
5.700000000000000000e+01 -3.813186194747686386e-03
5.800000000000000000e+01 -3.115723840892314911e-03
5.900000000000000000e+01 -2.528727054595947266e-03
6.000000000000000000e+01 -1.986705232411623001e-03
6.100000000000000000e+01 -1.627781777642667294e-03
6.200000000000000000e+01 -1.533599453978240490e-03
6.300000000000000000e+01 -1.738751423545181751e-03
6.400000000000000000e+01 -1.736737322062253952e-03
6.500000000000000000e+01 -1.281694043427705765e-03
6.600000000000000000e+01 -8.587780175730586052e-04
6.700000000000000000e+01 -9.474750258959829807e-04
6.800000000000000000e+01 -1.069463673047721386e-03
6.900000000000000000e+01 -9.194074664264917374e-04
7.000000000000000000e+01 -7.544681429862976074e-04
7.100000000000000000e+01 -5.440156674012541771e-04
7.200000000000000000e+01 -4.758570285048335791e-04
7.300000000000000000e+01 -3.348714963067322969e-04
7.400000000000000000e+01 5.297293537296354771e-04
7.500000000000000000e+01 1.298311050049960613e-03
7.600000000000000000e+01 1.783791114576160908e-03
7.700000000000000000e+01 2.838423708453774452e-03
7.800000000000000000e+01 3.631287952885031700e-03
7.900000000000000000e+01 3.594189882278442383e-03
8.000000000000000000e+01 3.786159446462988853e-03
8.100000000000000000e+01 3.754607401788234711e-03
8.200000000000000000e+01 4.432357847690582275e-03
8.300000000000000000e+01 4.901499953120946884e-03
8.400000000000000000e+01 5.697747226804494858e-03
8.500000000000000000e+01 7.111280690878629684e-03
8.600000000000000000e+01 8.057784289121627808e-03
8.700000000000000000e+01 8.915632963180541992e-03
8.800000000000000000e+01 9.605349041521549225e-03
8.900000000000000000e+01 1.041683927178382874e-02
9.000000000000000000e+01 1.059094350785017014e-02
9.100000000000000000e+01 1.012912206351757050e-02
9.200000000000000000e+01 1.025329809635877609e-02
9.300000000000000000e+01 9.836854413151741028e-03
9.400000000000000000e+01 1.026887167245149612e-02
9.500000000000000000e+01 1.002023369073867798e-02
9.600000000000000000e+01 8.605433627963066101e-03
9.700000000000000000e+01 8.908572606742382050e-03
9.800000000000000000e+01 7.978048175573348999e-03
9.900000000000000000e+01 8.761060424149036407e-03
