 time crystallinity "clusters w/ >= 2 members" "   independent clusters" "mean size cryst domains" "crystalline grid elements"
0 0.0 0.0001391323705373292 1.0 5.0 1.0 5.0
1 1000000.0 0.00047305005982691933 1.0 17.0 1.0 17.0
2 2000000.0 0.0020035061357375405 3.0 68.0 1.0588235294117647 72.0
3 3000000.0 0.022650749923477195 98.0 578.0 1.4083044982698962 814.0
4 4000000.0 0.08311767815900048 379.0 1547.0 1.9308338720103426 2987.0
5 5000000.0 0.13698973203105436 551.0 2168.0 2.2707564575645756 4923.0
6 6000000.0 0.16453794139744554 610.0 2356.0 2.5097623089983023 5913.0
7 7000000.0 0.17803378133956646 663.0 2489.0 2.570510245078345 6398.0
8 8000000.0 0.18621476472716142 655.0 2609.0 2.564967420467612 6692.0
9 9000000.0 0.19233658903080392 703.0 2643.0 2.615209988649262 6912.0
10 10000000.0 0.19548098060494754 720.0 2714.0 2.588430361090641 7025.0
