 time crystallinity "clusters w/ >= 2 members" "   independent clusters" "mean size cryst domains" "crystalline grid elements" "total volume"
0 0.0 0.0005565294821493168 1.0 20.0 1.0 20.0 302445.6141091579
1 1200000.0 0.012855831037649219 42.0 345.0 1.3391304347826087 462.0 301017.3555074092
2 2400000.0 0.04546845869159919 162.0 773.0 2.1138421733505823 1634.0 299831.6832528528
3 3600000.0 0.10176141581100259 277.0 986.0 3.708924949290061 3657.0 297927.42912313144
4 4800000.0 0.15577260205359378 333.0 982.0 5.70061099796334 5598.0 296006.0583974901
5 6000000.0 0.2010462754264407 336.0 1009.0 7.160555004955401 7225.0 294681.17628820083
6 7200000.0 0.23466065614825946 335.0 963.0 8.757009345794392 8433.0 293544.99322349025
7 8400000.0 0.258229679717283 319.0 900.0 10.311111111111112 9280.0 292898.73322191654
8 9600000.0 0.27645602025767313 290.0 827.0 12.01330108827086 9935.0 292221.39715679316
9 10800000.0 0.29390321952305426 289.0 808.0 13.071782178217822 10562.0 291811.0613900507
10 12000000.0 0.3055903386481899 278.0 782.0 14.043478260869565 10982.0 291452.0014711614
11 13200000.0 0.31507916631883576 260.0 763.0 14.840104849279161 11323.0 291081.63079321117
12 14400000.0 0.3226757937501739 279.0 778.0 14.904884318766067 11596.0 290913.12351793406
13 15600000.0 0.327517600244873 246.0 744.0 15.81989247311828 11770.0 290698.3948358485
14 16800000.0 0.3328602832735064 221.0 702.0 17.03988603988604 11962.0 290518.052108883
15 18000000.0 0.33875949578428916 242.0 729.0 16.699588477366255 12174.0 290461.17276272026
16 19200000.0 0.3435178228566658 243.0 743.0 16.61507402422611 12345.0 290247.6203181876
17 20400000.0 0.3485822411442246 233.0 744.0 16.837365591397848 12527.0 290160.6294641568
18 21600000.0 0.3520883768817653 257.0 723.0 17.50069156293223 12653.0 289966.16548606975
19 22800000.0 0.3524501210451624 239.0 721.0 17.56726768377254 12666.0 289959.2032682389
20 24000000.0 0.35773715112558085 242.0 717.0 17.930264993026498 12856.0 289855.4670657031
21 25200000.0 0.3602693602693603 249.0 707.0 18.31258840169731 12947.0 289682.34615432523
22 26400000.0 0.363358098895289 237.0 708.0 18.443502824858758 13058.0 289631.3736990946
23 27600000.0 0.3652781256087041 219.0 685.0 19.163503649635036 13127.0 289582.1082399393
24 28800000.0 0.36614074630603555 229.0 677.0 19.435745937961595 13158.0 289522.69138385134
25 30000000.0 0.36964688204357626 221.0 674.0 19.70919881305638 13284.0 289465.2773499357
26 31200000.0 0.37020341152572556 223.0 665.0 20.006015037593986 13304.0 289471.2967050176
27 32400000.0 0.3693129643542867 229.0 695.0 19.09640287769784 13272.0 289407.25878603244
28 33600000.0 0.37078776748198233 241.0 653.0 20.40581929555896 13325.0 289283.0047330463
29 34800000.0 0.3751565239168545 241.0 686.0 19.653061224489797 13482.0 289226.6653949567
30 36000000.0 0.3770208976820547 232.0 687.0 19.72197962154294 13549.0 289116.3839397658
31 37200000.0 0.3790522302918997 228.0 652.0 20.892638036809817 13622.0 289204.101209032
32 38400000.0 0.38058268636781034 231.0 668.0 20.474550898203592 13677.0 289203.1782181383
33 39600000.0 0.38066616579013274 229.0 676.0 20.236686390532544 13680.0 289117.31565221323
34 40800000.0 0.38041572752316555 219.0 641.0 21.327613104524183 13671.0 289133.3110531261
35 42000000.0 0.380860951108885 220.0 635.0 21.554330708661418 13687.0 289021.6331308679
36 43200000.0 0.3827253248740852 208.0 622.0 22.112540192926044 13754.0 289023.3727359122
37 44400000.0 0.3855079722848318 202.0 638.0 21.71473354231975 13854.0 289002.04664566374
38 45600000.0 0.3878732225839664 201.0 663.0 21.024132730015083 13939.0 288952.3430773042
39 46800000.0 0.38662103124913044 210.0 666.0 20.86186186186186 13894.0 288894.2781463772
40 48000000.0 0.38831844616968586 200.0 671.0 20.7973174366617 13955.0 288873.80820055015
41 49200000.0 0.38670451067145284 207.0 634.0 21.91955835962145 13897.0 288831.0564070844
42 50400000.0 0.3896819434009517 196.0 641.0 21.847113884555384 14004.0 288863.1372722973
43 51600000.0 0.3895428110304143 203.0 616.0 22.725649350649352 13999.0 288831.3140534935
44 52800000.0 0.3926037231822356 201.0 620.0 22.756451612903227 14109.0 288751.0587435096
45 54000000.0 0.3919637142777639 208.0 659.0 21.374810318664643 14086.0 288751.53875132627
46 55200000.0 0.3924089378634833 193.0 671.0 21.016393442622952 14102.0 288789.9079700123
47 56400000.0 0.394718535214403 198.0 619.0 22.915993537964457 14185.0 288722.9863514512
48 57600000.0 0.39352199682778194 200.0 641.0 22.062402496099843 14142.0 288628.83334620134
49 58800000.0 0.3954420235411971 202.0 644.0 22.066770186335404 14211.0 288618.28456448024
50 60000000.0 0.3950246264295851 191.0 623.0 22.786516853932586 14196.0 288593.586274285
51 61200000.0 0.39722291788407493 202.0 621.0 22.987117552334944 14275.0 288578.2996814718
52 62400000.0 0.3965829089796032 196.0 613.0 23.249592169657422 14252.0 288571.02489854756
53 63600000.0 0.3984194562706959 208.0 646.0 22.1640866873065 14318.0 288566.8912714994
54 64800000.0 0.39661073545371067 205.0 626.0 22.768370607028753 14253.0 288625.6619506447
55 66000000.0 0.39875337395998556 197.0 619.0 23.150242326332794 14330.0 288452.93481967517
56 67200000.0 0.3977237944180093 195.0 612.0 23.354575163398692 14293.0 288542.25185298035
57 68400000.0 0.39939338286445725 191.0 605.0 23.72396694214876 14353.0 288507.6932437028
58 69600000.0 0.4008403595180455 198.0 622.0 23.159163987138264 14405.0 288453.9258268304
59 70800000.0 0.4002560035617887 205.0 606.0 23.735973597359735 14384.0 288445.17520533106
60 72000000.0 0.40181428611180675 199.0 637.0 22.668759811616955 14440.0 288403.49856092973
61 73200000.0 0.40003339176892894 186.0 601.0 23.920133111480865 14376.0 288440.73688231996
62 74400000.0 0.4022873361716337 187.0 625.0 23.1312 14457.0 288407.46829955326
63 75600000.0 0.40312213039485767 202.0 583.0 24.849056603773583 14487.0 288396.8092789498
64 76800000.0 0.40362300692879205 183.0 587.0 24.71039182282794 14505.0 288382.198089239
65 78000000.0 0.40337256866182486 186.0 608.0 23.842105263157894 14496.0 288341.8979243347
66 79200000.0 0.40568216601274454 195.0 636.0 22.92295597484277 14579.0 288314.7173228905
67 80400000.0 0.40632217491721623 197.0 617.0 23.66612641815235 14602.0 288274.7254118743
68 81600000.0 0.4049586776859504 201.0 611.0 23.818330605564647 14553.0 288277.35558513494
69 82800000.0 0.4065726131841834 195.0 608.0 24.03125 14611.0 288202.52061137866
70 84000000.0 0.40582129838328185 192.0 592.0 24.635135135135137 14584.0 288292.76417918724
71 85200000.0 0.40935526059493 174.0 573.0 25.673647469458988 14711.0 288249.7415175991
72 86400000.0 0.40779697804491194 184.0 590.0 24.838983050847457 14655.0 288220.6886809765
73 87600000.0 0.4060160837020341 191.0 594.0 24.563973063973062 14591.0 288207.14858336333
74 88800000.0 0.40735175445919247 188.0 621.0 23.573268921095007 14639.0 288112.06809620355
75 90000000.0 0.4092717811726076 187.0 601.0 24.472545757071547 14708.0 288214.39902819536
76 91200000.0 0.4104404930851212 199.0 604.0 24.420529801324502 14750.0 288116.71803228225
77 92400000.0 0.4109413696190556 191.0 630.0 23.44126984126984 14768.0 288169.20850720175
78 93600000.0 0.4108300637226257 184.0 613.0 24.08482871125612 14764.0 288137.4793943577
79 94800000.0 0.40751871330383727 197.0 567.0 25.828924162257497 14645.0 288198.75484897697
80 96000000.0 0.4113309402565601 198.0 614.0 24.074918566775246 14782.0 288095.4863037954
81 97200000.0 0.4114978991012049 195.0 622.0 23.774919614147908 14788.0 288146.6976029012
82 98400000.0 0.41188746973870943 188.0 627.0 23.607655502392344 14802.0 288177.6336335765
83 99600000.0 0.41144224615298997 195.0 600.0 24.643333333333334 14786.0 288110.6232133447
84 100800000.0 0.4106909313520884 180.0 584.0 25.272260273972602 14759.0 288124.4279403573
85 102000000.0 0.41166485794584967 179.0 584.0 25.33219178082192 14794.0 288076.3348900319
86 103200000.0 0.41383532292623204 198.0 581.0 25.59724612736661 14872.0 288051.67181960994
87 104400000.0 0.4131118345994379 187.0 607.0 24.457990115321252 14846.0 288058.5159797718
88 105600000.0 0.41386314940033947 189.0 611.0 24.342062193126022 14873.0 288078.7952015577
89 106800000.0 0.4147257700976709 183.0 603.0 24.71641791044776 14904.0 287977.87334311934
90 108000000.0 0.4126944374878259 194.0 593.0 25.010118043844855 14831.0 288086.6392112101
91 109200000.0 0.41364053760747976 177.0 595.0 24.983193277310924 14865.0 288062.68087346025
92 110400000.0 0.4151709936833904 178.0 578.0 25.813148788927336 14920.0 288037.5374825616
93 111600000.0 0.41611709380304424 195.0 599.0 24.964941569282136 14954.0 288033.17145800113
94 112800000.0 0.4147535965717784 184.0 583.0 25.566037735849058 14905.0 288071.8584485988
95 114000000.0 0.4151153407351754 192.0 584.0 25.544520547945204 14918.0 287985.86113667075
96 115200000.0 0.4148927289423157 181.0 555.0 26.864864864864863 14910.0 288045.1370102915
97 116400000.0 0.41583882906196956 178.0 596.0 25.073825503355703 14944.0 287932.2906190456
98 117600000.0 0.4185658235245012 196.0 571.0 26.34325744308231 15042.0 287959.38667253766
99 118800000.0 0.42009627960041185 182.0 558.0 27.055555555555557 15097.0 287975.4014091131
100 120000000.0 0.4190388735843281 184.0 577.0 26.098786828422877 15059.0 287979.9249711124
101 121200000.0 0.41812059993878176 177.0 582.0 25.81786941580756 15026.0 287944.9552351444
102 122400000.0 0.4196232295405849 175.0 590.0 25.559322033898304 15080.0 287968.3257226736
103 123600000.0 0.4175918969307399 186.0 559.0 26.846153846153847 15007.0 288019.63824334095
104 124800000.0 0.4209589002977433 193.0 573.0 26.401396160558463 15128.0 287809.8190843968
105 126000000.0 0.4213206444611403 183.0 572.0 26.47027972027972 15141.0 287878.07064926525
106 127200000.0 0.42037454434148647 181.0 599.0 25.220367278797998 15107.0 287900.04516583006
107 128400000.0 0.41859364999860865 180.0 557.0 27.00718132854578 15043.0 287863.8100709943
108 129600000.0 0.4216545621504299 175.0 573.0 26.445026178010473 15153.0 287837.7296785741
109 130800000.0 0.4228232740629435 189.0 575.0 26.42608695652174 15195.0 287859.0289610965
110 132000000.0 0.4212928179870329 191.0 602.0 25.14950166112957 15140.0 287887.3338195686
111 133200000.0 0.42037454434148647 185.0 572.0 26.41083916083916 15107.0 287818.72293733
112 134400000.0 0.42079194145309845 187.0 583.0 25.938250428816467 15122.0 287776.44113677
113 135600000.0 0.42051367671202383 189.0 592.0 25.527027027027028 15112.0 287792.5136357157
114 136800000.0 0.42204413278793446 184.0 605.0 25.069421487603307 15167.0 287794.7389812961
115 138000000.0 0.4208754208754209 182.0 569.0 26.581722319859402 15125.0 287834.5008263174
116 139200000.0 0.4212928179870329 192.0 553.0 27.377938517179025 15140.0 287779.8433743568
117 140400000.0 0.421598909202215 171.0 522.0 29.02490421455939 15151.0 287786.0218531503
118 141600000.0 0.42257283579597626 187.0 559.0 27.166368515205725 15186.0 287739.7333505674
119 142800000.0 0.424047638923672 183.0 577.0 26.410745233968804 15239.0 287786.0932592658
120 144000000.0 0.4234911094415227 177.0 578.0 26.330449826989618 15219.0 287824.85441578465
121 145200000.0 0.4234632829674152 175.0 561.0 27.126559714795007 15218.0 287773.6535438876
122 146400000.0 0.4229624064334808 191.0 560.0 27.142857142857142 15200.0 287768.6942011237
123 147600000.0 0.42240587695133147 176.0 560.0 27.107142857142858 15180.0 287700.9023173183
124 148800000.0 0.42440938308706905 184.0 576.0 26.479166666666668 15252.0 287739.30156673596
125 150000000.0 0.4237693741825973 173.0 569.0 26.764499121265377 15229.0 287791.0005916213
126 151200000.0 0.4244372095611765 172.0 545.0 27.98715596330275 15253.0 287747.2719861003
127 152400000.0 0.42438155661296156 165.0 548.0 27.830291970802918 15251.0 287756.98318212683
128 153600000.0 0.4242702507165317 185.0 567.0 26.890652557319225 15247.0 287704.75946143985
129 154800000.0 0.4259120126888722 182.0 569.0 26.899824253075572 15306.0 287700.16525172786
130 156000000.0 0.4238528536049197 179.0 550.0 27.694545454545455 15232.0 287683.564093827
131 157200000.0 0.42271196816651363 176.0 562.0 27.030249110320284 15191.0 287744.33729799965
132 158400000.0 0.4254111361549378 161.0 575.0 26.58782608695652 15288.0 287717.98422742594
133 159600000.0 0.4261624509558394 184.0 578.0 26.496539792387544 15315.0 287705.71614030807
134 160800000.0 0.4238528536049197 190.0 581.0 26.216867469879517 15232.0 287695.333277622
135 162000000.0 0.4258563597406573 192.0 587.0 26.07155025553663 15304.0 287686.9957943201
136 163200000.0 0.42708072460138574 170.0 566.0 27.11660777385159 15348.0 287636.2502028546
137 164400000.0 0.4256059214736901 177.0 562.0 27.215302491103202 15295.0 287680.05917344487
138 165600000.0 0.42438155661296156 164.0 540.0 28.242592592592594 15251.0 287669.333657156
139 166800000.0 0.4261346244817319 179.0 548.0 27.945255474452555 15314.0 287704.31466293114
140 168000000.0 0.42702507165317083 183.0 613.0 25.034257748776508 15346.0 287662.86330707575
141 169200000.0 0.4257728803183349 173.0 565.0 27.08141592920354 15301.0 287632.8333354801
142 170400000.0 0.4268024598603111 189.0 596.0 25.73489932885906 15338.0 287684.86850814824
143 171600000.0 0.4275816011353201 177.0 528.0 29.102272727272727 15366.0 287612.83541849424
144 172800000.0 0.4262459303781618 182.0 544.0 28.158088235294116 15318.0 287592.69181862514
145 174000000.0 0.42813813061746947 179.0 579.0 26.573402417962004 15386.0 287685.1124967963
146 175200000.0 0.4294181484264129 177.0 560.0 27.557142857142857 15432.0 287539.1871999903
147 176400000.0 0.4296407602192726 175.0 543.0 28.43462246777164 15440.0 287612.9398031241
148 177600000.0 0.4277485599799649 175.0 571.0 26.92119089316988 15372.0 287746.6872137562
149 178800000.0 0.42902857778890835 170.0 567.0 27.192239858906525 15418.0 287541.1661691769
150 180000000.0 0.4296964131674875 174.0 552.0 27.97463768115942 15442.0 287662.3707212231
151 181200000.0 0.42855552772908145 165.0 525.0 29.335238095238097 15401.0 287584.2010728417
152 182400000.0 0.4281659570915769 178.0 528.0 29.142045454545453 15387.0 287557.49583563575
153 183600000.0 0.4304755544424966 174.0 570.0 27.140350877192983 15470.0 287614.1832962077
154 184800000.0 0.42872248657372625 169.0 538.0 28.63754646840149 15407.0 287550.94359928137
155 186000000.0 0.4298633720121323 178.0 550.0 28.087272727272726 15448.0 287587.5280310585
156 187200000.0 0.42913988368533823 168.0 576.0 26.774305555555557 15422.0 287622.31240326556
157 188400000.0 0.4303085955978518 171.0 548.0 28.21897810218978 15464.0 287557.38345903985
158 189600000.0 0.43044772796838915 169.0 541.0 28.593345656192238 15469.0 287517.9243335674
159 190800000.0 0.43125469571750563 176.0 552.0 28.07608695652174 15498.0 287529.7408463687
160 192000000.0 0.43061468681303394 164.0 518.0 29.874517374517374 15475.0 287535.31929626485
161 193200000.0 0.428558349609375 169.0 519.0 27.057803468208093 14043.0 287489.68750553357
