0 0.0005565294821493168
1200000 0.012855831037649219
2400000 0.04546845869159919
3600000 0.10176141581100259
4800000 0.15577260205359378
6000000 0.2010462754264407
7200000 0.23466065614825946
8400000 0.258229679717283
9600000 0.27645602025767313
10800000 0.29390321952305426
12000000 0.3055903386481899
13200000 0.31507916631883576
14400000 0.3226757937501739
15600000 0.327517600244873
16800000 0.3328602832735064
18000000 0.33875949578428916
19200000 0.3435178228566658
20400000 0.3485822411442246
21600000 0.3520883768817653
22800000 0.3524501210451624
24000000 0.35773715112558085
25200000 0.3602693602693603
26400000 0.363358098895289
27600000 0.3652781256087041
28800000 0.36614074630603555
30000000 0.36964688204357626
31200000 0.37020341152572556
32400000 0.3693129643542867
33600000 0.37078776748198233
34800000 0.3751565239168545
36000000 0.3770208976820547
37200000 0.3790522302918997
38400000 0.38058268636781034
39600000 0.38066616579013274
40800000 0.38041572752316555
42000000 0.380860951108885
43200000 0.3827253248740852
44400000 0.3855079722848318
45600000 0.3878732225839664
46800000 0.38662103124913044
48000000 0.38831844616968586
49200000 0.38670451067145284
50400000 0.3896819434009517
51600000 0.3895428110304143
52800000 0.3926037231822356
54000000 0.3919637142777639
55200000 0.3924089378634833
56400000 0.394718535214403
57600000 0.39352199682778194
58800000 0.3954420235411971
60000000 0.3950246264295851
61200000 0.39722291788407493
62400000 0.3965829089796032
63600000 0.3984194562706959
64800000 0.39661073545371067
66000000 0.39875337395998556
67200000 0.3977237944180093
68400000 0.39939338286445725
69600000 0.4008403595180455
70800000 0.4002560035617887
72000000 0.40181428611180675
73200000 0.40003339176892894
74400000 0.4022873361716337
75600000 0.40312213039485767
76800000 0.40362300692879205
78000000 0.40337256866182486
79200000 0.40568216601274454
80400000 0.40632217491721623
81600000 0.4049586776859504
82800000 0.4065726131841834
84000000 0.40582129838328185
85200000 0.40935526059493
86400000 0.40779697804491194
87600000 0.4060160837020341
88800000 0.40735175445919247
90000000 0.4092717811726076
91200000 0.4104404930851212
92400000 0.4109413696190556
93600000 0.4108300637226257
94800000 0.40751871330383727
96000000 0.4113309402565601
97200000 0.4114978991012049
98400000 0.41188746973870943
99600000 0.41144224615298997
100800000 0.4106909313520884
102000000 0.41166485794584967
103200000 0.41383532292623204
104400000 0.4131118345994379
105600000 0.41386314940033947
106800000 0.4147257700976709
108000000 0.4126944374878259
109200000 0.41364053760747976
110400000 0.4151709936833904
111600000 0.41611709380304424
112800000 0.4147535965717784
114000000 0.4151153407351754
115200000 0.4148927289423157
116400000 0.41583882906196956
117600000 0.4185658235245012
118800000 0.42009627960041185
120000000 0.4190388735843281
121200000 0.41812059993878176
122400000 0.4196232295405849
123600000 0.4175918969307399
124800000 0.4209589002977433
126000000 0.4213206444611403
127200000 0.42037454434148647
128400000 0.41859364999860865
129600000 0.4216545621504299
130800000 0.4228232740629435
132000000 0.4212928179870329
133200000 0.42037454434148647
134400000 0.42079194145309845
135600000 0.42051367671202383
136800000 0.42204413278793446
138000000 0.4208754208754209
139200000 0.4212928179870329
140400000 0.421598909202215
141600000 0.42257283579597626
142800000 0.424047638923672
144000000 0.4234911094415227
145200000 0.4234632829674152
146400000 0.4229624064334808
147600000 0.42240587695133147
148800000 0.42440938308706905
150000000 0.4237693741825973
151200000 0.4244372095611765
152400000 0.42438155661296156
153600000 0.4242702507165317
154800000 0.4259120126888722
156000000 0.4238528536049197
157200000 0.42271196816651363
158400000 0.4254111361549378
159600000 0.4261624509558394
160800000 0.4238528536049197
162000000 0.4258563597406573
163200000 0.42708072460138574
164400000 0.4256059214736901
165600000 0.42438155661296156
166800000 0.4261346244817319
168000000 0.42702507165317083
169200000 0.4257728803183349
170400000 0.4268024598603111
171600000 0.4275816011353201
172800000 0.4262459303781618
174000000 0.42813813061746947
175200000 0.4294181484264129
176400000 0.4296407602192726
