,time,b_0,persistence_length,persistence_length_err
0,0.0,0.4967650771141052,1.9678421113937643,0.061005619867726735
1,1200000.0,0.49682581424713135,2.1901603508388447,0.07278053488155158
2,2400000.0,0.4968689978122711,2.333449116543794,0.08184303654636461
3,3600000.0,0.4969700872898102,2.5118637064823934,0.10087641823829971
4,4800000.0,0.4970078468322754,2.6881157962296127,0.12570186946487755
5,6000000.0,0.497003972530365,2.8225789755522035,0.1484846634703752
6,7200000.0,0.49706965684890747,2.933969687173298,0.16966892466480024
7,8400000.0,0.4970816373825073,3.0017918207430356,0.18543666001949805
8,9600000.0,0.4970879852771759,3.0565829511717784,0.1975385692799586
9,10800000.0,0.4970622956752777,3.1039177690248514,0.20956057368136824
10,12000000.0,0.4971146285533905,3.138680597861577,0.2175420010798822
11,13200000.0,0.49711209535598755,3.1667629914530147,0.22559074576651503
12,14400000.0,0.4970846474170685,3.1893454457434207,0.22979393345489166
13,15600000.0,0.49714699387550354,3.2155656347146495,0.23656145765779085
14,16800000.0,0.49713385105133057,3.2336722429331495,0.24066465645123555
15,18000000.0,0.4971103072166443,3.2466696323688073,0.2440387482631378
16,19200000.0,0.49715349078178406,3.2600080366582507,0.24733572673519827
17,20400000.0,0.49714523553848267,3.271018051638059,0.2522246974568642
18,21600000.0,0.49712997674942017,3.2856842922715597,0.2547938573119042
19,22800000.0,0.4971356689929962,3.2944669072705324,0.25756264010062696
20,24000000.0,0.49713361263275146,3.308342915494978,0.25948500670446145
21,25200000.0,0.4971342384815216,3.3144577980413263,0.26102528840999367
22,26400000.0,0.4971575140953064,3.319690410953326,0.2633240865718839
23,27600000.0,0.4971449375152588,3.3241739736406464,0.26442820374195986
24,28800000.0,0.4971407949924469,3.3329869349023116,0.2662998271903743
25,30000000.0,0.49715396761894226,3.3421862686405306,0.2662400401996952
26,31200000.0,0.4971608519554138,3.3471795885045057,0.2689222946853623
27,32400000.0,0.4971415400505066,3.3559879085106266,0.2703227000041232
28,33600000.0,0.4971376061439514,3.3600591842354075,0.2719829497989007
29,34800000.0,0.4971504211425781,3.3661520952598725,0.27399056311303266
30,36000000.0,0.4971546530723572,3.370332775336117,0.27440793540929825
31,37200000.0,0.4971388280391693,3.3758029826044917,0.27500732923797117
32,38400000.0,0.49715325236320496,3.376358005628705,0.27539943589783816
33,39600000.0,0.49713173508644104,3.383375179306513,0.2772896832003155
34,40800000.0,0.49716830253601074,3.38779709928342,0.2771037896809995
35,42000000.0,0.49716347455978394,3.3913609403819707,0.27959456001621485
36,43200000.0,0.49714207649230957,3.3946498274658214,0.27973970622587513
37,44400000.0,0.49715539813041687,3.399201618315242,0.28146006198446927
38,45600000.0,0.49716484546661377,3.40269318286613,0.2816870020284481
39,46800000.0,0.49714744091033936,3.4036226612302367,0.28185449722762684
40,48000000.0,0.49715277552604675,3.408379538880548,0.28449315703006867
41,49200000.0,0.4971641004085541,3.4086351260900978,0.28563045701673434
42,50400000.0,0.497174471616745,3.4170017015303014,0.2856156377025941
43,51600000.0,0.4971415400505066,3.42124351149799,0.2868792776442439
44,52800000.0,0.49717816710472107,3.4237384858413993,0.28767693257096844
45,54000000.0,0.4971567690372467,3.4274858442466356,0.2878414268312496
46,55200000.0,0.4971482753753662,3.4275843127939405,0.28830752129054427
47,56400000.0,0.4971284568309784,3.4320035811443415,0.2917988894865956
48,57600000.0,0.4971531331539154,3.4298568351546086,0.2918245008265518
49,58800000.0,0.497134804725647,3.432315332126256,0.29163554635949124
50,60000000.0,0.49719542264938354,3.4345101569079097,0.29215092055903513
51,61200000.0,0.4971569776535034,3.4421293535481534,0.29335794237318685
52,62400000.0,0.49715089797973633,3.4378078830275265,0.2931074691772479
53,63600000.0,0.4971339702606201,3.4421052151005473,0.2947537506584857
54,64800000.0,0.4971504211425781,3.4448404634265772,0.2950185600579534
55,66000000.0,0.49717602133750916,3.446830741133731,0.2959377949069957
56,67200000.0,0.49715283513069153,3.44998140037003,0.2968720347493456
57,68400000.0,0.49716079235076904,3.453996621811032,0.29780902016115174
58,69600000.0,0.4971475601196289,3.455780556055408,0.2998139195732849
59,70800000.0,0.497160941362381,3.458753335946093,0.298199119671979
60,72000000.0,0.4971197247505188,3.4572881068086243,0.29890465622958884
61,73200000.0,0.49715283513069153,3.4615933381350468,0.2999738269943886
62,74400000.0,0.49714699387550354,3.4639345106052857,0.2998140799413599
63,75600000.0,0.4971345067024231,3.4620185273380835,0.2984325691910123
64,76800000.0,0.49714505672454834,3.465007973867844,0.2993408765628317
65,78000000.0,0.49713340401649475,3.464566108080795,0.30038912030789544
66,79200000.0,0.4971591830253601,3.4664651404465037,0.3011974697393394
67,80400000.0,0.49715307354927063,3.473598663004664,0.3008249760270331
68,81600000.0,0.49713408946990967,3.470372211601636,0.30167197647160454
69,82800000.0,0.497173547744751,3.4691433021375455,0.30141986691476524
70,84000000.0,0.4971622824668884,3.4712420076324277,0.30188471064368055
71,85200000.0,0.49716606736183167,3.476634748326088,0.30175874770584393
72,86400000.0,0.4971616268157959,3.479788307424034,0.3040033795557977
73,87600000.0,0.4972098469734192,3.4787485498136608,0.3047641464745992
74,88800000.0,0.497170090675354,3.4816211223885105,0.30609102318332226
75,90000000.0,0.4971667230129242,3.482409552452487,0.3066145433021265
76,91200000.0,0.49716880917549133,3.482747162850583,0.3060718296917648
77,92400000.0,0.497212678194046,3.485638342258594,0.30625610702594774
78,93600000.0,0.4971875846385956,3.487442707927695,0.30640099851728314
79,94800000.0,0.49713748693466187,3.487117634191792,0.3054766114260831
80,96000000.0,0.49717941880226135,3.4901592864669047,0.306835579194712
81,97200000.0,0.4971604645252228,3.492291897177128,0.3070514289074057
82,98400000.0,0.49717164039611816,3.491962991209164,0.30686293554192856
83,99600000.0,0.4972006380558014,3.492242462136625,0.3072423718670449
84,100800000.0,0.4971775412559509,3.49562134439826,0.3080618082109125
85,102000000.0,0.4972054362297058,3.4960563891220526,0.3087054251051508
86,103200000.0,0.4971652328968048,3.4968018662685494,0.3097026744829444
87,104400000.0,0.49717381596565247,3.5038235555955906,0.309825105899282
88,105600000.0,0.4971591830253601,3.5062064136436333,0.3109940419937305
89,106800000.0,0.4971770644187927,3.5087242142997632,0.3114804217986236
90,108000000.0,0.4971607029438019,3.5026696900090952,0.3104924330243126
91,109200000.0,0.49720656871795654,3.506245482453071,0.3116723130848336
92,110400000.0,0.497151255607605,3.504347564530448,0.3113916919691148
93,111600000.0,0.4971950352191925,3.508999511542202,0.31229067845042907
94,112800000.0,0.4971312880516052,3.5095552315165115,0.3122487476023215
95,114000000.0,0.4971657991409302,3.5104343815573062,0.31158014122371525
96,115200000.0,0.4971674680709839,3.5127053845153413,0.3129383612202939
97,116400000.0,0.49718979001045227,3.513612764720656,0.31235061555535965
98,117600000.0,0.49716609716415405,3.5153978838877955,0.3129720970557612
99,118800000.0,0.4971761405467987,3.517380834134814,0.3124611744182492
100,120000000.0,0.4971797466278076,3.5157001889719997,0.31366438015579445
101,121200000.0,0.49718886613845825,3.5150932135676163,0.3139514988675551
102,122400000.0,0.4971766769886017,3.5160503866151167,0.3146918187375384
103,123600000.0,0.4971581995487213,3.513551740689732,0.31261172128811526
104,124800000.0,0.49718067049980164,3.518643612305042,0.3146665161365457
105,126000000.0,0.49717479944229126,3.5114406346794933,0.3142118407034035
106,127200000.0,0.49720850586891174,3.5165089208751583,0.3160725946091246
107,128400000.0,0.4971727728843689,3.516309124044044,0.31612156410871617
108,129600000.0,0.4971700608730316,3.517783284355171,0.3158495941583145
109,130800000.0,0.4971727728843689,3.5188696316023718,0.31739333566989575
110,132000000.0,0.4971960484981537,3.522733703860561,0.31787765296345494
111,133200000.0,0.4971986413002014,3.520270112024811,0.3189340906944202
112,134400000.0,0.4971773624420166,3.520070297846208,0.3178108266240386
113,135600000.0,0.49718084931373596,3.5204233404469654,0.3176631702347245
114,136800000.0,0.49718964099884033,3.523854611087861,0.31816579282463653
115,138000000.0,0.4971628189086914,3.523082840831953,0.31671401671545424
116,139200000.0,0.49716851115226746,3.5248195856069064,0.31844040921472055
117,140400000.0,0.49720656871795654,3.5267462544884456,0.3183729062722964
118,141600000.0,0.4971725642681122,3.5262350954499926,0.3177011621536686
119,142800000.0,0.49716609716415405,3.5297011561915164,0.31841790807984377
120,144000000.0,0.49716198444366455,3.5278802611169913,0.3199796900839292
121,145200000.0,0.49719002842903137,3.527475045441153,0.31905890992910374
122,146400000.0,0.4971686601638794,3.5243564777241456,0.31880778006002825
123,147600000.0,0.4971882998943329,3.527499787404614,0.3196137521217826
124,148800000.0,0.4971974492073059,3.5296301317530396,0.32008385301880865
125,150000000.0,0.4971592128276825,3.5299530968130544,0.31898327390289344
126,151200000.0,0.4972132444381714,3.532922399139357,0.32044427595061586
127,152400000.0,0.49717995524406433,3.5347109299241097,0.32045855476691226
128,153600000.0,0.49718421697616577,3.5361736780357202,0.321575762898414
129,154800000.0,0.49716874957084656,3.5361198288516484,0.32108824796533225
130,156000000.0,0.49717387557029724,3.5385978843083072,0.3206138181258384
131,157200000.0,0.497171550989151,3.5347317870968418,0.32029546208215115
132,158400000.0,0.4971497058868408,3.5386354982149135,0.3217415156274626
133,159600000.0,0.49717456102371216,3.5419414567852394,0.3203337878078893
134,160800000.0,0.4971615970134735,3.5433010496774715,0.3205305298636511
135,162000000.0,0.49720919132232666,3.5473461537135593,0.3212627634768572
136,163200000.0,0.4972139000892639,3.54643989328796,0.32255281169868333
137,164400000.0,0.49717605113983154,3.5471287553290054,0.32263480297427594
138,165600000.0,0.4971533417701721,3.5449344829953673,0.3237634310069309
139,166800000.0,0.4971315264701843,3.545261788188224,0.3228641096911839
140,168000000.0,0.49718356132507324,3.5497826545108566,0.3242192431636702
141,169200000.0,0.4971272647380829,3.5538538603113317,0.32391512541414696
142,170400000.0,0.4971836507320404,3.551561156720098,0.3246678716057814
143,171600000.0,0.4972028136253357,3.547969177193669,0.3247096545048698
144,172800000.0,0.49718189239501953,3.551290417494475,0.3251300772958604
145,174000000.0,0.4971660077571869,3.5515155639046214,0.32522550014953533
146,175200000.0,0.4972127079963684,3.5535772647613832,0.32603502054500455
147,176400000.0,0.4971857964992523,3.5552237934130817,0.32585299029375014
148,177600000.0,0.4971677362918854,3.5601304045262423,0.32731073018300544
149,178800000.0,0.49716535210609436,3.5559362827667074,0.32815350832357465
150,180000000.0,0.49718692898750305,3.560257895776561,0.32840835132173646
151,181200000.0,0.49715694785118103,3.554358843377412,0.32718977089867834
152,182400000.0,0.4971603751182556,3.5582875788021338,0.327873784045458
153,183600000.0,0.4971737861633301,3.5583994415879627,0.3272814228872204
154,184800000.0,0.4971741735935211,3.5623253584398125,0.3281929257896389
155,186000000.0,0.4971711039543152,3.5626093978402853,0.328552824281889
156,187200000.0,0.49716171622276306,3.5659083142089987,0.3277001487596339
157,188400000.0,0.4971633553504944,3.564237771030637,0.32887376122578454
158,189600000.0,0.4971758723258972,3.564607252129279,0.3282351400028758
159,190800000.0,0.4971754550933838,3.5641468691377525,0.3280428826455085
160,192000000.0,0.4971889853477478,3.565711689763715,0.32925508018809224
161,193200000.0,0.4971587061882019,3.5656685737547855,0.32889274932647544
