 time crystallinity "clusters w/ >= 2 members" "   independent clusters" "mean size cryst domains" "crystalline grid elements"
0 0.0 0.0006956618526866461 1.0 25.0 1.0 25.0
1 1200000.0 0.030163897932492974 166.0 598.0 1.8127090301003344 1084.0
2 2400000.0 0.10165010991457273 355.0 884.0 4.132352941176471 3653.0
3 3600000.0 0.17872944319225312 378.0 805.0 7.97888198757764 6423.0
4 4800000.0 0.23538414447505357 338.0 710.0 11.914084507042254 8459.0
5 6000000.0 0.2769290703175001 313.0 621.0 16.025764895330113 9952.0
6 7200000.0 0.30506163564014804 280.0 532.0 20.607142857142858 10963.0
7 8400000.0 0.32568105295378025 269.0 495.0 23.644444444444446 11704.0
8 9600000.0 0.34259954921111946 239.0 469.0 26.251599147121535 12312.0
9 10800000.0 0.35514928903358656 229.0 428.0 29.820093457943926 12763.0
10 12000000.0 0.36561204329799374 207.0 405.0 32.44197530864197 13139.0
11 13200000.0 0.37223474413557056 223.0 405.0 33.02962962962963 13377.0
12 14400000.0 0.38080529816067005 196.0 388.0 35.27061855670103 13685.0
13 15600000.0 0.38676016361966775 199.0 366.0 37.97540983606557 13899.0
14 16800000.0 0.39157414364025933 194.0 372.0 37.82795698924731 14072.0
15 18000000.0 0.39669421487603307 186.0 363.0 39.27272727272727 14256.0
16 19200000.0 0.40384561872165176 174.0 322.0 45.07142857142857 14513.0
17 20400000.0 0.4064056543395386 185.0 332.0 43.99096385542169 14605.0
18 21600000.0 0.41152572557531236 174.0 327.0 45.2262996941896 14789.0
19 22800000.0 0.4151709936833904 170.0 316.0 47.21518987341772 14920.0
20 24000000.0 0.4172301527673429 154.0 318.0 47.15094339622642 14994.0
21 25200000.0 0.421181512090603 151.0 298.0 50.79194630872483 15136.0
22 26400000.0 0.4223223975290091 157.0 312.0 48.64423076923077 15177.0
23 27600000.0 0.4241032918718869 159.0 296.0 51.48986486486486 15241.0
24 28800000.0 0.42741464229067533 150.0 295.0 52.067796610169495 15360.0
25 30000000.0 0.42880596599604864 155.0 294.0 52.414965986394556 15410.0
26 31200000.0 0.43125469571750563 157.0 300.0 51.66 15498.0
27 32400000.0 0.43336950774967303 143.0 279.0 55.82078853046595 15574.0
28 33600000.0 0.43676433759078387 143.0 297.0 52.84848484848485 15696.0
29 34800000.0 0.43751565239168544 140.0 266.0 59.109022556390975 15723.0
30 36000000.0 0.43988090269082003 152.0 280.0 56.457142857142856 15808.0
31 37200000.0 0.44152266466316054 141.0 274.0 57.90875912408759 15867.0
32 38400000.0 0.44363747669532794 146.0 273.0 58.3992673992674 15943.0
33 39600000.0 0.44477836213373406 138.0 246.0 64.97560975609755 15984.0
34 40800000.0 0.44580794167571025 133.0 265.0 60.4566037735849 16021.0
35 42000000.0 0.44795058018198514 136.0 269.0 59.84386617100372 16098.0
36 43200000.0 0.44925842446503605 135.0 250.0 64.58 16145.0
37 44400000.0 0.44998191279183014 128.0 252.0 64.17063492063492 16171.0
38 45600000.0 0.4502601775329048 137.0 263.0 61.52471482889734 16181.0
39 46800000.0 0.45201324540167515 126.0 239.0 67.96652719665272 16244.0
40 48000000.0 0.45184628655703035 128.0 262.0 61.97709923664122 16238.0
41 49200000.0 0.45209672482399754 133.0 255.0 63.713725490196076 16247.0
42 50400000.0 0.4536828338481231 133.0 246.0 66.27642276422765 16304.0
43 51600000.0 0.4572724490079862 129.0 238.0 69.04621848739495 16433.0
44 52800000.0 0.4572724490079862 132.0 260.0 63.20384615384615 16433.0
45 54000000.0 0.45813506970531764 134.0 267.0 61.662921348314605 16464.0
46 55200000.0 0.4587194256615744 131.0 254.0 64.9015748031496 16485.0
47 56400000.0 0.45827420207585495 140.0 245.0 67.2204081632653 16469.0
48 57600000.0 0.45877507860978933 128.0 245.0 67.29387755102042 16487.0
49 58800000.0 0.4589698639285416 125.0 238.0 69.30252100840336 16494.0
50 60000000.0 0.46038901410802235 134.0 250.0 66.18 16545.0
51 61200000.0 0.4618359907616106 131.0 225.0 73.76444444444445 16597.0
52 62400000.0 0.46275426440715695 120.0 210.0 79.19047619047619 16630.0
53 63600000.0 0.4636447115785959 127.0 243.0 68.5679012345679 16662.0
54 64800000.0 0.4646742911205721 119.0 225.0 74.21777777777778 16699.0
55 66000000.0 0.46422906753485266 121.0 221.0 75.48868778280543 16683.0
56 67200000.0 0.46275426440715695 129.0 243.0 68.43621399176955 16630.0
57 68400000.0 0.4660656148259454 123.0 241.0 69.49792531120332 16749.0
58 69600000.0 0.46612126777416035 129.0 229.0 73.14847161572052 16751.0
59 70800000.0 0.465620391240226 124.0 223.0 75.03587443946188 16733.0
60 72000000.0 0.46673345020452456 121.0 231.0 72.6103896103896 16773.0
61 73200000.0 0.4675682444277486 135.0 229.0 73.37554585152839 16803.0
62 74400000.0 0.4677352032723934 118.0 237.0 70.92405063291139 16809.0
63 75600000.0 0.47018393299385036 116.0 225.0 75.09777777777778 16897.0
64 76800000.0 0.4694882711411637 114.0 239.0 70.59414225941423 16872.0
65 78000000.0 0.4707961154242146 119.0 221.0 76.55656108597285 16919.0
66 79200000.0 0.4716030831733311 116.0 227.0 74.66079295154185 16948.0
67 80400000.0 0.4702117594679578 126.0 236.0 71.60169491525424 16898.0
68 81600000.0 0.4712691654840415 122.0 229.0 73.95633187772926 16936.0
69 82800000.0 0.47213178618137297 118.0 223.0 76.08520179372198 16967.0
70 84000000.0 0.47266048918941483 110.0 216.0 78.63888888888889 16986.0
71 85200000.0 0.4738848540501433 114.0 215.0 79.20930232558139 17030.0
72 86400000.0 0.47246570387066256 103.0 207.0 82.02415458937197 16979.0
73 87600000.0 0.47483095416979715 110.0 216.0 79.0 17064.0
74 88800000.0 0.47471964827336727 113.0 228.0 74.82456140350877 17060.0
75 90000000.0 0.4758605337117734 126.0 225.0 76.00444444444445 17101.0
76 91200000.0 0.47563792191891363 106.0 204.0 83.78921568627452 17093.0
77 92400000.0 0.4736622422572836 122.0 224.0 75.99107142857143 17022.0
78 93600000.0 0.47555444249659123 112.0 202.0 84.60396039603961 17090.0
79 94800000.0 0.47908840470823943 118.0 221.0 77.90497737556561 17217.0
80 96000000.0 0.4772240309430392 113.0 222.0 77.25225225225225 17150.0
81 97200000.0 0.47855970170019757 113.0 218.0 78.88990825688073 17198.0
82 98400000.0 0.47775273395108103 110.0 215.0 79.85581395348837 17169.0
83 99600000.0 0.4801458107243231 126.0 239.0 72.19665271966527 17255.0
84 100800000.0 0.48134234911094415 115.0 233.0 74.24034334763948 17298.0
85 102000000.0 0.48100843142165456 112.0 209.0 82.70813397129187 17286.0
86 103200000.0 0.48095277847343965 105.0 219.0 78.92237442922375 17284.0
87 104400000.0 0.48092495199933216 106.0 212.0 81.52358490566037 17283.0
88 105600000.0 0.4837632523582937 105.0 209.0 83.18181818181819 17385.0
89 106800000.0 0.4798675459832485 118.0 230.0 74.97826086956522 17245.0
90 108000000.0 0.4835128140913265 116.0 201.0 86.44776119402985 17376.0
91 109200000.0 0.4828449787127473 115.0 215.0 80.70697674418605 17352.0
92 110400000.0 0.4839580376770459 105.0 217.0 80.14746543778801 17392.0
93 111600000.0 0.48298411108328465 99.0 194.0 89.46907216494846 17357.0
94 112800000.0 0.484319781840443 112.0 200.0 87.025 17405.0
95 114000000.0 0.48468152600384007 106.0 216.0 80.63888888888889 17418.0
96 115200000.0 0.48529370843420433 107.0 219.0 79.63470319634703 17440.0
97 116400000.0 0.4842919553663355 113.0 210.0 82.87619047619047 17404.0
98 117600000.0 0.485933717338676 103.0 222.0 78.66216216216216 17463.0
99 118800000.0 0.48498761721902217 100.0 215.0 81.06511627906977 17429.0
100 120000000.0 0.4862954615020731 110.0 208.0 84.01923076923077 17476.0
101 121200000.0 0.4849041377966998 114.0 208.0 83.77884615384616 17426.0
102 122400000.0 0.4869076439324373 102.0 211.0 82.92890995260663 17498.0
103 123600000.0 0.4857945849681387 106.0 223.0 78.28699551569507 17458.0
104 124800000.0 0.4878259175779837 100.0 209.0 83.88038277511961 17531.0
105 126000000.0 0.48729721456994185 114.0 216.0 81.07407407407408 17512.0
106 127200000.0 0.48999638255836603 113.0 202.0 87.17326732673267 17609.0
107 128400000.0 0.4870189498288672 106.0 198.0 88.39393939393939 17502.0
108 129600000.0 0.48763113225923144 106.0 197.0 88.95431472081218 17524.0
109 130800000.0 0.48768678520744635 104.0 203.0 86.33497536945812 17526.0
110 132000000.0 0.4887163647494226 97.0 200.0 87.815 17563.0
111 133200000.0 0.4905250855664079 91.0 185.0 95.28648648648648 17628.0
112 134400000.0 0.4889668030163898 105.0 206.0 85.30097087378641 17572.0
113 135600000.0 0.48999638255836603 109.0 200.0 88.045 17609.0
114 136800000.0 0.48971811781729135 101.0 193.0 91.18652849740933 17599.0
115 138000000.0 0.49113726799677215 104.0 201.0 87.81094527363184 17650.0
116 139200000.0 0.49138770626373934 106.0 212.0 83.29716981132076 17659.0
117 140400000.0 0.49127640036730946 103.0 208.0 84.8798076923077 17655.0
118 141600000.0 0.4920555416423185 104.0 214.0 82.63084112149532 17683.0
119 142800000.0 0.49208336811642595 107.0 188.0 94.06382978723404 17684.0
120 144000000.0 0.49138770626373934 102.0 191.0 92.45549738219896 17659.0
121 145200000.0 0.49225032696107074 104.0 188.0 94.09574468085107 17690.0
122 146400000.0 0.491248573893202 101.0 197.0 89.61421319796955 17654.0
123 147600000.0 0.49147118568606174 106.0 202.0 87.43564356435644 17662.0
124 148800000.0 0.4930294682360798 103.0 185.0 95.77297297297298 17718.0
125 150000000.0 0.49166597100481396 95.0 188.0 93.98404255319149 17669.0
126 151200000.0 0.4945877507860979 100.0 176.0 100.98863636363636 17774.0
127 152400000.0 0.49216684753874834 103.0 182.0 97.18131868131869 17687.0
128 153600000.0 0.4931129476584022 98.0 183.0 96.8360655737705 17721.0
129 154800000.0 0.49325208002893955 100.0 167.0 106.1437125748503 17726.0
130 156000000.0 0.49300164176197236 101.0 188.0 94.23936170212765 17717.0
131 157200000.0 0.49536689206110696 93.0 185.0 96.22702702702702 17802.0
132 158400000.0 0.4950051478977099 109.0 194.0 91.69587628865979 17789.0
133 159600000.0 0.4944207919414531 100.0 180.0 98.71111111111111 17768.0
134 160800000.0 0.49283468291732757 102.0 188.0 94.20744680851064 17711.0
135 162000000.0 0.49436513899323814 101.0 209.0 85.00478468899522 17766.0
136 163200000.0 0.4950886273200323 115.0 221.0 80.50678733031674 17792.0
137 164400000.0 0.49378078303698136 101.0 190.0 93.39473684210526 17745.0
138 165600000.0 0.49375295656287393 105.0 200.0 88.72 17744.0
139 166800000.0 0.49642429807719063 108.0 189.0 94.39153439153439 17840.0
140 168000000.0 0.49597907449147116 103.0 195.0 91.40512820512821 17824.0
141 169200000.0 0.4950608008459248 110.0 192.0 92.66145833333333 17791.0
142 170400000.0 0.49614603333611595 103.0 202.0 88.26732673267327 17830.0
143 171600000.0 0.4935303447700142 110.0 192.0 92.375 17736.0
144 172800000.0 0.49714778640398477 106.0 199.0 89.77889447236181 17866.0
145 174000000.0 0.4968138687146952 104.0 202.0 88.38613861386139 17854.0
146 175200000.0 0.4973703981968445 103.0 193.0 92.61139896373057 17874.0
147 176400000.0 0.49533906558699947 108.0 194.0 91.75773195876289 17801.0
148 177600000.0 0.4972869187745221 97.0 186.0 96.08064516129032 17871.0
149 178800000.0 0.49592342154325625 106.0 196.0 90.92857142857143 17822.0
150 180000000.0 0.49570080975039654 102.0 202.0 88.18811881188118 17814.0
151 181200000.0 0.496563430447728 97.0 182.0 98.04945054945055 17845.0
152 182400000.0 0.4995686896513343 100.0 200.0 89.765 17953.0
153 183600000.0 0.4972590923004146 98.0 184.0 97.1195652173913 17870.0
154 184800000.0 0.49753735704148927 101.0 181.0 98.78453038674033 17880.0
155 186000000.0 0.4970364805075549 96.0 179.0 99.7877094972067 17862.0
156 187200000.0 0.4985669365834655 92.0 190.0 94.3 17917.0
157 188400000.0 0.4963686451289757 102.0 182.0 98.01098901098901 17838.0
158 189600000.0 0.49770431588613406 100.0 200.0 89.43 17886.0
159 190800000.0 0.49837215126471324 105.0 208.0 86.10576923076923 17910.0
160 192000000.0 0.4987338954281103 95.0 181.0 99.02209944751381 17923.0
161 193200000.0 0.5002921779781284 97.0 198.0 90.8030303030303 17979.0
162 194400000.0 0.4992904249102596 92.0 173.0 103.71676300578035 17943.0
163 195600000.0 0.49845563068703563 107.0 205.0 87.38048780487804 17913.0
164 196800000.0 0.4987338954281103 96.0 193.0 92.86528497409327 17923.0
165 198000000.0 0.4992069454879372 99.0 199.0 90.15075376884423 17940.0
166 199200000.0 0.4994017308066895 101.0 174.0 103.14367816091954 17947.0
167 200400000.0 0.500208698555806 95.0 191.0 94.1151832460733 17976.0
168 201600000.0 0.5012661045718897 88.0 190.0 94.81052631578947 18014.0
169 202800000.0 0.5002921779781284 101.0 196.0 91.7295918367347 17979.0
170 204000000.0 0.4993182513843671 92.0 201.0 89.27363184079601 17944.0
171 205200000.0 0.5023235105879734 100.0 197.0 91.63451776649747 18052.0
172 206400000.0 0.5001530456075911 98.0 188.0 95.6063829787234 17974.0
173 207600000.0 0.5005426162450956 99.0 205.0 87.74634146341464 17988.0
174 208800000.0 0.5015443693129643 97.0 212.0 85.01886792452831 18024.0
175 210000000.0 0.4995686896513343 98.0 206.0 87.1504854368932 17953.0
176 211200000.0 0.5000139132370537 98.0 190.0 94.57368421052631 17969.0
177 212400000.0 0.49984695439240895 92.0 197.0 91.18274111675127 17963.0
178 213600000.0 0.5035200489745945 91.0 203.0 89.13793103448276 18095.0
179 214800000.0 0.5016000222611793 106.0 209.0 86.2488038277512 18026.0
180 216000000.0 0.4992347719620447 99.0 195.0 92.0051282051282 17941.0
181 217200000.0 0.5004869632968807 94.0 198.0 90.83838383838383 17986.0
182 218400000.0 0.499791301444194 99.0 192.0 93.546875 17961.0
183 219600000.0 0.5007374015638478 95.0 196.0 91.81122448979592 17995.0
184 220800000.0 0.5009878398308151 92.0 196.0 91.85714285714286 18004.0
185 222000000.0 0.501822634054039 87.0 186.0 96.95698924731182 18034.0
186 223200000.0 0.5020452458468987 92.0 182.0 99.13186813186813 18042.0
187 224400000.0 0.5005426162450956 87.0 160.0 112.425 17988.0
188 225600000.0 0.5024348164844032 94.0 187.0 96.55614973262033 18056.0
189 226800000.0 0.5031583048111974 84.0 173.0 104.52023121387283 18082.0
