0.0 0.0006956618526866461
1200000.0 0.030163897932492974
2400000.0 0.10165010991457273
3600000.0 0.17872944319225312
4800000.0 0.23538414447505357
6000000.0 0.2769290703175001
7200000.0 0.30506163564014804
8400000.0 0.32568105295378025
9600000.0 0.34259954921111946
10800000.0 0.35514928903358656
12000000.0 0.36561204329799374
13200000.0 0.37223474413557056
14400000.0 0.38080529816067005
15600000.0 0.38676016361966775
16800000.0 0.39157414364025933
18000000.0 0.39669421487603307
19200000.0 0.40384561872165176
20400000.0 0.4064056543395386
21600000.0 0.41152572557531236
22800000.0 0.4151709936833904
24000000.0 0.4172301527673429
25200000.0 0.421181512090603
26400000.0 0.4223223975290091
27600000.0 0.4241032918718869
28800000.0 0.42741464229067533
30000000.0 0.42880596599604864
31200000.0 0.43125469571750563
32400000.0 0.43336950774967303
33600000.0 0.43676433759078387
34800000.0 0.43751565239168544
36000000.0 0.43988090269082003
37200000.0 0.44152266466316054
38400000.0 0.44363747669532794
39600000.0 0.44477836213373406
40800000.0 0.44580794167571025
42000000.0 0.44795058018198514
43200000.0 0.44925842446503605
44400000.0 0.44998191279183014
45600000.0 0.4502601775329048
46800000.0 0.45201324540167515
48000000.0 0.45184628655703035
49200000.0 0.45209672482399754
50400000.0 0.4536828338481231
51600000.0 0.4572724490079862
52800000.0 0.4572724490079862
54000000.0 0.45813506970531764
55200000.0 0.4587194256615744
56400000.0 0.45827420207585495
57600000.0 0.45877507860978933
58800000.0 0.4589698639285416
60000000.0 0.46038901410802235
61200000.0 0.4618359907616106
62400000.0 0.46275426440715695
63600000.0 0.4636447115785959
64800000.0 0.4646742911205721
66000000.0 0.46422906753485266
67200000.0 0.46275426440715695
68400000.0 0.4660656148259454
69600000.0 0.46612126777416035
70800000.0 0.465620391240226
72000000.0 0.46673345020452456
73200000.0 0.4675682444277486
74400000.0 0.4677352032723934
75600000.0 0.47018393299385036
76800000.0 0.4694882711411637
78000000.0 0.4707961154242146
79200000.0 0.4716030831733311
80400000.0 0.4702117594679578
81600000.0 0.4712691654840415
82800000.0 0.47213178618137297
84000000.0 0.47266048918941483
85200000.0 0.4738848540501433
86400000.0 0.47246570387066256
87600000.0 0.47483095416979715
88800000.0 0.47471964827336727
90000000.0 0.4758605337117734
91200000.0 0.47563792191891363
92400000.0 0.4736622422572836
93600000.0 0.47555444249659123
94800000.0 0.47908840470823943
96000000.0 0.4772240309430392
97200000.0 0.47855970170019757
98400000.0 0.47775273395108103
99600000.0 0.4801458107243231
100800000.0 0.48134234911094415
102000000.0 0.48100843142165456
103200000.0 0.48095277847343965
104400000.0 0.48092495199933216
105600000.0 0.4837632523582937
106800000.0 0.4798675459832485
108000000.0 0.4835128140913265
109200000.0 0.4828449787127473
110400000.0 0.4839580376770459
111600000.0 0.48298411108328465
112800000.0 0.484319781840443
114000000.0 0.48468152600384007
115200000.0 0.48529370843420433
116400000.0 0.4842919553663355
117600000.0 0.485933717338676
118800000.0 0.48498761721902217
120000000.0 0.4862954615020731
121200000.0 0.4849041377966998
122400000.0 0.4869076439324373
123600000.0 0.4857945849681387
124800000.0 0.4878259175779837
126000000.0 0.48729721456994185
127200000.0 0.48999638255836603
128400000.0 0.4870189498288672
129600000.0 0.48763113225923144
130800000.0 0.48768678520744635
132000000.0 0.4887163647494226
133200000.0 0.4905250855664079
134400000.0 0.4889668030163898
135600000.0 0.48999638255836603
136800000.0 0.48971811781729135
138000000.0 0.49113726799677215
139200000.0 0.49138770626373934
140400000.0 0.49127640036730946
141600000.0 0.4920555416423185
142800000.0 0.49208336811642595
144000000.0 0.49138770626373934
145200000.0 0.49225032696107074
146400000.0 0.491248573893202
147600000.0 0.49147118568606174
148800000.0 0.4930294682360798
150000000.0 0.49166597100481396
151200000.0 0.4945877507860979
152400000.0 0.49216684753874834
153600000.0 0.4931129476584022
154800000.0 0.49325208002893955
156000000.0 0.49300164176197236
157200000.0 0.49536689206110696
158400000.0 0.4950051478977099
159600000.0 0.4944207919414531
160800000.0 0.49283468291732757
162000000.0 0.49436513899323814
163200000.0 0.4950886273200323
164400000.0 0.49378078303698136
165600000.0 0.49375295656287393
166800000.0 0.49642429807719063
168000000.0 0.49597907449147116
169200000.0 0.4950608008459248
170400000.0 0.49614603333611595
171600000.0 0.4935303447700142
172800000.0 0.49714778640398477
174000000.0 0.4968138687146952
175200000.0 0.4973703981968445
176400000.0 0.49533906558699947
177600000.0 0.4972869187745221
178800000.0 0.49592342154325625
180000000.0 0.49570080975039654
181200000.0 0.496563430447728
182400000.0 0.4995686896513343
183600000.0 0.4972590923004146
184800000.0 0.49753735704148927
186000000.0 0.4970364805075549
187200000.0 0.4985669365834655
188400000.0 0.4963686451289757
189600000.0 0.49770431588613406
190800000.0 0.49837215126471324
192000000.0 0.4987338954281103
193200000.0 0.5002921779781284
194400000.0 0.4992904249102596
195600000.0 0.49845563068703563
196800000.0 0.4987338954281103
198000000.0 0.4992069454879372
199200000.0 0.4994017308066895
200400000.0 0.500208698555806
201600000.0 0.5012661045718897
202800000.0 0.5002921779781284
204000000.0 0.4993182513843671
205200000.0 0.5023235105879734
206400000.0 0.5001530456075911
207600000.0 0.5005426162450956
208800000.0 0.5015443693129643
210000000.0 0.4995686896513343
211200000.0 0.5000139132370537
212400000.0 0.49984695439240895
213600000.0 0.5035200489745945
214800000.0 0.5016000222611793
216000000.0 0.4992347719620447
217200000.0 0.5004869632968807
218400000.0 0.499791301444194
219600000.0 0.5007374015638478
220800000.0 0.5009878398308151
222000000.0 0.501822634054039
223200000.0 0.5020452458468987
224400000.0 0.5005426162450956
225600000.0 0.5024348164844032
226800000.0 0.5031583048111974
