1.000000000000000000e+00 1.000000000000000000e+00
2.000000000000000000e+00 8.661438822746276855e-01
3.000000000000000000e+00 7.658009529113769531e-01
4.000000000000000000e+00 6.813675761222839355e-01
5.000000000000000000e+00 6.064733266830444336e-01
6.000000000000000000e+00 5.385960936546325684e-01
7.000000000000000000e+00 4.761187434196472168e-01
8.000000000000000000e+00 4.182420074939727783e-01
9.000000000000000000e+00 3.644521534442901611e-01
1.000000000000000000e+01 3.140408396720886230e-01
1.100000000000000000e+01 2.664744257926940918e-01
1.200000000000000000e+01 2.214023917913436890e-01
1.300000000000000000e+01 1.787588298320770264e-01
1.400000000000000000e+01 1.381707191467285156e-01
1.500000000000000000e+01 9.986423701047897339e-02
1.600000000000000000e+01 6.337108463048934937e-02
1.700000000000000000e+01 2.903687208890914917e-02
1.800000000000000000e+01 -3.232986899092793465e-03
1.900000000000000000e+01 -3.338009864091873169e-02
2.000000000000000000e+01 -6.129599735140800476e-02
2.100000000000000000e+01 -8.679918944835662842e-02
2.200000000000000000e+01 -1.101359501481056213e-01
2.300000000000000000e+01 -1.308674961328506470e-01
2.400000000000000000e+01 -1.489920914173126221e-01
2.500000000000000000e+01 -1.645360141992568970e-01
2.600000000000000000e+01 -1.776093095541000366e-01
2.700000000000000000e+01 -1.881957650184631348e-01
2.800000000000000000e+01 -1.962847709655761719e-01
2.900000000000000000e+01 -2.020061463117599487e-01
3.000000000000000000e+01 -2.052410244941711426e-01
3.100000000000000000e+01 -2.062885016202926636e-01
3.200000000000000000e+01 -2.055809944868087769e-01
3.300000000000000000e+01 -2.031103521585464478e-01
3.400000000000000000e+01 -1.988279372453689575e-01
3.500000000000000000e+01 -1.931870132684707642e-01
3.600000000000000000e+01 -1.860978454351425171e-01
3.700000000000000000e+01 -1.778441816568374634e-01
3.800000000000000000e+01 -1.689819544553756714e-01
3.900000000000000000e+01 -1.594316214323043823e-01
4.000000000000000000e+01 -1.493546813726425171e-01
4.100000000000000000e+01 -1.385865658521652222e-01
4.200000000000000000e+01 -1.277379989624023438e-01
4.300000000000000000e+01 -1.165807172656059265e-01
4.400000000000000000e+01 -1.055913344025611877e-01
4.500000000000000000e+01 -9.461713582277297974e-02
4.600000000000000000e+01 -8.367670327425003052e-02
4.700000000000000000e+01 -7.301534712314605713e-02
4.800000000000000000e+01 -6.250922381877899170e-02
4.900000000000000000e+01 -5.254750326275825500e-02
5.000000000000000000e+01 -4.303303360939025879e-02
5.100000000000000000e+01 -3.366900980472564697e-02
5.200000000000000000e+01 -2.465265616774559021e-02
5.300000000000000000e+01 -1.615895144641399384e-02
5.400000000000000000e+01 -8.329810574650764465e-03
5.500000000000000000e+01 -7.422894705086946487e-04
5.600000000000000000e+01 6.125820800662040710e-03
5.700000000000000000e+01 1.250880304723978043e-02
5.800000000000000000e+01 1.848827488720417023e-02
5.900000000000000000e+01 2.368288673460483551e-02
6.000000000000000000e+01 2.837747149169445038e-02
6.100000000000000000e+01 3.265865519642829895e-02
6.200000000000000000e+01 3.613176569342613220e-02
6.300000000000000000e+01 3.920748084783554077e-02
6.400000000000000000e+01 4.158958420157432556e-02
6.500000000000000000e+01 4.348897933959960938e-02
6.600000000000000000e+01 4.497957974672317505e-02
6.700000000000000000e+01 4.580219089984893799e-02
6.800000000000000000e+01 4.639586061239242554e-02
6.900000000000000000e+01 4.657699540257453918e-02
7.000000000000000000e+01 4.646347835659980774e-02
7.100000000000000000e+01 4.590635746717453003e-02
7.200000000000000000e+01 4.474749416112899780e-02
7.300000000000000000e+01 4.374898597598075867e-02
7.400000000000000000e+01 4.255138337612152100e-02
7.500000000000000000e+01 4.107723757624626160e-02
7.600000000000000000e+01 3.942826762795448303e-02
7.700000000000000000e+01 3.725304082036018372e-02
7.800000000000000000e+01 3.481209650635719299e-02
7.900000000000000000e+01 3.254972025752067566e-02
8.000000000000000000e+01 3.027339838445186615e-02
8.100000000000000000e+01 2.774498797953128815e-02
8.200000000000000000e+01 2.563753537833690643e-02
8.300000000000000000e+01 2.354244515299797058e-02
8.400000000000000000e+01 2.149843424558639526e-02
8.500000000000000000e+01 1.970728673040866852e-02
8.600000000000000000e+01 1.750143803656101227e-02
8.700000000000000000e+01 1.578697562217712402e-02
8.800000000000000000e+01 1.350117940455675125e-02
8.900000000000000000e+01 1.106910035014152527e-02
9.000000000000000000e+01 9.520071558654308319e-03
9.100000000000000000e+01 7.839573547244071960e-03
9.200000000000000000e+01 6.533389911055564880e-03
9.300000000000000000e+01 4.425805527716875076e-03
9.400000000000000000e+01 2.167489845305681229e-03
9.500000000000000000e+01 3.840083954855799675e-04
9.600000000000000000e+01 -1.164288376457989216e-03
9.700000000000000000e+01 -4.620459396392107010e-03
9.800000000000000000e+01 -8.036370389163494110e-03
9.900000000000000000e+01 -7.773647084832191467e-03
