1.000000000000000000e+00 1.000000000000000000e+00
2.000000000000000000e+00 8.661637306213378906e-01
3.000000000000000000e+00 7.661098837852478027e-01
4.000000000000000000e+00 6.818909645080566406e-01
5.000000000000000000e+00 6.072485446929931641e-01
6.000000000000000000e+00 5.393361449241638184e-01
7.000000000000000000e+00 4.766909480094909668e-01
8.000000000000000000e+00 4.188292324542999268e-01
9.000000000000000000e+00 3.651382327079772949e-01
1.000000000000000000e+01 3.146860003471374512e-01
1.100000000000000000e+01 2.672218382358551025e-01
1.200000000000000000e+01 2.225193828344345093e-01
1.300000000000000000e+01 1.799367517232894897e-01
1.400000000000000000e+01 1.395077109336853027e-01
1.500000000000000000e+01 1.009936779737472534e-01
1.600000000000000000e+01 6.459739804267883301e-02
1.700000000000000000e+01 3.034264408051967621e-02
1.800000000000000000e+01 -1.858603907749056816e-03
1.900000000000000000e+01 -3.192658349871635437e-02
2.000000000000000000e+01 -5.985394865274429321e-02
2.100000000000000000e+01 -8.560701459646224976e-02
2.200000000000000000e+01 -1.091421768069267273e-01
2.300000000000000000e+01 -1.302120089530944824e-01
2.400000000000000000e+01 -1.487006247043609619e-01
2.500000000000000000e+01 -1.647153794765472412e-01
2.600000000000000000e+01 -1.778131723403930664e-01
2.700000000000000000e+01 -1.883910298347473145e-01
2.800000000000000000e+01 -1.965332627296447754e-01
2.900000000000000000e+01 -2.023034989833831787e-01
3.000000000000000000e+01 -2.058986425399780273e-01
3.100000000000000000e+01 -2.071523815393447876e-01
3.200000000000000000e+01 -2.065289765596389771e-01
3.300000000000000000e+01 -2.040290087461471558e-01
3.400000000000000000e+01 -2.002177834510803223e-01
3.500000000000000000e+01 -1.947608143091201782e-01
3.600000000000000000e+01 -1.880212426185607910e-01
3.700000000000000000e+01 -1.798124015331268311e-01
3.800000000000000000e+01 -1.706584692001342773e-01
3.900000000000000000e+01 -1.608204096555709839e-01
4.000000000000000000e+01 -1.503694355487823486e-01
4.100000000000000000e+01 -1.396031975746154785e-01
4.200000000000000000e+01 -1.284756362438201904e-01
4.300000000000000000e+01 -1.173978894948959351e-01
4.400000000000000000e+01 -1.063867434859275818e-01
4.500000000000000000e+01 -9.570459276437759399e-02
4.600000000000000000e+01 -8.489365875720977783e-02
4.700000000000000000e+01 -7.433409243822097778e-02
4.800000000000000000e+01 -6.389141827821731567e-02
4.900000000000000000e+01 -5.387280881404876709e-02
5.000000000000000000e+01 -4.407366365194320679e-02
5.100000000000000000e+01 -3.455385565757751465e-02
5.200000000000000000e+01 -2.547928877174854279e-02
5.300000000000000000e+01 -1.693465933203697205e-02
5.400000000000000000e+01 -8.897775784134864807e-03
5.500000000000000000e+01 -1.370217069052159786e-03
5.600000000000000000e+01 5.456400569528341293e-03
5.700000000000000000e+01 1.192162279039621353e-02
5.800000000000000000e+01 1.784159988164901733e-02
5.900000000000000000e+01 2.296718955039978027e-02
6.000000000000000000e+01 2.773340791463851929e-02
6.100000000000000000e+01 3.201554715633392334e-02
6.200000000000000000e+01 3.588718548417091370e-02
6.300000000000000000e+01 3.944937512278556824e-02
6.400000000000000000e+01 4.200931638479232788e-02
6.500000000000000000e+01 4.411336034536361694e-02
6.600000000000000000e+01 4.589105769991874695e-02
6.700000000000000000e+01 4.745101928710937500e-02
6.800000000000000000e+01 4.852058365941047668e-02
6.900000000000000000e+01 4.900895431637763977e-02
7.000000000000000000e+01 4.913504049181938171e-02
7.100000000000000000e+01 4.878193885087966919e-02
7.200000000000000000e+01 4.767285287380218506e-02
7.300000000000000000e+01 4.627150669693946838e-02
7.400000000000000000e+01 4.484863206744194031e-02
7.500000000000000000e+01 4.263424873352050781e-02
7.600000000000000000e+01 4.069490730762481689e-02
7.700000000000000000e+01 3.860013186931610107e-02
7.800000000000000000e+01 3.628757968544960022e-02
7.900000000000000000e+01 3.392303362488746643e-02
8.000000000000000000e+01 3.112869895994663239e-02
8.100000000000000000e+01 2.841410599648952484e-02
8.200000000000000000e+01 2.560169063508510590e-02
8.300000000000000000e+01 2.301137894392013550e-02
8.400000000000000000e+01 2.005356736481189728e-02
8.500000000000000000e+01 1.738947816193103790e-02
8.600000000000000000e+01 1.510179601609706879e-02
8.700000000000000000e+01 1.276256702840328217e-02
8.800000000000000000e+01 1.023883838206529617e-02
8.900000000000000000e+01 7.708747871220111847e-03
9.000000000000000000e+01 6.265408825129270554e-03
9.100000000000000000e+01 5.081775598227977753e-03
9.200000000000000000e+01 3.489973722025752068e-03
9.300000000000000000e+01 1.660000416450202465e-03
9.400000000000000000e+01 -4.895365564152598381e-04
9.500000000000000000e+01 -2.280672313645482063e-03
9.600000000000000000e+01 -3.528882516548037529e-03
9.700000000000000000e+01 -4.880601540207862854e-03
9.800000000000000000e+01 -7.082438562065362930e-03
9.900000000000000000e+01 -7.774290628731250763e-03
