1.000000000000000000e+00 1.000000000000000000e+00
2.000000000000000000e+00 8.626307249069213867e-01
3.000000000000000000e+00 7.600570917129516602e-01
4.000000000000000000e+00 6.737730503082275391e-01
5.000000000000000000e+00 5.973438620567321777e-01
6.000000000000000000e+00 5.280795097351074219e-01
7.000000000000000000e+00 4.646746218204498291e-01
8.000000000000000000e+00 4.061566293239593506e-01
9.000000000000000000e+00 3.519445955753326416e-01
1.000000000000000000e+01 3.012334704399108887e-01
1.100000000000000000e+01 2.534277141094207764e-01
1.200000000000000000e+01 2.083784937858581543e-01
1.300000000000000000e+01 1.657310128211975098e-01
1.400000000000000000e+01 1.254599094390869141e-01
1.500000000000000000e+01 8.751951903104782104e-02
1.600000000000000000e+01 5.157240852713584900e-02
1.700000000000000000e+01 1.760480739176273346e-02
1.800000000000000000e+01 -1.408140454441308975e-02
1.900000000000000000e+01 -4.340691864490509033e-02
2.000000000000000000e+01 -7.037746906280517578e-02
2.100000000000000000e+01 -9.465295821428298950e-02
2.200000000000000000e+01 -1.166726350784301758e-01
2.300000000000000000e+01 -1.361066102981567383e-01
2.400000000000000000e+01 -1.531110107898712158e-01
2.500000000000000000e+01 -1.670741140842437744e-01
2.600000000000000000e+01 -1.784019917249679565e-01
2.700000000000000000e+01 -1.874060928821563721e-01
2.800000000000000000e+01 -1.939273029565811157e-01
2.900000000000000000e+01 -1.981244236230850220e-01
3.000000000000000000e+01 -2.000880539417266846e-01
3.100000000000000000e+01 -1.999330818653106689e-01
3.200000000000000000e+01 -1.978514492511749268e-01
3.300000000000000000e+01 -1.938098818063735962e-01
3.400000000000000000e+01 -1.880916506052017212e-01
3.500000000000000000e+01 -1.813606768846511841e-01
3.600000000000000000e+01 -1.734726876020431519e-01
3.700000000000000000e+01 -1.646275669336318970e-01
3.800000000000000000e+01 -1.549529880285263062e-01
3.900000000000000000e+01 -1.445141434669494629e-01
4.000000000000000000e+01 -1.335937827825546265e-01
4.100000000000000000e+01 -1.225959882140159607e-01
4.200000000000000000e+01 -1.112673580646514893e-01
4.300000000000000000e+01 -1.000354290008544922e-01
4.400000000000000000e+01 -8.889501541852951050e-02
4.500000000000000000e+01 -7.807869464159011841e-02
4.600000000000000000e+01 -6.747669726610183716e-02
4.700000000000000000e+01 -5.725670605897903442e-02
4.800000000000000000e+01 -4.728643968701362610e-02
4.900000000000000000e+01 -3.780008107423782349e-02
5.000000000000000000e+01 -2.873894944787025452e-02
5.100000000000000000e+01 -1.998670957982540131e-02
5.200000000000000000e+01 -1.170799043029546738e-02
5.300000000000000000e+01 -4.147630184888839722e-03
5.400000000000000000e+01 2.784190000966191292e-03
5.500000000000000000e+01 9.252584539353847504e-03
5.600000000000000000e+01 1.494150422513484955e-02
5.700000000000000000e+01 2.010829932987689972e-02
5.800000000000000000e+01 2.476977556943893433e-02
5.900000000000000000e+01 2.866989001631736755e-02
6.000000000000000000e+01 3.223600983619689941e-02
6.100000000000000000e+01 3.556839376688003540e-02
6.200000000000000000e+01 3.838169574737548828e-02
6.300000000000000000e+01 4.069272801280021667e-02
6.400000000000000000e+01 4.211896657943725586e-02
6.500000000000000000e+01 4.292780533432960510e-02
6.600000000000000000e+01 4.350237920880317688e-02
6.700000000000000000e+01 4.374110326170921326e-02
6.800000000000000000e+01 4.352344572544097900e-02
6.900000000000000000e+01 4.311827942728996277e-02
7.000000000000000000e+01 4.263063892722129822e-02
7.100000000000000000e+01 4.150938615202903748e-02
7.200000000000000000e+01 4.036854952573776245e-02
7.300000000000000000e+01 3.854550048708915710e-02
7.400000000000000000e+01 3.700042143464088440e-02
7.500000000000000000e+01 3.495642170310020447e-02
7.600000000000000000e+01 3.291241079568862915e-02
7.700000000000000000e+01 3.103795833885669708e-02
7.800000000000000000e+01 2.932596392929553986e-02
7.900000000000000000e+01 2.786954119801521301e-02
8.000000000000000000e+01 2.579388953745365143e-02
8.100000000000000000e+01 2.332803420722484589e-02
8.200000000000000000e+01 2.065214328467845917e-02
8.300000000000000000e+01 1.847044564783573151e-02
8.400000000000000000e+01 1.628434844315052032e-02
8.500000000000000000e+01 1.375489402562379837e-02
8.600000000000000000e+01 1.127860881388187408e-02
8.700000000000000000e+01 8.914946578443050385e-03
8.800000000000000000e+01 6.977745797485113144e-03
8.900000000000000000e+01 4.708188585937023163e-03
9.000000000000000000e+01 2.489816630259156227e-03
9.100000000000000000e+01 9.847695764619857073e-05
9.200000000000000000e+01 -2.364685060456395149e-03
9.300000000000000000e+01 -3.705710172653198242e-03
9.400000000000000000e+01 -4.676672164350748062e-03
9.500000000000000000e+01 -5.768945440649986267e-03
9.600000000000000000e+01 -6.227975245565176010e-03
9.700000000000000000e+01 -5.384145304560661316e-03
9.800000000000000000e+01 -5.672328174114227295e-03
9.900000000000000000e+01 -8.678589016199111938e-03
