1.000000000000000000e+00 1.000000000000000000e+00
2.000000000000000000e+00 8.630304336547851562e-01
3.000000000000000000e+00 7.606984972953796387e-01
4.000000000000000000e+00 6.747312545776367188e-01
5.000000000000000000e+00 5.985757112503051758e-01
6.000000000000000000e+00 5.294491648674011230e-01
7.000000000000000000e+00 4.660532474517822266e-01
8.000000000000000000e+00 4.077074527740478516e-01
9.000000000000000000e+00 3.533855080604553223e-01
1.000000000000000000e+01 3.026109635829925537e-01
1.100000000000000000e+01 2.550507187843322754e-01
1.200000000000000000e+01 2.100590616464614868e-01
1.300000000000000000e+01 1.675411313772201538e-01
1.400000000000000000e+01 1.270076185464859009e-01
1.500000000000000000e+01 8.858815580606460571e-02
1.600000000000000000e+01 5.250667780637741089e-02
1.700000000000000000e+01 1.864764653146266937e-02
1.800000000000000000e+01 -1.292035821825265884e-02
1.900000000000000000e+01 -4.218302294611930847e-02
2.000000000000000000e+01 -6.900949031114578247e-02
2.100000000000000000e+01 -9.339786320924758911e-02
2.200000000000000000e+01 -1.155495569109916687e-01
2.300000000000000000e+01 -1.351277083158493042e-01
2.400000000000000000e+01 -1.523199677467346191e-01
2.500000000000000000e+01 -1.667765974998474121e-01
2.600000000000000000e+01 -1.786528229713439941e-01
2.700000000000000000e+01 -1.880232840776443481e-01
2.800000000000000000e+01 -1.948515027761459351e-01
2.900000000000000000e+01 -1.993769556283950806e-01
3.000000000000000000e+01 -2.013223469257354736e-01
3.100000000000000000e+01 -2.012284249067306519e-01
3.200000000000000000e+01 -1.989924907684326172e-01
3.300000000000000000e+01 -1.949964016675949097e-01
3.400000000000000000e+01 -1.895309835672378540e-01
3.500000000000000000e+01 -1.829033941030502319e-01
3.600000000000000000e+01 -1.750392019748687744e-01
3.700000000000000000e+01 -1.661461591720581055e-01
3.800000000000000000e+01 -1.566710323095321655e-01
3.900000000000000000e+01 -1.464863419532775879e-01
4.000000000000000000e+01 -1.356198638677597046e-01
4.100000000000000000e+01 -1.244296506047248840e-01
4.200000000000000000e+01 -1.132521405816078186e-01
4.300000000000000000e+01 -1.022652387619018555e-01
4.400000000000000000e+01 -9.123601019382476807e-02
4.500000000000000000e+01 -8.049329370260238647e-02
4.600000000000000000e+01 -6.998796015977859497e-02
4.700000000000000000e+01 -5.972337350249290466e-02
4.800000000000000000e+01 -4.983320459723472595e-02
4.900000000000000000e+01 -4.009151458740234375e-02
5.000000000000000000e+01 -3.081189468502998352e-02
5.100000000000000000e+01 -2.214231155812740326e-02
5.200000000000000000e+01 -1.408104784786701202e-02
5.300000000000000000e+01 -6.514869164675474167e-03
5.400000000000000000e+01 6.206933176144957542e-04
5.500000000000000000e+01 7.180289831012487411e-03
5.600000000000000000e+01 1.339256111532449722e-02
5.700000000000000000e+01 1.914157345890998840e-02
5.800000000000000000e+01 2.416913211345672607e-02
5.900000000000000000e+01 2.848277986049652100e-02
6.000000000000000000e+01 3.257570043206214905e-02
6.100000000000000000e+01 3.596600145101547241e-02
6.200000000000000000e+01 3.863540664315223694e-02
6.300000000000000000e+01 4.116295278072357178e-02
6.400000000000000000e+01 4.319851472973823547e-02
6.500000000000000000e+01 4.445637762546539307e-02
6.600000000000000000e+01 4.553565755486488342e-02
6.700000000000000000e+01 4.601871967315673828e-02
6.800000000000000000e+01 4.584060236811637878e-02
6.900000000000000000e+01 4.560874775052070618e-02
7.000000000000000000e+01 4.501168802380561829e-02
7.100000000000000000e+01 4.409404844045639038e-02
7.200000000000000000e+01 4.293782263994216919e-02
7.300000000000000000e+01 4.167069867253303528e-02
7.400000000000000000e+01 4.064492136240005493e-02
7.500000000000000000e+01 3.922213986515998840e-02
7.600000000000000000e+01 3.693873062729835510e-02
7.700000000000000000e+01 3.452089056372642517e-02
7.800000000000000000e+01 3.201262280344963074e-02
7.900000000000000000e+01 2.962465398013591766e-02
8.000000000000000000e+01 2.727640606462955475e-02
8.100000000000000000e+01 2.504771575331687927e-02
8.200000000000000000e+01 2.210962772369384766e-02
8.300000000000000000e+01 1.883357390761375427e-02
8.400000000000000000e+01 1.584652625024318695e-02
8.500000000000000000e+01 1.304179988801479340e-02
8.600000000000000000e+01 1.057902071624994278e-02
8.700000000000000000e+01 8.139951154589653015e-03
8.800000000000000000e+01 6.207446102052927017e-03
8.900000000000000000e+01 3.960379865020513535e-03
9.000000000000000000e+01 1.544252038002014160e-03
9.100000000000000000e+01 -7.287454209290444851e-04
9.200000000000000000e+01 -2.726014936342835426e-03
9.300000000000000000e+01 -4.381720907986164093e-03
9.400000000000000000e+01 -7.162577472627162933e-03
9.500000000000000000e+01 -8.586579933762550354e-03
9.600000000000000000e+01 -9.329759515821933746e-03
9.700000000000000000e+01 -1.055546756833791733e-02
9.800000000000000000e+01 -1.140842400491237640e-02
9.900000000000000000e+01 -1.055411063134670258e-02
