1.000000000000000000e+00 1.000000000000000000e+00
2.000000000000000000e+00 8.561677932739257812e-01
3.000000000000000000e+00 7.487663626670837402e-01
4.000000000000000000e+00 6.589074134826660156e-01
5.000000000000000000e+00 5.797330141067504883e-01
6.000000000000000000e+00 5.083947777748107910e-01
7.000000000000000000e+00 4.432463943958282471e-01
8.000000000000000000e+00 3.835380673408508301e-01
9.000000000000000000e+00 3.283678293228149414e-01
1.000000000000000000e+01 2.770531177520751953e-01
1.100000000000000000e+01 2.292318791151046753e-01
1.200000000000000000e+01 1.843550205230712891e-01
1.300000000000000000e+01 1.423255503177642822e-01
1.400000000000000000e+01 1.028055399656295776e-01
1.500000000000000000e+01 6.572175025939941406e-02
1.600000000000000000e+01 3.121393732726573944e-02
1.700000000000000000e+01 -9.432680672034621239e-04
1.800000000000000000e+01 -3.063869103789329529e-02
1.900000000000000000e+01 -5.799653753638267517e-02
2.000000000000000000e+01 -8.266994357109069824e-02
2.100000000000000000e+01 -1.045087054371833801e-01
2.200000000000000000e+01 -1.237182170152664185e-01
2.300000000000000000e+01 -1.402380615472793579e-01
2.400000000000000000e+01 -1.540561914443969727e-01
2.500000000000000000e+01 -1.653447002172470093e-01
2.600000000000000000e+01 -1.740711927413940430e-01
2.700000000000000000e+01 -1.802469640970230103e-01
2.800000000000000000e+01 -1.836354583501815796e-01
2.900000000000000000e+01 -1.849866211414337158e-01
3.000000000000000000e+01 -1.843538731336593628e-01
3.100000000000000000e+01 -1.820252537727355957e-01
3.200000000000000000e+01 -1.779916584491729736e-01
3.300000000000000000e+01 -1.726187914609909058e-01
3.400000000000000000e+01 -1.659461706876754761e-01
3.500000000000000000e+01 -1.578114330768585205e-01
3.600000000000000000e+01 -1.487495005130767822e-01
3.700000000000000000e+01 -1.390134692192077637e-01
3.800000000000000000e+01 -1.286493092775344849e-01
3.900000000000000000e+01 -1.179832890629768372e-01
4.000000000000000000e+01 -1.073921248316764832e-01
4.100000000000000000e+01 -9.678456187248229980e-02
4.200000000000000000e+01 -8.612849563360214233e-02
4.300000000000000000e+01 -7.555004954338073730e-02
4.400000000000000000e+01 -6.518254429101943970e-02
4.500000000000000000e+01 -5.521173775196075439e-02
4.600000000000000000e+01 -4.568618163466453552e-02
4.700000000000000000e+01 -3.661378100514411926e-02
4.800000000000000000e+01 -2.772343158721923828e-02
4.900000000000000000e+01 -1.934813335537910461e-02
5.000000000000000000e+01 -1.155956275761127472e-02
5.100000000000000000e+01 -4.555081948637962341e-03
5.200000000000000000e+01 1.872075954452157021e-03
5.300000000000000000e+01 7.586126215755939484e-03
5.400000000000000000e+01 1.252755895256996155e-02
5.500000000000000000e+01 1.710926741361618042e-02
5.600000000000000000e+01 2.108614146709442139e-02
5.700000000000000000e+01 2.447641268372535706e-02
5.800000000000000000e+01 2.738012373447418213e-02
5.900000000000000000e+01 3.004946932196617126e-02
6.000000000000000000e+01 3.224556893110275269e-02
6.100000000000000000e+01 3.390377014875411987e-02
6.200000000000000000e+01 3.521243110299110413e-02
6.300000000000000000e+01 3.577508032321929932e-02
6.400000000000000000e+01 3.613695874810218811e-02
6.500000000000000000e+01 3.609953820705413818e-02
6.600000000000000000e+01 3.568009659647941589e-02
6.700000000000000000e+01 3.481024503707885742e-02
6.800000000000000000e+01 3.345503658056259155e-02
6.900000000000000000e+01 3.202112764120101929e-02
7.000000000000000000e+01 3.005471266806125641e-02
7.100000000000000000e+01 2.836114354431629181e-02
7.200000000000000000e+01 2.660710737109184265e-02
7.300000000000000000e+01 2.512554079294204712e-02
7.400000000000000000e+01 2.392734214663505554e-02
7.500000000000000000e+01 2.262701280415058136e-02
7.600000000000000000e+01 2.129863761365413666e-02
7.700000000000000000e+01 1.949695870280265808e-02
7.800000000000000000e+01 1.760042645037174225e-02
7.900000000000000000e+01 1.548419333994388580e-02
8.000000000000000000e+01 1.338111329823732376e-02
8.100000000000000000e+01 1.182343345135450363e-02
8.200000000000000000e+01 1.043916866183280945e-02
8.300000000000000000e+01 8.563347160816192627e-03
8.400000000000000000e+01 6.288417614996433258e-03
8.500000000000000000e+01 4.425512626767158508e-03
8.600000000000000000e+01 2.915752353146672249e-03
8.700000000000000000e+01 1.125536276958882809e-03
8.800000000000000000e+01 9.582771599525585771e-05
8.900000000000000000e+01 -7.996244239620864391e-04
9.000000000000000000e+01 -1.444277702830731869e-03
9.100000000000000000e+01 -3.095163963735103607e-03
9.200000000000000000e+01 -4.788142628967761993e-03
9.300000000000000000e+01 -6.691216491162776947e-03
9.400000000000000000e+01 -6.761492229998111725e-03
9.500000000000000000e+01 -7.983612827956676483e-03
9.600000000000000000e+01 -9.338345378637313843e-03
9.700000000000000000e+01 -1.030408777296543121e-02
9.800000000000000000e+01 -1.055678259581327438e-02
9.900000000000000000e+01 -1.157621201127767563e-02
