1.000000000000000000e+00 1.000000000000000000e+00
2.000000000000000000e+00 8.660313487052917480e-01
3.000000000000000000e+00 7.656577229499816895e-01
4.000000000000000000e+00 6.812676787376403809e-01
5.000000000000000000e+00 6.065462231636047363e-01
6.000000000000000000e+00 5.386406779289245605e-01
7.000000000000000000e+00 4.759791791439056396e-01
8.000000000000000000e+00 4.180409908294677734e-01
9.000000000000000000e+00 3.641988039016723633e-01
1.000000000000000000e+01 3.139599263668060303e-01
1.100000000000000000e+01 2.665762305259704590e-01
1.200000000000000000e+01 2.217875868082046509e-01
1.300000000000000000e+01 1.794288307428359985e-01
1.400000000000000000e+01 1.389272660017013550e-01
1.500000000000000000e+01 1.003933846950531006e-01
1.600000000000000000e+01 6.394808739423751831e-02
1.700000000000000000e+01 2.943892218172550201e-02
1.800000000000000000e+01 -2.837327076122164726e-03
1.900000000000000000e+01 -3.292184323072433472e-02
2.000000000000000000e+01 -6.068242713809013367e-02
2.100000000000000000e+01 -8.626322448253631592e-02
2.200000000000000000e+01 -1.095280945301055908e-01
2.300000000000000000e+01 -1.304418891668319702e-01
2.400000000000000000e+01 -1.487133800983428955e-01
2.500000000000000000e+01 -1.644064337015151978e-01
2.600000000000000000e+01 -1.772813946008682251e-01
2.700000000000000000e+01 -1.877518594264984131e-01
2.800000000000000000e+01 -1.957847625017166138e-01
2.900000000000000000e+01 -2.014299482107162476e-01
3.000000000000000000e+01 -2.047672122716903687e-01
3.100000000000000000e+01 -2.061418890953063965e-01
3.200000000000000000e+01 -2.056196630001068115e-01
3.300000000000000000e+01 -2.029863297939300537e-01
3.400000000000000000e+01 -1.987088024616241455e-01
3.500000000000000000e+01 -1.930699646472930908e-01
3.600000000000000000e+01 -1.861338317394256592e-01
3.700000000000000000e+01 -1.779582500457763672e-01
3.800000000000000000e+01 -1.687477976083755493e-01
3.900000000000000000e+01 -1.589688211679458618e-01
4.000000000000000000e+01 -1.487600058317184448e-01
4.100000000000000000e+01 -1.382166445255279541e-01
4.200000000000000000e+01 -1.273086518049240112e-01
4.300000000000000000e+01 -1.162611693143844604e-01
4.400000000000000000e+01 -1.053574010729789734e-01
4.500000000000000000e+01 -9.447413682937622070e-02
4.600000000000000000e+01 -8.366492390632629395e-02
4.700000000000000000e+01 -7.331335544586181641e-02
4.800000000000000000e+01 -6.310567259788513184e-02
4.900000000000000000e+01 -5.312116444110870361e-02
5.000000000000000000e+01 -4.335917532444000244e-02
5.100000000000000000e+01 -3.410792350769042969e-02
5.200000000000000000e+01 -2.536987140774726868e-02
5.300000000000000000e+01 -1.712391525506973267e-02
5.400000000000000000e+01 -9.458703920245170593e-03
5.500000000000000000e+01 -1.980065600946545601e-03
5.600000000000000000e+01 4.802761133760213852e-03
5.700000000000000000e+01 1.106162834912538528e-02
5.800000000000000000e+01 1.672130450606346130e-02
5.900000000000000000e+01 2.222681790590286255e-02
6.000000000000000000e+01 2.715166471898555756e-02
6.100000000000000000e+01 3.195301815867424011e-02
6.200000000000000000e+01 3.618452325463294983e-02
6.300000000000000000e+01 3.972102329134941101e-02
6.400000000000000000e+01 4.268787801265716553e-02
6.500000000000000000e+01 4.508879780769348145e-02
6.600000000000000000e+01 4.699257388710975647e-02
6.700000000000000000e+01 4.810808598995208740e-02
6.800000000000000000e+01 4.854442924261093140e-02
6.900000000000000000e+01 4.854862764477729797e-02
7.000000000000000000e+01 4.829601198434829712e-02
7.100000000000000000e+01 4.773989319801330566e-02
7.200000000000000000e+01 4.669448733329772949e-02
7.300000000000000000e+01 4.537023603916168213e-02
7.400000000000000000e+01 4.380002617835998535e-02
7.500000000000000000e+01 4.227790609002113342e-02
7.600000000000000000e+01 4.018446803092956543e-02
7.700000000000000000e+01 3.767248615622520447e-02
7.800000000000000000e+01 3.557785972952842712e-02
7.900000000000000000e+01 3.330383449792861938e-02
8.000000000000000000e+01 3.074611723423004150e-02
8.100000000000000000e+01 2.808032184839248657e-02
8.200000000000000000e+01 2.547474578022956848e-02
8.300000000000000000e+01 2.220101840794086456e-02
8.400000000000000000e+01 1.974988169968128204e-02
8.500000000000000000e+01 1.688143797218799591e-02
8.600000000000000000e+01 1.420196052640676498e-02
8.700000000000000000e+01 1.192701235413551331e-02
8.800000000000000000e+01 1.004224456846714020e-02
8.900000000000000000e+01 8.009618148207664490e-03
9.000000000000000000e+01 6.278483197093009949e-03
9.100000000000000000e+01 4.618781618773937225e-03
9.200000000000000000e+01 3.385230200365185738e-03
9.300000000000000000e+01 1.619764254428446293e-03
9.400000000000000000e+01 -6.286055431701242924e-04
9.500000000000000000e+01 -3.015995724126696587e-03
9.600000000000000000e+01 -4.591419827193021774e-03
9.700000000000000000e+01 -6.543962284922599792e-03
9.800000000000000000e+01 -7.854568772017955780e-03
9.900000000000000000e+01 -7.381671108305454254e-03
