1.000000000000000000e+00 1.000000000000000000e+00
2.000000000000000000e+00 7.893353104591369629e-01
3.000000000000000000e+00 6.350398659706115723e-01
4.000000000000000000e+00 5.121836066246032715e-01
5.000000000000000000e+00 4.115121364593505859e-01
6.000000000000000000e+00 3.277530372142791748e-01
7.000000000000000000e+00 2.570322155952453613e-01
8.000000000000000000e+00 1.973595619201660156e-01
9.000000000000000000e+00 1.470504701137542725e-01
1.000000000000000000e+01 1.042478308081626892e-01
1.100000000000000000e+01 6.801895052194595337e-02
1.200000000000000000e+01 3.712458163499832153e-02
1.300000000000000000e+01 1.154003944247961044e-02
1.400000000000000000e+01 -9.587936103343963623e-03
1.500000000000000000e+01 -2.653741277754306793e-02
1.600000000000000000e+01 -3.975898772478103638e-02
1.700000000000000000e+01 -4.983789101243019104e-02
1.800000000000000000e+01 -5.755613744258880615e-02
1.900000000000000000e+01 -6.284656375646591187e-02
2.000000000000000000e+01 -6.633697450160980225e-02
2.100000000000000000e+01 -6.780831515789031982e-02
2.200000000000000000e+01 -6.781511008739471436e-02
2.300000000000000000e+01 -6.689247488975524902e-02
2.400000000000000000e+01 -6.472089886665344238e-02
2.500000000000000000e+01 -6.206509470939636230e-02
2.600000000000000000e+01 -5.878106504678726196e-02
2.700000000000000000e+01 -5.487998574972152710e-02
2.800000000000000000e+01 -5.096065998077392578e-02
2.900000000000000000e+01 -4.674760624766349792e-02
3.000000000000000000e+01 -4.199241846799850464e-02
3.100000000000000000e+01 -3.759706020355224609e-02
3.200000000000000000e+01 -3.332640975713729858e-02
3.300000000000000000e+01 -2.895539253950119019e-02
3.400000000000000000e+01 -2.493549138307571411e-02
3.500000000000000000e+01 -2.105706185102462769e-02
3.600000000000000000e+01 -1.757840812206268311e-02
3.700000000000000000e+01 -1.425427664071321487e-02
3.800000000000000000e+01 -1.102763228118419647e-02
3.900000000000000000e+01 -7.978375069797039032e-03
4.000000000000000000e+01 -5.407162941992282867e-03
4.100000000000000000e+01 -3.204411827027797699e-03
4.200000000000000000e+01 -1.438168459571897984e-03
4.300000000000000000e+01 3.238460922148078680e-04
4.400000000000000000e+01 1.913660089485347271e-03
4.500000000000000000e+01 3.321081399917602539e-03
4.600000000000000000e+01 3.980313427746295929e-03
4.700000000000000000e+01 4.178665112704038620e-03
4.800000000000000000e+01 4.358190111815929413e-03
4.900000000000000000e+01 4.424652084708213806e-03
5.000000000000000000e+01 4.199312999844551086e-03
5.100000000000000000e+01 4.145456943660974503e-03
5.200000000000000000e+01 3.856449620798230171e-03
5.300000000000000000e+01 3.534941468387842178e-03
5.400000000000000000e+01 3.009296488016843796e-03
5.500000000000000000e+01 2.920563099905848503e-03
5.600000000000000000e+01 2.480352995917201042e-03
5.700000000000000000e+01 2.220170805230736732e-03
5.800000000000000000e+01 2.208203077316284180e-03
5.900000000000000000e+01 1.968814758583903313e-03
6.000000000000000000e+01 1.582878874614834785e-03
6.100000000000000000e+01 8.136626565828919411e-04
6.200000000000000000e+01 3.662131493911147118e-04
6.300000000000000000e+01 -2.503387804608792067e-04
6.400000000000000000e+01 -1.958317261596675962e-05
6.500000000000000000e+01 -8.155915566021576524e-06
6.600000000000000000e+01 -3.601521311793476343e-04
6.700000000000000000e+01 -5.376478657126426697e-04
6.800000000000000000e+01 -1.517607481218874454e-03
6.900000000000000000e+01 -2.147637307643890381e-03
7.000000000000000000e+01 -2.829758450388908386e-03
7.100000000000000000e+01 -3.209659596905112267e-03
7.200000000000000000e+01 -3.608907805755734444e-03
7.300000000000000000e+01 -3.555763978511095047e-03
7.400000000000000000e+01 -3.356674453243613243e-03
7.500000000000000000e+01 -3.597403876483440399e-03
7.600000000000000000e+01 -3.369586775079369545e-03
7.700000000000000000e+01 -2.842947142198681831e-03
7.800000000000000000e+01 -3.162057604640722275e-03
7.900000000000000000e+01 -2.679707249626517296e-03
8.000000000000000000e+01 -2.500974806025624275e-03
8.100000000000000000e+01 -1.884907949715852737e-03
8.200000000000000000e+01 -1.657142653129994869e-03
8.300000000000000000e+01 -1.289383159019052982e-03
8.400000000000000000e+01 -1.475511118769645691e-03
8.500000000000000000e+01 -1.402795198373496532e-03
8.600000000000000000e+01 -1.428301446139812469e-03
8.700000000000000000e+01 -1.537375501357018948e-03
8.800000000000000000e+01 -1.689599826931953430e-03
8.900000000000000000e+01 -1.510236877948045731e-03
9.000000000000000000e+01 -1.893711974844336510e-03
9.100000000000000000e+01 -2.248751232400536537e-03
9.200000000000000000e+01 -1.940481946803629398e-03
9.300000000000000000e+01 -1.254069735296070576e-03
9.400000000000000000e+01 -8.708809036761522293e-04
9.500000000000000000e+01 4.729550855699926615e-04
9.600000000000000000e+01 1.463974709622561932e-03
9.700000000000000000e+01 1.864217803813517094e-03
9.800000000000000000e+01 -9.544829372316598892e-04
9.900000000000000000e+01 1.480029430240392685e-03
