1.000000000000000000e+00 1.000000000000000000e+00
2.000000000000000000e+00 8.536585569381713867e-01
3.000000000000000000e+00 7.447789311408996582e-01
4.000000000000000000e+00 6.539502143859863281e-01
5.000000000000000000e+00 5.740578174591064453e-01
6.000000000000000000e+00 5.019880533218383789e-01
7.000000000000000000e+00 4.364429414272308350e-01
8.000000000000000000e+00 3.763161003589630127e-01
9.000000000000000000e+00 3.208981752395629883e-01
1.000000000000000000e+01 2.695188224315643311e-01
1.100000000000000000e+01 2.218202054500579834e-01
1.200000000000000000e+01 1.772230118513107300e-01
1.300000000000000000e+01 1.353999227285385132e-01
1.400000000000000000e+01 9.594358503818511963e-02
1.500000000000000000e+01 5.932703986763954163e-02
1.600000000000000000e+01 2.509151771664619446e-02
1.700000000000000000e+01 -6.537502165883779526e-03
1.800000000000000000e+01 -3.541116043925285339e-02
1.900000000000000000e+01 -6.180207431316375732e-02
2.000000000000000000e+01 -8.564077317714691162e-02
2.100000000000000000e+01 -1.068832576274871826e-01
2.200000000000000000e+01 -1.253735572099685669e-01
2.300000000000000000e+01 -1.409882903099060059e-01
2.400000000000000000e+01 -1.540660411119461060e-01
2.500000000000000000e+01 -1.643484383821487427e-01
2.600000000000000000e+01 -1.722833514213562012e-01
2.700000000000000000e+01 -1.774287372827529907e-01
2.800000000000000000e+01 -1.801291406154632568e-01
2.900000000000000000e+01 -1.807303130626678467e-01
3.000000000000000000e+01 -1.794041246175765991e-01
3.100000000000000000e+01 -1.762904822826385498e-01
3.200000000000000000e+01 -1.715436279773712158e-01
3.300000000000000000e+01 -1.652676761150360107e-01
3.400000000000000000e+01 -1.579012721776962280e-01
3.500000000000000000e+01 -1.493761241436004639e-01
3.600000000000000000e+01 -1.403516680002212524e-01
3.700000000000000000e+01 -1.308158785104751587e-01
3.800000000000000000e+01 -1.210900545120239258e-01
3.900000000000000000e+01 -1.108813136816024780e-01
4.000000000000000000e+01 -1.006937250494956970e-01
4.100000000000000000e+01 -9.011621028184890747e-02
4.200000000000000000e+01 -7.964456081390380859e-02
4.300000000000000000e+01 -6.946015357971191406e-02
4.400000000000000000e+01 -5.936787649989128113e-02
4.500000000000000000e+01 -4.960318654775619507e-02
4.600000000000000000e+01 -4.016986116766929626e-02
4.700000000000000000e+01 -3.135923668742179871e-02
4.800000000000000000e+01 -2.292943559587001801e-02
4.900000000000000000e+01 -1.500384230166673660e-02
5.000000000000000000e+01 -7.838077843189239502e-03
5.100000000000000000e+01 -1.127379480749368668e-03
5.200000000000000000e+01 5.118031986057758331e-03
5.300000000000000000e+01 1.095260307192802429e-02
5.400000000000000000e+01 1.579211466014385223e-02
5.500000000000000000e+01 1.989115402102470398e-02
5.600000000000000000e+01 2.370965294539928436e-02
5.700000000000000000e+01 2.689117193222045898e-02
5.800000000000000000e+01 2.944565191864967346e-02
5.900000000000000000e+01 3.132154047489166260e-02
6.000000000000000000e+01 3.269858285784721375e-02
6.100000000000000000e+01 3.327273949980735779e-02
6.200000000000000000e+01 3.352800756692886353e-02
6.300000000000000000e+01 3.370677307248115540e-02
6.400000000000000000e+01 3.357930481433868408e-02
6.500000000000000000e+01 3.319338336586952209e-02
6.600000000000000000e+01 3.226524963974952698e-02
6.700000000000000000e+01 3.151644021272659302e-02
6.800000000000000000e+01 3.044422902166843414e-02
6.900000000000000000e+01 2.906711585819721222e-02
7.000000000000000000e+01 2.742376364767551422e-02
7.100000000000000000e+01 2.566348575055599213e-02
7.200000000000000000e+01 2.378725819289684296e-02
7.300000000000000000e+01 2.181842178106307983e-02
7.400000000000000000e+01 1.954940520226955414e-02
7.500000000000000000e+01 1.763714104890823364e-02
7.600000000000000000e+01 1.594713144004344940e-02
7.700000000000000000e+01 1.442233473062515259e-02
7.800000000000000000e+01 1.246959809213876724e-02
7.900000000000000000e+01 1.066579949110746384e-02
8.000000000000000000e+01 8.465806022286415100e-03
8.100000000000000000e+01 6.467758677899837494e-03
8.200000000000000000e+01 4.684891086071729660e-03
8.300000000000000000e+01 3.570920787751674652e-03
8.400000000000000000e+01 2.167852595448493958e-03
8.500000000000000000e+01 4.356113786343485117e-04
8.600000000000000000e+01 -9.456005645915865898e-04
8.700000000000000000e+01 -2.449075458571314812e-03
8.800000000000000000e+01 -3.835973562672734261e-03
8.900000000000000000e+01 -4.680519923567771912e-03
9.000000000000000000e+01 -5.767877213656902313e-03
9.100000000000000000e+01 -6.869344972074031830e-03
9.200000000000000000e+01 -7.238029502332210541e-03
9.300000000000000000e+01 -7.826004177331924438e-03
9.400000000000000000e+01 -9.011902846395969391e-03
9.500000000000000000e+01 -9.975692257285118103e-03
9.600000000000000000e+01 -1.078583300113677979e-02
9.700000000000000000e+01 -1.031491253525018692e-02
9.800000000000000000e+01 -1.024262327700853348e-02
9.900000000000000000e+01 -1.080952305346727371e-02
