1.000000000000000000e+00 1.000000000000000000e+00
2.000000000000000000e+00 8.593513965606689453e-01
3.000000000000000000e+00 7.543678283691406250e-01
4.000000000000000000e+00 6.664158105850219727e-01
5.000000000000000000e+00 5.886703729629516602e-01
6.000000000000000000e+00 5.182992815971374512e-01
7.000000000000000000e+00 4.538370966911315918e-01
8.000000000000000000e+00 3.944410383701324463e-01
9.000000000000000000e+00 3.396300077438354492e-01
1.000000000000000000e+01 2.885734140872955322e-01
1.100000000000000000e+01 2.408554553985595703e-01
1.200000000000000000e+01 1.957970112562179565e-01
1.300000000000000000e+01 1.534285694360733032e-01
1.400000000000000000e+01 1.134098172187805176e-01
1.500000000000000000e+01 7.584918290376663208e-02
1.600000000000000000e+01 4.063215851783752441e-02
1.700000000000000000e+01 7.645860780030488968e-03
1.800000000000000000e+01 -2.305635809898376465e-02
1.900000000000000000e+01 -5.110902711749076843e-02
2.000000000000000000e+01 -7.678761333227157593e-02
2.100000000000000000e+01 -9.990312159061431885e-02
2.200000000000000000e+01 -1.203240305185317993e-01
2.300000000000000000e+01 -1.381935328245162964e-01
2.400000000000000000e+01 -1.534012854099273682e-01
2.500000000000000000e+01 -1.659914851188659668e-01
2.600000000000000000e+01 -1.760625243186950684e-01
2.700000000000000000e+01 -1.837697327136993408e-01
2.800000000000000000e+01 -1.885897815227508545e-01
2.900000000000000000e+01 -1.912488043308258057e-01
3.000000000000000000e+01 -1.916689276695251465e-01
3.100000000000000000e+01 -1.901315003633499146e-01
3.200000000000000000e+01 -1.870788633823394775e-01
3.300000000000000000e+01 -1.824099421501159668e-01
3.400000000000000000e+01 -1.763677299022674561e-01
3.500000000000000000e+01 -1.692097932100296021e-01
3.600000000000000000e+01 -1.609046459197998047e-01
3.700000000000000000e+01 -1.518463343381881714e-01
3.800000000000000000e+01 -1.420803070068359375e-01
3.900000000000000000e+01 -1.316183656454086304e-01
4.000000000000000000e+01 -1.208727508783340454e-01
4.100000000000000000e+01 -1.099867522716522217e-01
4.200000000000000000e+01 -9.909757226705551147e-02
4.300000000000000000e+01 -8.839911967515945435e-02
4.400000000000000000e+01 -7.761172205209732056e-02
4.500000000000000000e+01 -6.704945862293243408e-02
4.600000000000000000e+01 -5.687143653631210327e-02
4.700000000000000000e+01 -4.699805006384849548e-02
4.800000000000000000e+01 -3.721857443451881409e-02
4.900000000000000000e+01 -2.811019308865070343e-02
5.000000000000000000e+01 -1.954953558743000031e-02
5.100000000000000000e+01 -1.161926984786987305e-02
5.200000000000000000e+01 -4.542152397334575653e-03
5.300000000000000000e+01 2.046182053163647652e-03
5.400000000000000000e+01 7.764567621052265167e-03
5.500000000000000000e+01 1.303892396390438080e-02
5.600000000000000000e+01 1.771058328449726105e-02
5.700000000000000000e+01 2.204708755016326904e-02
5.800000000000000000e+01 2.604990452527999878e-02
5.900000000000000000e+01 2.945958636701107025e-02
6.000000000000000000e+01 3.263368085026741028e-02
6.100000000000000000e+01 3.503704816102981567e-02
6.200000000000000000e+01 3.648282960057258606e-02
6.300000000000000000e+01 3.754642605781555176e-02
6.400000000000000000e+01 3.830822184681892395e-02
6.500000000000000000e+01 3.893823549151420593e-02
6.600000000000000000e+01 3.939225152134895325e-02
6.700000000000000000e+01 3.944430872797966003e-02
6.800000000000000000e+01 3.917147591710090637e-02
6.900000000000000000e+01 3.863390535116195679e-02
7.000000000000000000e+01 3.744665533304214478e-02
7.100000000000000000e+01 3.613898903131484985e-02
7.200000000000000000e+01 3.449667245149612427e-02
7.300000000000000000e+01 3.257508575916290283e-02
7.400000000000000000e+01 3.089394047856330872e-02
7.500000000000000000e+01 2.898907288908958435e-02
7.600000000000000000e+01 2.688722684979438782e-02
7.700000000000000000e+01 2.507928200066089630e-02
7.800000000000000000e+01 2.331562712788581848e-02
7.900000000000000000e+01 2.128693647682666779e-02
8.000000000000000000e+01 1.899708807468414307e-02
8.100000000000000000e+01 1.678935624659061432e-02
8.200000000000000000e+01 1.412054430693387985e-02
8.300000000000000000e+01 1.169313956052064896e-02
8.400000000000000000e+01 9.817407466471195221e-03
8.500000000000000000e+01 8.184779435396194458e-03
8.600000000000000000e+01 6.986955646425485611e-03
8.700000000000000000e+01 5.251719150692224503e-03
8.800000000000000000e+01 3.957096487283706665e-03
8.900000000000000000e+01 2.926715184003114700e-03
9.000000000000000000e+01 1.862962380982935429e-03
9.100000000000000000e+01 1.510186557425186038e-04
9.200000000000000000e+01 -1.836128765717148781e-03
9.300000000000000000e+01 -3.835101379081606865e-03
9.400000000000000000e+01 -6.449811626225709915e-03
9.500000000000000000e+01 -8.646713569760322571e-03
9.600000000000000000e+01 -1.028408668935298920e-02
9.700000000000000000e+01 -1.197695918381214142e-02
9.800000000000000000e+01 -1.347873266786336899e-02
9.900000000000000000e+01 -1.380944717675447464e-02
