1.000000000000000000e+00 1.000000000000000000e+00
2.000000000000000000e+00 8.634414672851562500e-01
3.000000000000000000e+00 7.613260149955749512e-01
4.000000000000000000e+00 6.756163239479064941e-01
5.000000000000000000e+00 5.998247861862182617e-01
6.000000000000000000e+00 5.309739112854003906e-01
7.000000000000000000e+00 4.674953520298004150e-01
8.000000000000000000e+00 4.089593291282653809e-01
9.000000000000000000e+00 3.547876775264739990e-01
1.000000000000000000e+01 3.042558431625366211e-01
1.100000000000000000e+01 2.567001283168792725e-01
1.200000000000000000e+01 2.118143588304519653e-01
1.300000000000000000e+01 1.691280752420425415e-01
1.400000000000000000e+01 1.286659538745880127e-01
1.500000000000000000e+01 9.048923850059509277e-02
1.600000000000000000e+01 5.457111820578575134e-02
1.700000000000000000e+01 2.060055918991565704e-02
1.800000000000000000e+01 -1.118029840290546417e-02
1.900000000000000000e+01 -4.069539532065391541e-02
2.000000000000000000e+01 -6.797783076763153076e-02
2.100000000000000000e+01 -9.291826188564300537e-02
2.200000000000000000e+01 -1.153794601559638977e-01
2.300000000000000000e+01 -1.351853311061859131e-01
2.400000000000000000e+01 -1.523163616657257080e-01
2.500000000000000000e+01 -1.668537855148315430e-01
2.600000000000000000e+01 -1.786579191684722900e-01
2.700000000000000000e+01 -1.881213039159774780e-01
2.800000000000000000e+01 -1.951090097427368164e-01
2.900000000000000000e+01 -1.994591802358627319e-01
3.000000000000000000e+01 -2.014060467481613159e-01
3.100000000000000000e+01 -2.012701332569122314e-01
3.200000000000000000e+01 -1.993069350719451904e-01
3.300000000000000000e+01 -1.955956816673278809e-01
3.400000000000000000e+01 -1.903613954782485962e-01
3.500000000000000000e+01 -1.837431043386459351e-01
3.600000000000000000e+01 -1.760069131851196289e-01
3.700000000000000000e+01 -1.672157496213912964e-01
3.800000000000000000e+01 -1.576482206583023071e-01
3.900000000000000000e+01 -1.473276019096374512e-01
4.000000000000000000e+01 -1.368161290884017944e-01
4.100000000000000000e+01 -1.260072886943817139e-01
4.200000000000000000e+01 -1.152976453304290771e-01
4.300000000000000000e+01 -1.043741777539253235e-01
4.400000000000000000e+01 -9.326613694429397583e-02
4.500000000000000000e+01 -8.245080709457397461e-02
4.600000000000000000e+01 -7.145771384239196777e-02
4.700000000000000000e+01 -6.103441864252090454e-02
4.800000000000000000e+01 -5.103260278701782227e-02
4.900000000000000000e+01 -4.132654517889022827e-02
5.000000000000000000e+01 -3.214087709784507751e-02
5.100000000000000000e+01 -2.340172976255416870e-02
5.200000000000000000e+01 -1.523413322865962982e-02
5.300000000000000000e+01 -7.553123403340578079e-03
5.400000000000000000e+01 -2.866105351131409407e-04
5.500000000000000000e+01 6.398218218237161636e-03
5.600000000000000000e+01 1.262481231242418289e-02
5.700000000000000000e+01 1.802095957100391388e-02
5.800000000000000000e+01 2.327502705156803131e-02
5.900000000000000000e+01 2.774163521826267242e-02
6.000000000000000000e+01 3.167130425572395325e-02
6.100000000000000000e+01 3.501892462372779846e-02
6.200000000000000000e+01 3.820801526308059692e-02
6.300000000000000000e+01 4.109717160463333130e-02
6.400000000000000000e+01 4.323763400316238403e-02
6.500000000000000000e+01 4.464825615286827087e-02
6.600000000000000000e+01 4.541579261422157288e-02
6.700000000000000000e+01 4.593738913536071777e-02
6.800000000000000000e+01 4.591184109449386597e-02
6.900000000000000000e+01 4.566494002938270569e-02
7.000000000000000000e+01 4.525629058480262756e-02
7.100000000000000000e+01 4.437072575092315674e-02
7.200000000000000000e+01 4.328676685690879822e-02
7.300000000000000000e+01 4.206855222582817078e-02
7.400000000000000000e+01 4.038320854306221008e-02
7.500000000000000000e+01 3.838327899575233459e-02
7.600000000000000000e+01 3.600130975246429443e-02
7.700000000000000000e+01 3.299921751022338867e-02
7.800000000000000000e+01 3.036381676793098450e-02
7.900000000000000000e+01 2.767707780003547668e-02
8.000000000000000000e+01 2.527608163654804230e-02
8.100000000000000000e+01 2.311474084854125977e-02
8.200000000000000000e+01 2.097185514867305756e-02
8.300000000000000000e+01 1.875066943466663361e-02
8.400000000000000000e+01 1.656093075871467590e-02
8.500000000000000000e+01 1.440539583563804626e-02
8.600000000000000000e+01 1.228648144751787186e-02
8.700000000000000000e+01 1.019056141376495361e-02
8.800000000000000000e+01 7.966497913002967834e-03
8.900000000000000000e+01 5.644734948873519897e-03
9.000000000000000000e+01 4.113194532692432404e-03
9.100000000000000000e+01 2.591961063444614410e-03
9.200000000000000000e+01 7.592146284878253937e-04
9.300000000000000000e+01 -6.731817848049104214e-04
9.400000000000000000e+01 -1.962802838534116745e-03
9.500000000000000000e+01 -2.972103189677000046e-03
9.600000000000000000e+01 -5.434353835880756378e-03
9.700000000000000000e+01 -6.420897785574197769e-03
9.800000000000000000e+01 -7.979119196534156799e-03
9.900000000000000000e+01 -6.140800658613443375e-03
