1.000000000000000000e+00 1.000000000000000000e+00
2.000000000000000000e+00 8.660046458244323730e-01
3.000000000000000000e+00 7.657694220542907715e-01
4.000000000000000000e+00 6.815120577812194824e-01
5.000000000000000000e+00 6.067070960998535156e-01
6.000000000000000000e+00 5.386889576911926270e-01
7.000000000000000000e+00 4.763490259647369385e-01
8.000000000000000000e+00 4.188590943813323975e-01
9.000000000000000000e+00 3.651981055736541748e-01
1.000000000000000000e+01 3.150730133056640625e-01
1.100000000000000000e+01 2.677686512470245361e-01
1.200000000000000000e+01 2.230464518070220947e-01
1.300000000000000000e+01 1.805236488580703735e-01
1.400000000000000000e+01 1.399623900651931763e-01
1.500000000000000000e+01 1.015529781579971313e-01
1.600000000000000000e+01 6.523165106773376465e-02
1.700000000000000000e+01 3.083162941038608551e-02
1.800000000000000000e+01 -1.663090428337454796e-03
1.900000000000000000e+01 -3.183159232139587402e-02
2.000000000000000000e+01 -5.961273610591888428e-02
2.100000000000000000e+01 -8.533628284931182861e-02
2.200000000000000000e+01 -1.086598485708236694e-01
2.300000000000000000e+01 -1.295866966247558594e-01
2.400000000000000000e+01 -1.481166183948516846e-01
2.500000000000000000e+01 -1.639815866947174072e-01
2.600000000000000000e+01 -1.772556751966476440e-01
2.700000000000000000e+01 -1.879684329032897949e-01
2.800000000000000000e+01 -1.962976604700088501e-01
2.900000000000000000e+01 -2.021553516387939453e-01
3.000000000000000000e+01 -2.056322395801544189e-01
3.100000000000000000e+01 -2.069342434406280518e-01
3.200000000000000000e+01 -2.061888724565505981e-01
3.300000000000000000e+01 -2.038246542215347290e-01
3.400000000000000000e+01 -1.997869759798049927e-01
3.500000000000000000e+01 -1.942746639251708984e-01
3.600000000000000000e+01 -1.873783618211746216e-01
3.700000000000000000e+01 -1.793010979890823364e-01
3.800000000000000000e+01 -1.703702211380004883e-01
3.900000000000000000e+01 -1.605287790298461914e-01
4.000000000000000000e+01 -1.499585360288619995e-01
4.100000000000000000e+01 -1.389088034629821777e-01
4.200000000000000000e+01 -1.279593408107757568e-01
4.300000000000000000e+01 -1.168128699064254761e-01
4.400000000000000000e+01 -1.059447005391120911e-01
4.500000000000000000e+01 -9.511503577232360840e-02
4.600000000000000000e+01 -8.440945297479629517e-02
4.700000000000000000e+01 -7.392714917659759521e-02
4.800000000000000000e+01 -6.379230320453643799e-02
4.900000000000000000e+01 -5.395051836967468262e-02
5.000000000000000000e+01 -4.428119584918022156e-02
5.100000000000000000e+01 -3.500494360923767090e-02
5.200000000000000000e+01 -2.614638954401016235e-02
5.300000000000000000e+01 -1.758142933249473572e-02
5.400000000000000000e+01 -9.647800587117671967e-03
5.500000000000000000e+01 -2.168905921280384064e-03
5.600000000000000000e+01 4.754649940878152847e-03
5.700000000000000000e+01 1.127806119620800018e-02
5.800000000000000000e+01 1.735477708280086517e-02
5.900000000000000000e+01 2.311175130307674408e-02
6.000000000000000000e+01 2.839920856058597565e-02
6.100000000000000000e+01 3.304930403828620911e-02
6.200000000000000000e+01 3.697105869650840759e-02
6.300000000000000000e+01 4.017883539199829102e-02
6.400000000000000000e+01 4.281130805611610413e-02
6.500000000000000000e+01 4.489299282431602478e-02
6.600000000000000000e+01 4.630757868289947510e-02
6.700000000000000000e+01 4.693589732050895691e-02
6.800000000000000000e+01 4.756547883152961731e-02
6.900000000000000000e+01 4.767587035894393921e-02
7.000000000000000000e+01 4.761786758899688721e-02
7.100000000000000000e+01 4.736961051821708679e-02
7.200000000000000000e+01 4.647041112184524536e-02
7.300000000000000000e+01 4.512977972626686096e-02
7.400000000000000000e+01 4.309177026152610779e-02
7.500000000000000000e+01 4.119328781962394714e-02
7.600000000000000000e+01 3.951995819807052612e-02
7.700000000000000000e+01 3.768502175807952881e-02
7.800000000000000000e+01 3.567444533109664917e-02
7.900000000000000000e+01 3.422090783715248108e-02
8.000000000000000000e+01 3.216997906565666199e-02
8.100000000000000000e+01 2.993104606866836548e-02
8.200000000000000000e+01 2.784251794219017029e-02
8.300000000000000000e+01 2.558466419577598572e-02
8.400000000000000000e+01 2.329493127763271332e-02
8.500000000000000000e+01 2.032530680298805237e-02
8.600000000000000000e+01 1.754975318908691406e-02
8.700000000000000000e+01 1.469649188220500946e-02
8.800000000000000000e+01 1.206960342824459076e-02
8.900000000000000000e+01 9.335864335298538208e-03
9.000000000000000000e+01 6.548581644892692566e-03
9.100000000000000000e+01 3.462827531620860100e-03
9.200000000000000000e+01 1.224689534865319729e-03
9.300000000000000000e+01 -4.731920489575713873e-04
9.400000000000000000e+01 -8.942141430452466011e-04
9.500000000000000000e+01 -1.632845727726817131e-03
9.600000000000000000e+01 -1.855354639701545238e-03
9.700000000000000000e+01 -1.916588982567191124e-03
9.800000000000000000e+01 -1.756956684403121471e-03
9.900000000000000000e+01 1.948339486261829734e-04
