1.000000000000000000e+00 1.000000000000000000e+00
2.000000000000000000e+00 8.644381165504455566e-01
3.000000000000000000e+00 7.634105682373046875e-01
4.000000000000000000e+00 6.783434748649597168e-01
5.000000000000000000e+00 6.030656695365905762e-01
6.000000000000000000e+00 5.346219539642333984e-01
7.000000000000000000e+00 4.716516435146331787e-01
8.000000000000000000e+00 4.136712551116943359e-01
9.000000000000000000e+00 3.595733940601348877e-01
1.000000000000000000e+01 3.090463280677795410e-01
1.100000000000000000e+01 2.614014446735382080e-01
1.200000000000000000e+01 2.163530886173248291e-01
1.300000000000000000e+01 1.735904514789581299e-01
1.400000000000000000e+01 1.329037398099899292e-01
1.500000000000000000e+01 9.452466666698455811e-02
1.600000000000000000e+01 5.830485373735427856e-02
1.700000000000000000e+01 2.408395893871784210e-02
1.800000000000000000e+01 -7.705042604357004166e-03
1.900000000000000000e+01 -3.728756308555603027e-02
2.000000000000000000e+01 -6.495390832424163818e-02
2.100000000000000000e+01 -9.018652141094207764e-02
2.200000000000000000e+01 -1.130155771970748901e-01
2.300000000000000000e+01 -1.333799064159393311e-01
2.400000000000000000e+01 -1.510377675294876099e-01
2.500000000000000000e+01 -1.662363260984420776e-01
2.600000000000000000e+01 -1.787877380847930908e-01
2.700000000000000000e+01 -1.887505948543548584e-01
2.800000000000000000e+01 -1.961336582899093628e-01
2.900000000000000000e+01 -2.009531259536743164e-01
3.000000000000000000e+01 -2.035487294197082520e-01
3.100000000000000000e+01 -2.037529498338699341e-01
3.200000000000000000e+01 -2.021920531988143921e-01
3.300000000000000000e+01 -1.989175677299499512e-01
3.400000000000000000e+01 -1.942130476236343384e-01
3.500000000000000000e+01 -1.880883723497390747e-01
3.600000000000000000e+01 -1.807372421026229858e-01
3.700000000000000000e+01 -1.724700480699539185e-01
3.800000000000000000e+01 -1.633690595626831055e-01
3.900000000000000000e+01 -1.537726074457168579e-01
4.000000000000000000e+01 -1.434656083583831787e-01
4.100000000000000000e+01 -1.328988671302795410e-01
4.200000000000000000e+01 -1.221691668033599854e-01
4.300000000000000000e+01 -1.113008260726928711e-01
4.400000000000000000e+01 -1.003544032573699951e-01
4.500000000000000000e+01 -8.927272260189056396e-02
4.600000000000000000e+01 -7.817319035530090332e-02
4.700000000000000000e+01 -6.742770224809646606e-02
4.800000000000000000e+01 -5.690811574459075928e-02
4.900000000000000000e+01 -4.663054645061492920e-02
5.000000000000000000e+01 -3.682758659124374390e-02
5.100000000000000000e+01 -2.756014652550220490e-02
5.200000000000000000e+01 -1.892204210162162781e-02
5.300000000000000000e+01 -1.078698039054870605e-02
5.400000000000000000e+01 -3.135043894872069359e-03
5.500000000000000000e+01 3.962355200201272964e-03
5.600000000000000000e+01 1.052152179181575775e-02
5.700000000000000000e+01 1.667677797377109528e-02
5.800000000000000000e+01 2.190847322344779968e-02
5.900000000000000000e+01 2.654171548783779144e-02
6.000000000000000000e+01 3.058619610965251923e-02
6.100000000000000000e+01 3.406609594821929932e-02
6.200000000000000000e+01 3.725214302539825439e-02
6.300000000000000000e+01 3.984777629375457764e-02
6.400000000000000000e+01 4.211291298270225525e-02
6.500000000000000000e+01 4.364943504333496094e-02
6.600000000000000000e+01 4.490067437291145325e-02
6.700000000000000000e+01 4.527240619063377380e-02
6.800000000000000000e+01 4.537493735551834106e-02
6.900000000000000000e+01 4.517903178930282593e-02
7.000000000000000000e+01 4.465630277991294861e-02
7.100000000000000000e+01 4.340621829032897949e-02
7.200000000000000000e+01 4.202109202742576599e-02
7.300000000000000000e+01 4.094325006008148193e-02
7.400000000000000000e+01 3.927668929100036621e-02
7.500000000000000000e+01 3.748239949345588684e-02
7.600000000000000000e+01 3.623339161276817322e-02
7.700000000000000000e+01 3.431166335940361023e-02
7.800000000000000000e+01 3.241233155131340027e-02
7.900000000000000000e+01 3.001303039491176605e-02
8.000000000000000000e+01 2.812875248491764069e-02
8.100000000000000000e+01 2.610352076590061188e-02
8.200000000000000000e+01 2.401385270059108734e-02
8.300000000000000000e+01 2.205165848135948181e-02
8.400000000000000000e+01 2.016355656087398529e-02
8.500000000000000000e+01 1.790190488100051880e-02
8.600000000000000000e+01 1.546658109873533249e-02
8.700000000000000000e+01 1.300885342061519623e-02
8.800000000000000000e+01 1.022287923842668533e-02
8.900000000000000000e+01 7.882355712354183197e-03
9.000000000000000000e+01 5.305998027324676514e-03
9.100000000000000000e+01 3.382052993401885033e-03
9.200000000000000000e+01 1.912581501528620720e-03
9.300000000000000000e+01 1.047914731316268444e-03
9.400000000000000000e+01 5.527420216822065413e-05
9.500000000000000000e+01 -1.461186795495450497e-03
9.600000000000000000e+01 -1.842997036874294281e-03
9.700000000000000000e+01 -3.199729602783918381e-03
9.800000000000000000e+01 -5.122905131429433823e-03
9.900000000000000000e+01 -7.488051429390907288e-03
