1.000000000000000000e+00 1.000000000000000000e+00
2.000000000000000000e+00 8.586724996566772461e-01
3.000000000000000000e+00 7.534121870994567871e-01
4.000000000000000000e+00 6.648889183998107910e-01
5.000000000000000000e+00 5.868321061134338379e-01
6.000000000000000000e+00 5.163133740425109863e-01
7.000000000000000000e+00 4.517256319522857666e-01
8.000000000000000000e+00 3.923521935939788818e-01
9.000000000000000000e+00 3.374242186546325684e-01
1.000000000000000000e+01 2.865133285522460938e-01
1.100000000000000000e+01 2.386780530214309692e-01
1.200000000000000000e+01 1.936793476343154907e-01
1.300000000000000000e+01 1.513787060976028442e-01
1.400000000000000000e+01 1.115707457065582275e-01
1.500000000000000000e+01 7.408621907234191895e-02
1.600000000000000000e+01 3.887566179037094116e-02
1.700000000000000000e+01 6.132181733846664429e-03
1.800000000000000000e+01 -2.414405159652233124e-02
1.900000000000000000e+01 -5.208380520343780518e-02
2.000000000000000000e+01 -7.745687663555145264e-02
2.100000000000000000e+01 -1.003168001770973206e-01
2.200000000000000000e+01 -1.205721944570541382e-01
2.300000000000000000e+01 -1.383066326379776001e-01
2.400000000000000000e+01 -1.532386690378189087e-01
2.500000000000000000e+01 -1.655983477830886841e-01
2.600000000000000000e+01 -1.752591580152511597e-01
2.700000000000000000e+01 -1.826445609331130981e-01
2.800000000000000000e+01 -1.876614093780517578e-01
2.900000000000000000e+01 -1.902043819427490234e-01
3.000000000000000000e+01 -1.906605064868927002e-01
3.100000000000000000e+01 -1.891124099493026733e-01
3.200000000000000000e+01 -1.858188360929489136e-01
3.300000000000000000e+01 -1.810742467641830444e-01
3.400000000000000000e+01 -1.749750524759292603e-01
3.500000000000000000e+01 -1.673066169023513794e-01
3.600000000000000000e+01 -1.587576121091842651e-01
3.700000000000000000e+01 -1.494057029485702515e-01
3.800000000000000000e+01 -1.393559426069259644e-01
3.900000000000000000e+01 -1.288717389106750488e-01
4.000000000000000000e+01 -1.180901154875755310e-01
4.100000000000000000e+01 -1.073473915457725525e-01
4.200000000000000000e+01 -9.666021913290023804e-02
4.300000000000000000e+01 -8.610517531633377075e-02
4.400000000000000000e+01 -7.587920129299163818e-02
4.500000000000000000e+01 -6.604624539613723755e-02
4.600000000000000000e+01 -5.600199848413467407e-02
4.700000000000000000e+01 -4.614895582199096680e-02
4.800000000000000000e+01 -3.709217905998229980e-02
4.900000000000000000e+01 -2.822879701852798462e-02
5.000000000000000000e+01 -1.975430734455585480e-02
5.100000000000000000e+01 -1.202333811670541763e-02
5.200000000000000000e+01 -4.765022080391645432e-03
5.300000000000000000e+01 1.859859563410282135e-03
5.400000000000000000e+01 7.725700736045837402e-03
5.500000000000000000e+01 1.328366994857788086e-02
5.600000000000000000e+01 1.816841959953308105e-02
5.700000000000000000e+01 2.289935015141963959e-02
5.800000000000000000e+01 2.676304243505001068e-02
5.900000000000000000e+01 2.983737364411354065e-02
6.000000000000000000e+01 3.220053762197494507e-02
6.100000000000000000e+01 3.476706892251968384e-02
6.200000000000000000e+01 3.710229694843292236e-02
6.300000000000000000e+01 3.896501660346984863e-02
6.400000000000000000e+01 4.034884646534919739e-02
6.500000000000000000e+01 4.106457903981208801e-02
6.600000000000000000e+01 4.150142520666122437e-02
6.700000000000000000e+01 4.122682288289070129e-02
6.800000000000000000e+01 4.042374342679977417e-02
6.900000000000000000e+01 3.946005925536155701e-02
7.000000000000000000e+01 3.828776255249977112e-02
7.100000000000000000e+01 3.709134832024574280e-02
7.200000000000000000e+01 3.566414862871170044e-02
7.300000000000000000e+01 3.404506295919418335e-02
7.400000000000000000e+01 3.244733065366744995e-02
7.500000000000000000e+01 3.075064904987812042e-02
7.600000000000000000e+01 2.854310162365436554e-02
7.700000000000000000e+01 2.625305578112602234e-02
7.800000000000000000e+01 2.370161935687065125e-02
7.900000000000000000e+01 2.123546227812767029e-02
8.000000000000000000e+01 1.863376796245574951e-02
8.100000000000000000e+01 1.620575599372386932e-02
8.200000000000000000e+01 1.376537978649139404e-02
8.300000000000000000e+01 1.148356776684522629e-02
8.400000000000000000e+01 9.344316087663173676e-03
8.500000000000000000e+01 7.056454196572303772e-03
8.600000000000000000e+01 4.530930891633033752e-03
8.700000000000000000e+01 2.810387872159481049e-03
8.800000000000000000e+01 1.075014472007751465e-03
8.900000000000000000e+01 -6.996099837124347687e-04
9.000000000000000000e+01 -2.021256368607282639e-03
9.100000000000000000e+01 -3.584383055567741394e-03
9.200000000000000000e+01 -5.896402057260274887e-03
9.300000000000000000e+01 -7.203012239187955856e-03
9.400000000000000000e+01 -7.656140718609094620e-03
9.500000000000000000e+01 -7.633662782609462738e-03
9.600000000000000000e+01 -8.721237070858478546e-03
9.700000000000000000e+01 -9.213054552674293518e-03
9.800000000000000000e+01 -7.638121023774147034e-03
9.900000000000000000e+01 -5.028852727264165878e-03
