1.000000000000000000e+00 1.000000000000000000e+00
2.000000000000000000e+00 8.653026223182678223e-01
3.000000000000000000e+00 7.647911310195922852e-01
4.000000000000000000e+00 6.803102493286132812e-01
5.000000000000000000e+00 6.053538918495178223e-01
6.000000000000000000e+00 5.371239781379699707e-01
7.000000000000000000e+00 4.744642078876495361e-01
8.000000000000000000e+00 4.164982140064239502e-01
9.000000000000000000e+00 3.626189231872558594e-01
1.000000000000000000e+01 3.120659291744232178e-01
1.100000000000000000e+01 2.643868327140808105e-01
1.200000000000000000e+01 2.194817513227462769e-01
1.300000000000000000e+01 1.767992675304412842e-01
1.400000000000000000e+01 1.361448019742965698e-01
1.500000000000000000e+01 9.765494614839553833e-02
1.600000000000000000e+01 6.122588738799095154e-02
1.700000000000000000e+01 2.679553627967834473e-02
1.800000000000000000e+01 -5.424611270427703857e-03
1.900000000000000000e+01 -3.557283803820610046e-02
2.000000000000000000e+01 -6.347882002592086792e-02
2.100000000000000000e+01 -8.909171074628829956e-02
2.200000000000000000e+01 -1.119920760393142700e-01
2.300000000000000000e+01 -1.325445920228958130e-01
2.400000000000000000e+01 -1.505156010389328003e-01
2.500000000000000000e+01 -1.659792959690093994e-01
2.600000000000000000e+01 -1.787288188934326172e-01
2.700000000000000000e+01 -1.890856176614761353e-01
2.800000000000000000e+01 -1.968310177326202393e-01
2.900000000000000000e+01 -2.022115588188171387e-01
3.000000000000000000e+01 -2.052752524614334106e-01
3.100000000000000000e+01 -2.062125653028488159e-01
3.200000000000000000e+01 -2.052299827337265015e-01
3.300000000000000000e+01 -2.023693770170211792e-01
3.400000000000000000e+01 -1.981038898229598999e-01
3.500000000000000000e+01 -1.921722739934921265e-01
3.600000000000000000e+01 -1.851209402084350586e-01
3.700000000000000000e+01 -1.769499331712722778e-01
3.800000000000000000e+01 -1.677588075399398804e-01
3.900000000000000000e+01 -1.576401442289352417e-01
4.000000000000000000e+01 -1.469644904136657715e-01
4.100000000000000000e+01 -1.358568370342254639e-01
4.200000000000000000e+01 -1.245530471205711365e-01
4.300000000000000000e+01 -1.132821217179298401e-01
4.400000000000000000e+01 -1.021810099482536316e-01
4.500000000000000000e+01 -9.122344106435775757e-02
4.600000000000000000e+01 -8.065165579319000244e-02
4.700000000000000000e+01 -7.024350762367248535e-02
4.800000000000000000e+01 -6.024834141135215759e-02
4.900000000000000000e+01 -5.029018968343734741e-02
5.000000000000000000e+01 -4.087380692362785339e-02
5.100000000000000000e+01 -3.170680999755859375e-02
5.200000000000000000e+01 -2.325515076518058777e-02
5.300000000000000000e+01 -1.514785923063755035e-02
5.400000000000000000e+01 -7.616223301738500595e-03
5.500000000000000000e+01 -5.267306114546954632e-04
5.600000000000000000e+01 6.129027809947729111e-03
5.700000000000000000e+01 1.233861967921257019e-02
5.800000000000000000e+01 1.812958531081676483e-02
5.900000000000000000e+01 2.310538105666637421e-02
6.000000000000000000e+01 2.749240025877952576e-02
6.100000000000000000e+01 3.158212453126907349e-02
6.200000000000000000e+01 3.502608090639114380e-02
6.300000000000000000e+01 3.783363476395606995e-02
6.400000000000000000e+01 4.042325913906097412e-02
6.500000000000000000e+01 4.242788627743721008e-02
6.600000000000000000e+01 4.416663944721221924e-02
6.700000000000000000e+01 4.514808952808380127e-02
6.800000000000000000e+01 4.565050825476646423e-02
6.900000000000000000e+01 4.590215906500816345e-02
7.000000000000000000e+01 4.601262509822845459e-02
7.100000000000000000e+01 4.580356925725936890e-02
7.200000000000000000e+01 4.500610381364822388e-02
7.300000000000000000e+01 4.414753243327140808e-02
7.400000000000000000e+01 4.269105568528175354e-02
7.500000000000000000e+01 4.098909720778465271e-02
7.600000000000000000e+01 3.904133662581443787e-02
7.700000000000000000e+01 3.687265515327453613e-02
7.800000000000000000e+01 3.445548564195632935e-02
7.900000000000000000e+01 3.156188502907752991e-02
8.000000000000000000e+01 2.878937311470508575e-02
8.100000000000000000e+01 2.664602920413017273e-02
8.200000000000000000e+01 2.449143864214420319e-02
8.300000000000000000e+01 2.225650474429130554e-02
8.400000000000000000e+01 1.995332911610603333e-02
8.500000000000000000e+01 1.786717958748340607e-02
8.600000000000000000e+01 1.594197191298007965e-02
8.700000000000000000e+01 1.436134334653615952e-02
8.800000000000000000e+01 1.279038190841674805e-02
8.900000000000000000e+01 1.086208969354629517e-02
9.000000000000000000e+01 8.840668946504592896e-03
9.100000000000000000e+01 6.506319157779216766e-03
9.200000000000000000e+01 4.413793794810771942e-03
9.300000000000000000e+01 3.106912830844521523e-03
9.400000000000000000e+01 2.552964724600315094e-03
9.500000000000000000e+01 1.187616609968245029e-03
9.600000000000000000e+01 -6.901439628563821316e-04
9.700000000000000000e+01 -2.298148581758141518e-03
9.800000000000000000e+01 -3.562354249879717827e-03
9.900000000000000000e+01 -4.479310009628534317e-03
