1.000000000000000000e+00 1.000000000000000000e+00
2.000000000000000000e+00 8.665376305580139160e-01
3.000000000000000000e+00 7.667609453201293945e-01
4.000000000000000000e+00 6.826997399330139160e-01
5.000000000000000000e+00 6.081494092941284180e-01
6.000000000000000000e+00 5.403577089309692383e-01
7.000000000000000000e+00 4.779274165630340576e-01
8.000000000000000000e+00 4.202003479003906250e-01
9.000000000000000000e+00 3.666782379150390625e-01
1.000000000000000000e+01 3.164331614971160889e-01
1.100000000000000000e+01 2.690620124340057373e-01
1.200000000000000000e+01 2.242976427078247070e-01
1.300000000000000000e+01 1.817176789045333862e-01
1.400000000000000000e+01 1.413599699735641479e-01
1.500000000000000000e+01 1.028363704681396484e-01
1.600000000000000000e+01 6.636709719896316528e-02
1.700000000000000000e+01 3.171695023775100708e-02
1.800000000000000000e+01 -9.159422479569911957e-04
1.900000000000000000e+01 -3.134938329458236694e-02
2.000000000000000000e+01 -5.975010618567466736e-02
2.100000000000000000e+01 -8.602823317050933838e-02
2.200000000000000000e+01 -1.096456348896026611e-01
2.300000000000000000e+01 -1.307565569877624512e-01
2.400000000000000000e+01 -1.492450684309005737e-01
2.500000000000000000e+01 -1.651988327503204346e-01
2.600000000000000000e+01 -1.785729378461837769e-01
2.700000000000000000e+01 -1.892930865287780762e-01
2.800000000000000000e+01 -1.976799517869949341e-01
2.900000000000000000e+01 -2.035385519266128540e-01
3.000000000000000000e+01 -2.069879919290542603e-01
3.100000000000000000e+01 -2.084031403064727783e-01
3.200000000000000000e+01 -2.080432474613189697e-01
3.300000000000000000e+01 -2.058805972337722778e-01
3.400000000000000000e+01 -2.018271982669830322e-01
3.500000000000000000e+01 -1.961172223091125488e-01
3.600000000000000000e+01 -1.894164234399795532e-01
3.700000000000000000e+01 -1.813164949417114258e-01
3.800000000000000000e+01 -1.722591221332550049e-01
3.900000000000000000e+01 -1.624514311552047729e-01
4.000000000000000000e+01 -1.521015763282775879e-01
4.100000000000000000e+01 -1.414501219987869263e-01
4.200000000000000000e+01 -1.302976608276367188e-01
4.300000000000000000e+01 -1.193913519382476807e-01
4.400000000000000000e+01 -1.082240194082260132e-01
4.500000000000000000e+01 -9.712313115596771240e-02
4.600000000000000000e+01 -8.599644154310226440e-02
4.700000000000000000e+01 -7.513516396284103394e-02
4.800000000000000000e+01 -6.437119841575622559e-02
4.900000000000000000e+01 -5.408023670315742493e-02
5.000000000000000000e+01 -4.421375691890716553e-02
5.100000000000000000e+01 -3.450247645378112793e-02
5.200000000000000000e+01 -2.552025206387042999e-02
5.300000000000000000e+01 -1.695649698376655579e-02
5.400000000000000000e+01 -8.683755062520503998e-03
5.500000000000000000e+01 -9.434380335733294487e-04
5.600000000000000000e+01 6.321092601865530014e-03
5.700000000000000000e+01 1.312972512096166611e-02
5.800000000000000000e+01 1.915417052805423737e-02
5.900000000000000000e+01 2.451062574982643127e-02
6.000000000000000000e+01 2.923515066504478455e-02
6.100000000000000000e+01 3.354379534721374512e-02
6.200000000000000000e+01 3.729071840643882751e-02
6.300000000000000000e+01 4.054453969001770020e-02
6.400000000000000000e+01 4.300274699926376343e-02
6.500000000000000000e+01 4.468256607651710510e-02
6.600000000000000000e+01 4.592351987957954407e-02
6.700000000000000000e+01 4.676671698689460754e-02
6.800000000000000000e+01 4.727867990732192993e-02
6.900000000000000000e+01 4.721104353666305542e-02
7.000000000000000000e+01 4.685490950942039490e-02
7.100000000000000000e+01 4.590300470590591431e-02
7.200000000000000000e+01 4.442416876554489136e-02
7.300000000000000000e+01 4.269138351082801819e-02
7.400000000000000000e+01 4.094791039824485779e-02
7.500000000000000000e+01 3.898792713880538940e-02
7.600000000000000000e+01 3.718089684844017029e-02
7.700000000000000000e+01 3.542518988251686096e-02
7.800000000000000000e+01 3.348763659596443176e-02
7.900000000000000000e+01 3.153420239686965942e-02
8.000000000000000000e+01 2.977941185235977173e-02
8.100000000000000000e+01 2.786557190120220184e-02
8.200000000000000000e+01 2.619453333318233490e-02
8.300000000000000000e+01 2.426019310951232910e-02
8.400000000000000000e+01 2.233805879950523376e-02
8.500000000000000000e+01 2.039322815835475922e-02
8.600000000000000000e+01 1.876082830131053925e-02
8.700000000000000000e+01 1.698100939393043518e-02
8.800000000000000000e+01 1.504724659025669098e-02
8.900000000000000000e+01 1.304704882204532623e-02
9.000000000000000000e+01 1.128623168915510178e-02
9.100000000000000000e+01 9.366883896291255951e-03
9.200000000000000000e+01 6.297316867858171463e-03
9.300000000000000000e+01 3.954053390771150589e-03
9.400000000000000000e+01 2.861670218408107758e-03
9.500000000000000000e+01 1.975034363567829132e-03
9.600000000000000000e+01 1.010150881484150887e-03
9.700000000000000000e+01 -6.350938347168266773e-04
9.800000000000000000e+01 -2.013320568948984146e-03
9.900000000000000000e+01 -2.685919404029846191e-03
