1.000000000000000000e+00 1.000000000000000000e+00
2.000000000000000000e+00 8.646009564399719238e-01
3.000000000000000000e+00 7.633877396583557129e-01
4.000000000000000000e+00 6.782038807868957520e-01
5.000000000000000000e+00 6.026163697242736816e-01
6.000000000000000000e+00 5.341520905494689941e-01
7.000000000000000000e+00 4.711219072341918945e-01
8.000000000000000000e+00 4.127135574817657471e-01
9.000000000000000000e+00 3.585133850574493408e-01
1.000000000000000000e+01 3.078725039958953857e-01
1.100000000000000000e+01 2.602298557758331299e-01
1.200000000000000000e+01 2.154169380664825439e-01
1.300000000000000000e+01 1.728234142065048218e-01
1.400000000000000000e+01 1.322585493326187134e-01
1.500000000000000000e+01 9.395881742238998413e-02
1.600000000000000000e+01 5.773067846894264221e-02
1.700000000000000000e+01 2.363082394003868103e-02
1.800000000000000000e+01 -8.417815901339054108e-03
1.900000000000000000e+01 -3.802013769745826721e-02
2.000000000000000000e+01 -6.536126136779785156e-02
2.100000000000000000e+01 -9.052868932485580444e-02
2.200000000000000000e+01 -1.132702529430389404e-01
2.300000000000000000e+01 -1.332614272832870483e-01
2.400000000000000000e+01 -1.506726145744323730e-01
2.500000000000000000e+01 -1.657058447599411011e-01
2.600000000000000000e+01 -1.779944747686386108e-01
2.700000000000000000e+01 -1.876751780509948730e-01
2.800000000000000000e+01 -1.949408352375030518e-01
2.900000000000000000e+01 -1.999040991067886353e-01
3.000000000000000000e+01 -2.025250196456909180e-01
3.100000000000000000e+01 -2.030450254678726196e-01
3.200000000000000000e+01 -2.017371803522109985e-01
3.300000000000000000e+01 -1.987017095088958740e-01
3.400000000000000000e+01 -1.940298378467559814e-01
3.500000000000000000e+01 -1.879003942012786865e-01
3.600000000000000000e+01 -1.807295233011245728e-01
3.700000000000000000e+01 -1.722766757011413574e-01
3.800000000000000000e+01 -1.631383746862411499e-01
3.900000000000000000e+01 -1.533750593662261963e-01
4.000000000000000000e+01 -1.430860608816146851e-01
4.100000000000000000e+01 -1.323467493057250977e-01
4.200000000000000000e+01 -1.213612630963325500e-01
4.300000000000000000e+01 -1.101438477635383606e-01
4.400000000000000000e+01 -9.885508567094802856e-02
4.500000000000000000e+01 -8.762589097023010254e-02
4.600000000000000000e+01 -7.657603919506072998e-02
4.700000000000000000e+01 -6.598621606826782227e-02
4.800000000000000000e+01 -5.568076670169830322e-02
4.900000000000000000e+01 -4.578018188476562500e-02
5.000000000000000000e+01 -3.605317696928977966e-02
5.100000000000000000e+01 -2.678120136260986328e-02
5.200000000000000000e+01 -1.805076934397220612e-02
5.300000000000000000e+01 -1.018770784139633179e-02
5.400000000000000000e+01 -2.822322770953178406e-03
5.500000000000000000e+01 4.441212862730026245e-03
5.600000000000000000e+01 1.120372209697961807e-02
5.700000000000000000e+01 1.760953105986118317e-02
5.800000000000000000e+01 2.341523580253124237e-02
5.900000000000000000e+01 2.878368273377418518e-02
6.000000000000000000e+01 3.307034447789192200e-02
6.100000000000000000e+01 3.667264804244041443e-02
6.200000000000000000e+01 3.989375755190849304e-02
6.300000000000000000e+01 4.245500266551971436e-02
6.400000000000000000e+01 4.427928104996681213e-02
6.500000000000000000e+01 4.555418714880943298e-02
6.600000000000000000e+01 4.634670913219451904e-02
6.700000000000000000e+01 4.667295143008232117e-02
6.800000000000000000e+01 4.628567397594451904e-02
6.900000000000000000e+01 4.586606845259666443e-02
7.000000000000000000e+01 4.528811573982238770e-02
7.100000000000000000e+01 4.442325979471206665e-02
7.200000000000000000e+01 4.333155229687690735e-02
7.300000000000000000e+01 4.199931025505065918e-02
7.400000000000000000e+01 4.005750268697738647e-02
7.500000000000000000e+01 3.795713931322097778e-02
7.600000000000000000e+01 3.578844666481018066e-02
7.700000000000000000e+01 3.354962915182113647e-02
7.800000000000000000e+01 3.141217678785324097e-02
7.900000000000000000e+01 2.937175706028938293e-02
8.000000000000000000e+01 2.691931650042533875e-02
8.100000000000000000e+01 2.445819601416587830e-02
8.200000000000000000e+01 2.216909639537334442e-02
8.300000000000000000e+01 2.001344598829746246e-02
8.400000000000000000e+01 1.810959912836551666e-02
8.500000000000000000e+01 1.572075858712196350e-02
8.600000000000000000e+01 1.394910458475351334e-02
8.700000000000000000e+01 1.179357338696718216e-02
8.800000000000000000e+01 9.506125934422016144e-03
8.900000000000000000e+01 6.886503659188747406e-03
9.000000000000000000e+01 4.369031637907028198e-03
9.100000000000000000e+01 2.855699043720960617e-03
9.200000000000000000e+01 1.423656824044883251e-03
9.300000000000000000e+01 -1.213427749462425709e-03
9.400000000000000000e+01 -3.392998827621340752e-03
9.500000000000000000e+01 -5.218983627855777740e-03
9.600000000000000000e+01 -6.391017697751522064e-03
9.700000000000000000e+01 -7.394619286060333252e-03
9.800000000000000000e+01 -8.788570761680603027e-03
9.900000000000000000e+01 -1.090296637266874313e-02
