1.000000000000000000e+00 1.000000000000000000e+00
2.000000000000000000e+00 8.654001951217651367e-01
3.000000000000000000e+00 7.648798823356628418e-01
4.000000000000000000e+00 6.801913380622863770e-01
5.000000000000000000e+00 6.052464246749877930e-01
6.000000000000000000e+00 5.371013283729553223e-01
7.000000000000000000e+00 4.744628369808197021e-01
8.000000000000000000e+00 4.164978861808776855e-01
9.000000000000000000e+00 3.625390529632568359e-01
1.000000000000000000e+01 3.121349215507507324e-01
1.100000000000000000e+01 2.646462023258209229e-01
1.200000000000000000e+01 2.194714546203613281e-01
1.300000000000000000e+01 1.766985058784484863e-01
1.400000000000000000e+01 1.360922008752822876e-01
1.500000000000000000e+01 9.748891741037368774e-02
1.600000000000000000e+01 6.100573390722274780e-02
1.700000000000000000e+01 2.647504024207592010e-02
1.800000000000000000e+01 -5.856391508132219315e-03
1.900000000000000000e+01 -3.604616224765777588e-02
2.000000000000000000e+01 -6.408617645502090454e-02
2.100000000000000000e+01 -8.977755159139633179e-02
2.200000000000000000e+01 -1.129350587725639343e-01
2.300000000000000000e+01 -1.334147304296493530e-01
2.400000000000000000e+01 -1.511125862598419189e-01
2.500000000000000000e+01 -1.664369106292724609e-01
2.600000000000000000e+01 -1.791970878839492798e-01
2.700000000000000000e+01 -1.894099265336990356e-01
2.800000000000000000e+01 -1.969321817159652710e-01
2.900000000000000000e+01 -2.021987885236740112e-01
3.000000000000000000e+01 -2.050263136625289917e-01
3.100000000000000000e+01 -2.056125700473785400e-01
3.200000000000000000e+01 -2.042813003063201904e-01
3.300000000000000000e+01 -2.012204527854919434e-01
3.400000000000000000e+01 -1.968845725059509277e-01
3.500000000000000000e+01 -1.912688761949539185e-01
3.600000000000000000e+01 -1.841947883367538452e-01
3.700000000000000000e+01 -1.760198473930358887e-01
3.800000000000000000e+01 -1.669061928987503052e-01
3.900000000000000000e+01 -1.571289151906967163e-01
4.000000000000000000e+01 -1.466169953346252441e-01
4.100000000000000000e+01 -1.357070803642272949e-01
4.200000000000000000e+01 -1.245588734745979309e-01
4.300000000000000000e+01 -1.133523434400558472e-01
4.400000000000000000e+01 -1.022301167249679565e-01
4.500000000000000000e+01 -9.142537415027618408e-02
4.600000000000000000e+01 -8.072996884584426880e-02
4.700000000000000000e+01 -7.043058425188064575e-02
4.800000000000000000e+01 -6.024232879281044006e-02
4.900000000000000000e+01 -5.023027583956718445e-02
5.000000000000000000e+01 -4.061187431216239929e-02
5.100000000000000000e+01 -3.153457120060920715e-02
5.200000000000000000e+01 -2.280327305197715759e-02
5.300000000000000000e+01 -1.469874568283557892e-02
5.400000000000000000e+01 -7.206791546195745468e-03
5.500000000000000000e+01 -2.620347731863148510e-05
5.600000000000000000e+01 7.078893017023801804e-03
5.700000000000000000e+01 1.319683622568845749e-02
5.800000000000000000e+01 1.882853731513023376e-02
5.900000000000000000e+01 2.376398630440235138e-02
6.000000000000000000e+01 2.837537042796611786e-02
6.100000000000000000e+01 3.276997059583663940e-02
6.200000000000000000e+01 3.644127771258354187e-02
6.300000000000000000e+01 3.960666432976722717e-02
6.400000000000000000e+01 4.209909215569496155e-02
6.500000000000000000e+01 4.391008988022804260e-02
6.600000000000000000e+01 4.520563036203384399e-02
6.700000000000000000e+01 4.606427997350692749e-02
6.800000000000000000e+01 4.697430878877639771e-02
6.900000000000000000e+01 4.724268615245819092e-02
7.000000000000000000e+01 4.713901504874229431e-02
7.100000000000000000e+01 4.698618501424789429e-02
7.200000000000000000e+01 4.619068652391433716e-02
7.300000000000000000e+01 4.493279755115509033e-02
7.400000000000000000e+01 4.291414469480514526e-02
7.500000000000000000e+01 4.093350470066070557e-02
7.600000000000000000e+01 3.867140784859657288e-02
7.700000000000000000e+01 3.619316220283508301e-02
7.800000000000000000e+01 3.387099504470825195e-02
7.900000000000000000e+01 3.112735040485858917e-02
8.000000000000000000e+01 2.817935496568679810e-02
8.100000000000000000e+01 2.529693953692913055e-02
8.200000000000000000e+01 2.290505915880203247e-02
8.300000000000000000e+01 2.040087804198265076e-02
8.400000000000000000e+01 1.779362559318542480e-02
8.500000000000000000e+01 1.571814157068729401e-02
8.600000000000000000e+01 1.336348894983530045e-02
8.700000000000000000e+01 1.121227536350488663e-02
8.800000000000000000e+01 9.330702014267444611e-03
8.900000000000000000e+01 8.222363889217376709e-03
9.000000000000000000e+01 7.248558569699525833e-03
9.100000000000000000e+01 5.660394206643104553e-03
9.200000000000000000e+01 3.700391855090856552e-03
9.300000000000000000e+01 2.386013045907020569e-03
9.400000000000000000e+01 1.306565594859421253e-03
9.500000000000000000e+01 -2.073498471872881055e-04
9.600000000000000000e+01 -1.242546248249709606e-03
9.700000000000000000e+01 -1.818097429350018501e-03
9.800000000000000000e+01 -4.186603240668773651e-03
9.900000000000000000e+01 -6.450739223510026932e-03
