1.000000000000000000e+00 1.000000000000000000e+00
2.000000000000000000e+00 8.520233035087585449e-01
3.000000000000000000e+00 7.416400313377380371e-01
4.000000000000000000e+00 6.494590640068054199e-01
5.000000000000000000e+00 5.686800479888916016e-01
6.000000000000000000e+00 4.960870146751403809e-01
7.000000000000000000e+00 4.299678206443786621e-01
8.000000000000000000e+00 3.696408271789550781e-01
9.000000000000000000e+00 3.140571415424346924e-01
1.000000000000000000e+01 2.624505758285522461e-01
1.100000000000000000e+01 2.144442200660705566e-01
1.200000000000000000e+01 1.695083677768707275e-01
1.300000000000000000e+01 1.275535821914672852e-01
1.400000000000000000e+01 8.840914070606231689e-02
1.500000000000000000e+01 5.206104367971420288e-02
1.600000000000000000e+01 1.849770359694957733e-02
1.700000000000000000e+01 -1.260232180356979370e-02
1.800000000000000000e+01 -4.124872386455535889e-02
1.900000000000000000e+01 -6.713265180587768555e-02
2.000000000000000000e+01 -9.015221893787384033e-02
2.100000000000000000e+01 -1.102733388543128967e-01
2.200000000000000000e+01 -1.275818496942520142e-01
2.300000000000000000e+01 -1.420846879482269287e-01
2.400000000000000000e+01 -1.537640690803527832e-01
2.500000000000000000e+01 -1.627208590507507324e-01
2.600000000000000000e+01 -1.692024320363998413e-01
2.700000000000000000e+01 -1.730834096670150757e-01
2.800000000000000000e+01 -1.750113666057586670e-01
2.900000000000000000e+01 -1.748904436826705933e-01
3.000000000000000000e+01 -1.731091588735580444e-01
3.100000000000000000e+01 -1.693878918886184692e-01
3.200000000000000000e+01 -1.640170812606811523e-01
3.300000000000000000e+01 -1.573947221040725708e-01
3.400000000000000000e+01 -1.499263644218444824e-01
3.500000000000000000e+01 -1.414225101470947266e-01
3.600000000000000000e+01 -1.320932358503341675e-01
3.700000000000000000e+01 -1.224508658051490784e-01
3.800000000000000000e+01 -1.124731972813606262e-01
3.900000000000000000e+01 -1.025574356317520142e-01
4.000000000000000000e+01 -9.213049709796905518e-02
4.100000000000000000e+01 -8.197285234928131104e-02
4.200000000000000000e+01 -7.174377143383026123e-02
4.300000000000000000e+01 -6.149566173553466797e-02
4.400000000000000000e+01 -5.184940621256828308e-02
4.500000000000000000e+01 -4.245248436927795410e-02
4.600000000000000000e+01 -3.346756473183631897e-02
4.700000000000000000e+01 -2.525979839265346527e-02
4.800000000000000000e+01 -1.733760349452495575e-02
4.900000000000000000e+01 -9.889042936265468597e-03
5.000000000000000000e+01 -3.191533498466014862e-03
5.100000000000000000e+01 2.926447661593556404e-03
5.200000000000000000e+01 8.134721778333187103e-03
5.300000000000000000e+01 1.272186171263456345e-02
5.400000000000000000e+01 1.675745099782943726e-02
5.500000000000000000e+01 2.022622898221015930e-02
5.600000000000000000e+01 2.318766340613365173e-02
5.700000000000000000e+01 2.576906420290470123e-02
5.800000000000000000e+01 2.820339240133762360e-02
5.900000000000000000e+01 3.016523830592632294e-02
6.000000000000000000e+01 3.144134208559989929e-02
6.100000000000000000e+01 3.248981758952140808e-02
6.200000000000000000e+01 3.286047652363777161e-02
6.300000000000000000e+01 3.293915838003158569e-02
6.400000000000000000e+01 3.255888074636459351e-02
6.500000000000000000e+01 3.173717856407165527e-02
6.600000000000000000e+01 3.064486756920814514e-02
6.700000000000000000e+01 2.915447950363159180e-02
6.800000000000000000e+01 2.775086648762226105e-02
6.900000000000000000e+01 2.561164461076259613e-02
7.000000000000000000e+01 2.349723689258098602e-02
7.100000000000000000e+01 2.111280523240566254e-02
7.200000000000000000e+01 1.876147836446762085e-02
7.300000000000000000e+01 1.679144427180290222e-02
7.400000000000000000e+01 1.460238266736268997e-02
7.500000000000000000e+01 1.250440999865531921e-02
7.600000000000000000e+01 1.018056645989418030e-02
7.700000000000000000e+01 8.227898739278316498e-03
7.800000000000000000e+01 6.327242124825716019e-03
7.900000000000000000e+01 4.531893413513898849e-03
8.000000000000000000e+01 2.984088845551013947e-03
8.100000000000000000e+01 1.514678471721708775e-03
8.200000000000000000e+01 4.838994354940950871e-04
8.300000000000000000e+01 -6.324988789856433868e-04
8.400000000000000000e+01 -1.813451410271227360e-03
8.500000000000000000e+01 -2.964395331218838692e-03
8.600000000000000000e+01 -3.639694536104798317e-03
8.700000000000000000e+01 -3.738733474165201187e-03
8.800000000000000000e+01 -4.187489859759807587e-03
8.900000000000000000e+01 -4.441704135388135910e-03
9.000000000000000000e+01 -4.674889612942934036e-03
9.100000000000000000e+01 -5.529819522053003311e-03
9.200000000000000000e+01 -6.463382858783006668e-03
9.300000000000000000e+01 -7.118785288184881210e-03
9.400000000000000000e+01 -7.612370885908603668e-03
9.500000000000000000e+01 -8.096887730062007904e-03
9.600000000000000000e+01 -8.513689041137695312e-03
9.700000000000000000e+01 -8.698532357811927795e-03
9.800000000000000000e+01 -8.168603293597698212e-03
9.900000000000000000e+01 -8.779590018093585968e-03
