1.000000000000000000e+00 1.000000000000000000e+00
2.000000000000000000e+00 8.660713434219360352e-01
3.000000000000000000e+00 7.660467624664306641e-01
4.000000000000000000e+00 6.817295551300048828e-01
5.000000000000000000e+00 6.070258021354675293e-01
6.000000000000000000e+00 5.387368798255920410e-01
7.000000000000000000e+00 4.762728512287139893e-01
8.000000000000000000e+00 4.185862839221954346e-01
9.000000000000000000e+00 3.648178875446319580e-01
1.000000000000000000e+01 3.145091235637664795e-01
1.100000000000000000e+01 2.671117186546325684e-01
1.200000000000000000e+01 2.224529832601547241e-01
1.300000000000000000e+01 1.799859255552291870e-01
1.400000000000000000e+01 1.396525949239730835e-01
1.500000000000000000e+01 1.012358069419860840e-01
1.600000000000000000e+01 6.484586000442504883e-02
1.700000000000000000e+01 3.043182566761970520e-02
1.800000000000000000e+01 -2.104949904605746269e-03
1.900000000000000000e+01 -3.242798149585723877e-02
2.000000000000000000e+01 -6.073642894625663757e-02
2.100000000000000000e+01 -8.656277507543563843e-02
2.200000000000000000e+01 -1.099861562252044678e-01
2.300000000000000000e+01 -1.308084577322006226e-01
2.400000000000000000e+01 -1.491343379020690918e-01
2.500000000000000000e+01 -1.649473756551742554e-01
2.600000000000000000e+01 -1.781635284423828125e-01
2.700000000000000000e+01 -1.887654066085815430e-01
2.800000000000000000e+01 -1.967181265354156494e-01
2.900000000000000000e+01 -2.024145275354385376e-01
3.000000000000000000e+01 -2.057839483022689819e-01
3.100000000000000000e+01 -2.071284353733062744e-01
3.200000000000000000e+01 -2.065589129924774170e-01
3.300000000000000000e+01 -2.042118012905120850e-01
3.400000000000000000e+01 -2.000773400068283081e-01
3.500000000000000000e+01 -1.943653076887130737e-01
3.600000000000000000e+01 -1.874301135540008545e-01
3.700000000000000000e+01 -1.792561560869216919e-01
3.800000000000000000e+01 -1.702144294977188110e-01
3.900000000000000000e+01 -1.603075265884399414e-01
4.000000000000000000e+01 -1.500221192836761475e-01
4.100000000000000000e+01 -1.393514722585678101e-01
4.200000000000000000e+01 -1.284987926483154297e-01
4.300000000000000000e+01 -1.175717264413833618e-01
4.400000000000000000e+01 -1.065050065517425537e-01
4.500000000000000000e+01 -9.541498869657516479e-02
4.600000000000000000e+01 -8.454292267560958862e-02
4.700000000000000000e+01 -7.380775362253189087e-02
4.800000000000000000e+01 -6.330431997776031494e-02
4.900000000000000000e+01 -5.317206308245658875e-02
5.000000000000000000e+01 -4.349259287118911743e-02
5.100000000000000000e+01 -3.411431238055229187e-02
5.200000000000000000e+01 -2.523431368172168732e-02
5.300000000000000000e+01 -1.678945124149322510e-02
5.400000000000000000e+01 -8.642887696623802185e-03
5.500000000000000000e+01 -8.545963792130351067e-04
5.600000000000000000e+01 6.472033914178609848e-03
5.700000000000000000e+01 1.318998821079730988e-02
5.800000000000000000e+01 1.945305615663528442e-02
5.900000000000000000e+01 2.502932958304882050e-02
6.000000000000000000e+01 2.985380776226520538e-02
6.100000000000000000e+01 3.414408862590789795e-02
6.200000000000000000e+01 3.769570589065551758e-02
6.300000000000000000e+01 4.066055640578269958e-02
6.400000000000000000e+01 4.315664991736412048e-02
6.500000000000000000e+01 4.492945596575737000e-02
6.600000000000000000e+01 4.626608639955520630e-02
6.700000000000000000e+01 4.726768285036087036e-02
6.800000000000000000e+01 4.737461358308792114e-02
6.900000000000000000e+01 4.742398113012313843e-02
7.000000000000000000e+01 4.746886342763900757e-02
7.100000000000000000e+01 4.685832560062408447e-02
7.200000000000000000e+01 4.623639956116676331e-02
7.300000000000000000e+01 4.575437307357788086e-02
7.400000000000000000e+01 4.460226744413375854e-02
7.500000000000000000e+01 4.303957894444465637e-02
7.600000000000000000e+01 4.128660634160041809e-02
7.700000000000000000e+01 3.949974477291107178e-02
7.800000000000000000e+01 3.773076459765434265e-02
7.900000000000000000e+01 3.546410053968429565e-02
8.000000000000000000e+01 3.350232169032096863e-02
8.100000000000000000e+01 3.111834451556205750e-02
8.200000000000000000e+01 2.890494465827941895e-02
8.300000000000000000e+01 2.637431025505065918e-02
8.400000000000000000e+01 2.358951419591903687e-02
8.500000000000000000e+01 2.089638449251651764e-02
8.600000000000000000e+01 1.827512867748737335e-02
8.700000000000000000e+01 1.607381924986839294e-02
8.800000000000000000e+01 1.404825504869222641e-02
8.900000000000000000e+01 1.241089403629302979e-02
9.000000000000000000e+01 1.063286140561103821e-02
9.100000000000000000e+01 9.185357950627803802e-03
9.200000000000000000e+01 7.886025123298168182e-03
9.300000000000000000e+01 6.718765012919902802e-03
9.400000000000000000e+01 5.623125005513429642e-03
9.500000000000000000e+01 2.352101728320121765e-03
9.600000000000000000e+01 9.068541694432497025e-04
9.700000000000000000e+01 -8.511690539307892323e-04
9.800000000000000000e+01 -2.809512196108698845e-03
9.900000000000000000e+01 -9.619172778911888599e-04
