1.000000000000000000e+00 1.000000000000000000e+00
2.000000000000000000e+00 8.622578978538513184e-01
3.000000000000000000e+00 7.594916224479675293e-01
4.000000000000000000e+00 6.730271577835083008e-01
5.000000000000000000e+00 5.966182351112365723e-01
6.000000000000000000e+00 5.271700620651245117e-01
7.000000000000000000e+00 4.637030661106109619e-01
8.000000000000000000e+00 4.051461517810821533e-01
9.000000000000000000e+00 3.509048819541931152e-01
1.000000000000000000e+01 3.004978895187377930e-01
1.100000000000000000e+01 2.528563439846038818e-01
1.200000000000000000e+01 2.079000025987625122e-01
1.300000000000000000e+01 1.652194261550903320e-01
1.400000000000000000e+01 1.248282864689826965e-01
1.500000000000000000e+01 8.658569306135177612e-02
1.600000000000000000e+01 5.052635446190834045e-02
1.700000000000000000e+01 1.653595268726348877e-02
1.800000000000000000e+01 -1.521748863160610199e-02
1.900000000000000000e+01 -4.437247663736343384e-02
2.000000000000000000e+01 -7.120712101459503174e-02
2.100000000000000000e+01 -9.549318999052047729e-02
2.200000000000000000e+01 -1.173911243677139282e-01
2.300000000000000000e+01 -1.367154866456985474e-01
2.400000000000000000e+01 -1.534397453069686890e-01
2.500000000000000000e+01 -1.675222516059875488e-01
2.600000000000000000e+01 -1.789001673460006714e-01
2.700000000000000000e+01 -1.877921223640441895e-01
2.800000000000000000e+01 -1.940778791904449463e-01
2.900000000000000000e+01 -1.980445683002471924e-01
3.000000000000000000e+01 -2.000153511762619019e-01
3.100000000000000000e+01 -1.997886151075363159e-01
3.200000000000000000e+01 -1.974907219409942627e-01
3.300000000000000000e+01 -1.936414092779159546e-01
3.400000000000000000e+01 -1.882715821266174316e-01
3.500000000000000000e+01 -1.812669336795806885e-01
3.600000000000000000e+01 -1.733570098876953125e-01
3.700000000000000000e+01 -1.641182452440261841e-01
3.800000000000000000e+01 -1.541337668895721436e-01
3.900000000000000000e+01 -1.436628997325897217e-01
4.000000000000000000e+01 -1.326612979173660278e-01
4.100000000000000000e+01 -1.211798191070556641e-01
4.200000000000000000e+01 -1.096811592578887939e-01
4.300000000000000000e+01 -9.842549264430999756e-02
4.400000000000000000e+01 -8.741056919097900391e-02
4.500000000000000000e+01 -7.662788778543472290e-02
4.600000000000000000e+01 -6.596498936414718628e-02
4.700000000000000000e+01 -5.566558614373207092e-02
4.800000000000000000e+01 -4.567787796258926392e-02
4.900000000000000000e+01 -3.599736839532852173e-02
5.000000000000000000e+01 -2.709691971540451050e-02
5.100000000000000000e+01 -1.887148618698120117e-02
5.200000000000000000e+01 -1.108947675675153732e-02
5.300000000000000000e+01 -3.700415370985865593e-03
5.400000000000000000e+01 2.873598830774426460e-03
5.500000000000000000e+01 8.782858029007911682e-03
5.600000000000000000e+01 1.434190012514591217e-02
5.700000000000000000e+01 1.963060349225997925e-02
5.800000000000000000e+01 2.439833991229534149e-02
5.900000000000000000e+01 2.875808440148830414e-02
6.000000000000000000e+01 3.255218639969825745e-02
6.100000000000000000e+01 3.546176478266716003e-02
6.200000000000000000e+01 3.785602003335952759e-02
6.300000000000000000e+01 3.970678895711898804e-02
6.400000000000000000e+01 4.141339659690856934e-02
6.500000000000000000e+01 4.292691498994827271e-02
6.600000000000000000e+01 4.369265958666801453e-02
6.700000000000000000e+01 4.416260123252868652e-02
6.800000000000000000e+01 4.390722513198852539e-02
6.900000000000000000e+01 4.364839196205139160e-02
7.000000000000000000e+01 4.302877932786941528e-02
7.100000000000000000e+01 4.193529486656188965e-02
7.200000000000000000e+01 4.080689698457717896e-02
7.300000000000000000e+01 3.938836604356765747e-02
7.400000000000000000e+01 3.739739581942558289e-02
7.500000000000000000e+01 3.523062169551849365e-02
7.600000000000000000e+01 3.285595029592514038e-02
7.700000000000000000e+01 3.044109418988227844e-02
7.800000000000000000e+01 2.819268219172954559e-02
7.900000000000000000e+01 2.609138563275337219e-02
8.000000000000000000e+01 2.388591878116130829e-02
8.100000000000000000e+01 2.199767157435417175e-02
8.200000000000000000e+01 2.007674984633922577e-02
8.300000000000000000e+01 1.830404624342918396e-02
8.400000000000000000e+01 1.628163456916809082e-02
8.500000000000000000e+01 1.442910823971033096e-02
8.600000000000000000e+01 1.259185001254081726e-02
8.700000000000000000e+01 1.081098895519971848e-02
8.800000000000000000e+01 8.622851222753524780e-03
8.900000000000000000e+01 6.230643019080162048e-03
9.000000000000000000e+01 4.222786054015159607e-03
9.100000000000000000e+01 2.341389888897538185e-03
9.200000000000000000e+01 4.208128084428608418e-04
9.300000000000000000e+01 -8.748351247049868107e-04
9.400000000000000000e+01 -2.033598255366086960e-03
9.500000000000000000e+01 -3.509315196424722672e-03
9.600000000000000000e+01 -4.216426052153110504e-03
9.700000000000000000e+01 -4.425281193107366562e-03
9.800000000000000000e+01 -4.931285977363586426e-03
9.900000000000000000e+01 -6.426142994314432144e-03
