1.000000000000000000e+00 1.000000000000000000e+00
2.000000000000000000e+00 8.617948889732360840e-01
3.000000000000000000e+00 7.586597204208374023e-01
4.000000000000000000e+00 6.722623705863952637e-01
5.000000000000000000e+00 5.959044098854064941e-01
6.000000000000000000e+00 5.266331434249877930e-01
7.000000000000000000e+00 4.632959663867950439e-01
8.000000000000000000e+00 4.045895934104919434e-01
9.000000000000000000e+00 3.499686717987060547e-01
1.000000000000000000e+01 2.991180121898651123e-01
1.100000000000000000e+01 2.513846158981323242e-01
1.200000000000000000e+01 2.062636762857437134e-01
1.300000000000000000e+01 1.634556055068969727e-01
1.400000000000000000e+01 1.231035664677619934e-01
1.500000000000000000e+01 8.511701971292495728e-02
1.600000000000000000e+01 4.926327988505363464e-02
1.700000000000000000e+01 1.559248752892017365e-02
1.800000000000000000e+01 -1.586794294416904449e-02
1.900000000000000000e+01 -4.495159164071083069e-02
2.000000000000000000e+01 -7.159487158060073853e-02
2.100000000000000000e+01 -9.591002762317657471e-02
2.200000000000000000e+01 -1.175742968916893005e-01
2.300000000000000000e+01 -1.368418484926223755e-01
2.400000000000000000e+01 -1.533546000719070435e-01
2.500000000000000000e+01 -1.669861078262329102e-01
2.600000000000000000e+01 -1.779114156961441040e-01
2.700000000000000000e+01 -1.861506849527359009e-01
2.800000000000000000e+01 -1.920585334300994873e-01
2.900000000000000000e+01 -1.957670748233795166e-01
3.000000000000000000e+01 -1.973672360181808472e-01
3.100000000000000000e+01 -1.970416903495788574e-01
3.200000000000000000e+01 -1.948106586933135986e-01
3.300000000000000000e+01 -1.908508539199829102e-01
3.400000000000000000e+01 -1.853541880846023560e-01
3.500000000000000000e+01 -1.785343438386917114e-01
3.600000000000000000e+01 -1.705814599990844727e-01
3.700000000000000000e+01 -1.616520732641220093e-01
3.800000000000000000e+01 -1.521138250827789307e-01
3.900000000000000000e+01 -1.418451368808746338e-01
4.000000000000000000e+01 -1.313685476779937744e-01
4.100000000000000000e+01 -1.202821806073188782e-01
4.200000000000000000e+01 -1.091967225074768066e-01
4.300000000000000000e+01 -9.822928905487060547e-02
4.400000000000000000e+01 -8.723445236682891846e-02
4.500000000000000000e+01 -7.643625885248184204e-02
4.600000000000000000e+01 -6.615067273378372192e-02
4.700000000000000000e+01 -5.615245923399925232e-02
4.800000000000000000e+01 -4.637327045202255249e-02
4.900000000000000000e+01 -3.701957315206527710e-02
5.000000000000000000e+01 -2.817051485180854797e-02
5.100000000000000000e+01 -1.985625177621841431e-02
5.200000000000000000e+01 -1.185681391507387161e-02
5.300000000000000000e+01 -4.457999486476182938e-03
5.400000000000000000e+01 2.256301464512944221e-03
5.500000000000000000e+01 8.326471783220767975e-03
5.600000000000000000e+01 1.420128252357244492e-02
5.700000000000000000e+01 1.927620358765125275e-02
5.800000000000000000e+01 2.404783107340335846e-02
5.900000000000000000e+01 2.815159596502780914e-02
6.000000000000000000e+01 3.150279819965362549e-02
6.100000000000000000e+01 3.407131507992744446e-02
6.200000000000000000e+01 3.619415685534477234e-02
6.300000000000000000e+01 3.827013447880744934e-02
6.400000000000000000e+01 4.007037356495857239e-02
6.500000000000000000e+01 4.114116728305816650e-02
6.600000000000000000e+01 4.176887497305870056e-02
6.700000000000000000e+01 4.235427081584930420e-02
6.800000000000000000e+01 4.266466945409774780e-02
6.900000000000000000e+01 4.234638810157775879e-02
7.000000000000000000e+01 4.162601009011268616e-02
7.100000000000000000e+01 4.056430608034133911e-02
7.200000000000000000e+01 3.925303369760513306e-02
7.300000000000000000e+01 3.779634460806846619e-02
7.400000000000000000e+01 3.647934645414352417e-02
7.500000000000000000e+01 3.433046862483024597e-02
7.600000000000000000e+01 3.217514976859092712e-02
7.700000000000000000e+01 2.966839075088500977e-02
7.800000000000000000e+01 2.753377147018909454e-02
7.900000000000000000e+01 2.519772201776504517e-02
8.000000000000000000e+01 2.259967289865016937e-02
8.100000000000000000e+01 2.009499818086624146e-02
8.200000000000000000e+01 1.750746369361877441e-02
8.300000000000000000e+01 1.488655339926481247e-02
8.400000000000000000e+01 1.274374499917030334e-02
8.500000000000000000e+01 1.107778027653694153e-02
8.600000000000000000e+01 9.319327771663665771e-03
8.700000000000000000e+01 7.629894651472568512e-03
8.800000000000000000e+01 6.180934142321348190e-03
8.900000000000000000e+01 5.272029433399438858e-03
9.000000000000000000e+01 3.330769948661327362e-03
9.100000000000000000e+01 2.306494396179914474e-03
9.200000000000000000e+01 1.426640665158629417e-03
9.300000000000000000e+01 3.608472470659762621e-04
9.400000000000000000e+01 -4.486123507376760244e-04
9.500000000000000000e+01 -1.950375968590378761e-03
9.600000000000000000e+01 -2.956155454739928246e-03
9.700000000000000000e+01 -4.892669152468442917e-03
9.800000000000000000e+01 -7.896674796938896179e-03
9.900000000000000000e+01 -1.111142989248037338e-02
