1.000000000000000000e+00 1.000000000000000000e+00
2.000000000000000000e+00 8.653584718704223633e-01
3.000000000000000000e+00 7.645136117935180664e-01
4.000000000000000000e+00 6.795026659965515137e-01
5.000000000000000000e+00 6.043464541435241699e-01
6.000000000000000000e+00 5.360645651817321777e-01
7.000000000000000000e+00 4.734259545803070068e-01
8.000000000000000000e+00 4.154945611953735352e-01
9.000000000000000000e+00 3.616271317005157471e-01
1.000000000000000000e+01 3.110111951828002930e-01
1.100000000000000000e+01 2.634132504463195801e-01
1.200000000000000000e+01 2.183098345994949341e-01
1.300000000000000000e+01 1.755433380603790283e-01
1.400000000000000000e+01 1.350056082010269165e-01
1.500000000000000000e+01 9.652690589427947998e-02
1.600000000000000000e+01 6.012234464287757874e-02
1.700000000000000000e+01 2.577306516468524933e-02
1.800000000000000000e+01 -6.495778914541006088e-03
1.900000000000000000e+01 -3.650968521833419800e-02
2.000000000000000000e+01 -6.426095217466354370e-02
2.100000000000000000e+01 -8.977277576923370361e-02
2.200000000000000000e+01 -1.129322052001953125e-01
2.300000000000000000e+01 -1.332590430974960327e-01
2.400000000000000000e+01 -1.512445062398910522e-01
2.500000000000000000e+01 -1.666092127561569214e-01
2.600000000000000000e+01 -1.793338060379028320e-01
2.700000000000000000e+01 -1.894059777259826660e-01
2.800000000000000000e+01 -1.966521441936492920e-01
2.900000000000000000e+01 -2.015262544155120850e-01
3.000000000000000000e+01 -2.042874097824096680e-01
3.100000000000000000e+01 -2.052074074745178223e-01
3.200000000000000000e+01 -2.037891149520874023e-01
3.300000000000000000e+01 -2.008150219917297363e-01
3.400000000000000000e+01 -1.962728351354598999e-01
3.500000000000000000e+01 -1.903287321329116821e-01
3.600000000000000000e+01 -1.831511706113815308e-01
3.700000000000000000e+01 -1.748607307672500610e-01
3.800000000000000000e+01 -1.657855212688446045e-01
3.900000000000000000e+01 -1.556134819984436035e-01
4.000000000000000000e+01 -1.452868580818176270e-01
4.100000000000000000e+01 -1.343082189559936523e-01
4.200000000000000000e+01 -1.231537833809852600e-01
4.300000000000000000e+01 -1.118469238281250000e-01
4.400000000000000000e+01 -1.008834764361381531e-01
4.500000000000000000e+01 -8.989755809307098389e-02
4.600000000000000000e+01 -7.908333092927932739e-02
4.700000000000000000e+01 -6.852868944406509399e-02
4.800000000000000000e+01 -5.825095996260643005e-02
4.900000000000000000e+01 -4.831447452306747437e-02
5.000000000000000000e+01 -3.866611793637275696e-02
5.100000000000000000e+01 -2.945006825029850006e-02
5.200000000000000000e+01 -2.048764564096927643e-02
5.300000000000000000e+01 -1.222165860235691071e-02
5.400000000000000000e+01 -4.524727817624807358e-03
5.500000000000000000e+01 2.577474573627114296e-03
5.600000000000000000e+01 9.039991535246372223e-03
5.700000000000000000e+01 1.490821316838264465e-02
5.800000000000000000e+01 2.029009535908699036e-02
5.900000000000000000e+01 2.515611983835697174e-02
6.000000000000000000e+01 2.958786301314830780e-02
6.100000000000000000e+01 3.336532786488533020e-02
6.200000000000000000e+01 3.677383437752723694e-02
6.300000000000000000e+01 3.940378874540328979e-02
6.400000000000000000e+01 4.150904715061187744e-02
6.500000000000000000e+01 4.316051676869392395e-02
6.600000000000000000e+01 4.419866949319839478e-02
6.700000000000000000e+01 4.472661763429641724e-02
6.800000000000000000e+01 4.512646049261093140e-02
6.900000000000000000e+01 4.479091987013816833e-02
7.000000000000000000e+01 4.432286694645881653e-02
7.100000000000000000e+01 4.382008314132690430e-02
7.200000000000000000e+01 4.310320690274238586e-02
7.300000000000000000e+01 4.191099107265472412e-02
7.400000000000000000e+01 4.037078469991683960e-02
7.500000000000000000e+01 3.870587795972824097e-02
7.600000000000000000e+01 3.675918653607368469e-02
7.700000000000000000e+01 3.444397449493408203e-02
7.800000000000000000e+01 3.182884305715560913e-02
7.900000000000000000e+01 2.987977862358093262e-02
8.000000000000000000e+01 2.784192189574241638e-02
8.100000000000000000e+01 2.614716254174709320e-02
8.200000000000000000e+01 2.419324219226837158e-02
8.300000000000000000e+01 2.234033681452274323e-02
8.400000000000000000e+01 2.037256397306919098e-02
8.500000000000000000e+01 1.827233284711837769e-02
8.600000000000000000e+01 1.618127524852752686e-02
8.700000000000000000e+01 1.364877913147211075e-02
8.800000000000000000e+01 1.087529212236404419e-02
8.900000000000000000e+01 8.436365053057670593e-03
9.000000000000000000e+01 6.274904124438762665e-03
9.100000000000000000e+01 4.557300359010696411e-03
9.200000000000000000e+01 3.125693881884217262e-03
9.300000000000000000e+01 1.290686312131583691e-03
9.400000000000000000e+01 2.220549213234335184e-04
9.500000000000000000e+01 -1.876464230008423328e-03
9.600000000000000000e+01 -3.707783995196223259e-03
9.700000000000000000e+01 -3.298493335023522377e-03
9.800000000000000000e+01 -4.511483944952487946e-03
9.900000000000000000e+01 -4.329394549131393433e-03
