1.000000000000000000e+00 1.000000000000000000e+00
2.000000000000000000e+00 8.655726313591003418e-01
3.000000000000000000e+00 7.650128602981567383e-01
4.000000000000000000e+00 6.805646419525146484e-01
5.000000000000000000e+00 6.055032014846801758e-01
6.000000000000000000e+00 5.372456908226013184e-01
7.000000000000000000e+00 4.745635986328125000e-01
8.000000000000000000e+00 4.166332483291625977e-01
9.000000000000000000e+00 3.626078069210052490e-01
1.000000000000000000e+01 3.122310638427734375e-01
1.100000000000000000e+01 2.647230327129364014e-01
1.200000000000000000e+01 2.198690623044967651e-01
1.300000000000000000e+01 1.772283166646957397e-01
1.400000000000000000e+01 1.367340534925460815e-01
1.500000000000000000e+01 9.825244545936584473e-02
1.600000000000000000e+01 6.186386570334434509e-02
1.700000000000000000e+01 2.736747078597545624e-02
1.800000000000000000e+01 -5.101528484374284744e-03
1.900000000000000000e+01 -3.521612286567687988e-02
2.000000000000000000e+01 -6.303863227367401123e-02
2.100000000000000000e+01 -8.851016312837600708e-02
2.200000000000000000e+01 -1.117586940526962280e-01
2.300000000000000000e+01 -1.324534118175506592e-01
2.400000000000000000e+01 -1.503947675228118896e-01
2.500000000000000000e+01 -1.659987121820449829e-01
2.600000000000000000e+01 -1.790117770433425903e-01
2.700000000000000000e+01 -1.891893595457077026e-01
2.800000000000000000e+01 -1.968896090984344482e-01
2.900000000000000000e+01 -2.020723223686218262e-01
3.000000000000000000e+01 -2.050774097442626953e-01
3.100000000000000000e+01 -2.058881968259811401e-01
3.200000000000000000e+01 -2.047368288040161133e-01
3.300000000000000000e+01 -2.020156681537628174e-01
3.400000000000000000e+01 -1.976779103279113770e-01
3.500000000000000000e+01 -1.919182837009429932e-01
3.600000000000000000e+01 -1.849092692136764526e-01
3.700000000000000000e+01 -1.767937988042831421e-01
3.800000000000000000e+01 -1.676717996597290039e-01
3.900000000000000000e+01 -1.579335033893585205e-01
4.000000000000000000e+01 -1.474048495292663574e-01
4.100000000000000000e+01 -1.366137117147445679e-01
4.200000000000000000e+01 -1.255385577678680420e-01
4.300000000000000000e+01 -1.142570897936820984e-01
4.400000000000000000e+01 -1.029263958334922791e-01
4.500000000000000000e+01 -9.189875423908233643e-02
4.600000000000000000e+01 -8.118429034948348999e-02
4.700000000000000000e+01 -7.070288807153701782e-02
4.800000000000000000e+01 -6.051604822278022766e-02
4.900000000000000000e+01 -5.075838044285774231e-02
5.000000000000000000e+01 -4.150765016674995422e-02
5.100000000000000000e+01 -3.252229094505310059e-02
5.200000000000000000e+01 -2.397854067385196686e-02
5.300000000000000000e+01 -1.575892232358455658e-02
5.400000000000000000e+01 -8.183914236724376678e-03
5.500000000000000000e+01 -7.666321471333503723e-04
5.600000000000000000e+01 5.957068875432014465e-03
5.700000000000000000e+01 1.215925160795450211e-02
5.800000000000000000e+01 1.798469200730323792e-02
5.900000000000000000e+01 2.306742407381534576e-02
6.000000000000000000e+01 2.786821499466896057e-02
6.100000000000000000e+01 3.204635903239250183e-02
6.200000000000000000e+01 3.569170832633972168e-02
6.300000000000000000e+01 3.886610642075538635e-02
6.400000000000000000e+01 4.135549440979957581e-02
6.500000000000000000e+01 4.348460212349891663e-02
6.600000000000000000e+01 4.493487626314163208e-02
6.700000000000000000e+01 4.610902443528175354e-02
6.800000000000000000e+01 4.682679474353790283e-02
6.900000000000000000e+01 4.734944552183151245e-02
7.000000000000000000e+01 4.735599458217620850e-02
7.100000000000000000e+01 4.671476781368255615e-02
7.200000000000000000e+01 4.614838957786560059e-02
7.300000000000000000e+01 4.498258233070373535e-02
7.400000000000000000e+01 4.329712688922882080e-02
7.500000000000000000e+01 4.124839603900909424e-02
7.600000000000000000e+01 3.903761506080627441e-02
7.700000000000000000e+01 3.690543770790100098e-02
7.800000000000000000e+01 3.482667729258537292e-02
7.900000000000000000e+01 3.260434418916702271e-02
8.000000000000000000e+01 3.026491031050682068e-02
8.100000000000000000e+01 2.794571407139301300e-02
8.200000000000000000e+01 2.512223646044731140e-02
8.300000000000000000e+01 2.235045470297336578e-02
8.400000000000000000e+01 1.961459964513778687e-02
8.500000000000000000e+01 1.704911328852176666e-02
8.600000000000000000e+01 1.440174784511327744e-02
8.700000000000000000e+01 1.173028908669948578e-02
8.800000000000000000e+01 9.400667622685432434e-03
8.900000000000000000e+01 7.623682729899883270e-03
9.000000000000000000e+01 5.122388713061809540e-03
9.100000000000000000e+01 3.293167799711227417e-03
9.200000000000000000e+01 6.364611908793449402e-04
9.300000000000000000e+01 -1.587806269526481628e-03
9.400000000000000000e+01 -3.921894356608390808e-03
9.500000000000000000e+01 -4.813037812709808350e-03
9.600000000000000000e+01 -5.990480072796344757e-03
9.700000000000000000e+01 -5.770341493189334869e-03
9.800000000000000000e+01 -9.432162158191204071e-03
9.900000000000000000e+01 -1.113019417971372604e-02
