1.000000000000000000e+00 1.000000000000000000e+00
2.000000000000000000e+00 8.428164720535278320e-01
3.000000000000000000e+00 7.259865403175354004e-01
4.000000000000000000e+00 6.291555762290954590e-01
5.000000000000000000e+00 5.447882413864135742e-01
6.000000000000000000e+00 4.696223735809326172e-01
7.000000000000000000e+00 4.019503593444824219e-01
8.000000000000000000e+00 3.406622409820556641e-01
9.000000000000000000e+00 2.849213182926177979e-01
1.000000000000000000e+01 2.338987290859222412e-01
1.100000000000000000e+01 1.869031041860580444e-01
1.200000000000000000e+01 1.434476375579833984e-01
1.300000000000000000e+01 1.032946035265922546e-01
1.400000000000000000e+01 6.630440801382064819e-02
1.500000000000000000e+01 3.233091533184051514e-02
1.600000000000000000e+01 1.363398856483399868e-03
1.700000000000000000e+01 -2.681699022650718689e-02
1.800000000000000000e+01 -5.216267704963684082e-02
1.900000000000000000e+01 -7.465855777263641357e-02
2.000000000000000000e+01 -9.427873045206069946e-02
2.100000000000000000e+01 -1.111937016248703003e-01
2.200000000000000000e+01 -1.252382397651672363e-01
2.300000000000000000e+01 -1.363145262002944946e-01
2.400000000000000000e+01 -1.447665691375732422e-01
2.500000000000000000e+01 -1.506367474794387817e-01
2.600000000000000000e+01 -1.542092114686965942e-01
2.700000000000000000e+01 -1.556127369403839111e-01
2.800000000000000000e+01 -1.550129950046539307e-01
2.900000000000000000e+01 -1.529573351144790649e-01
3.000000000000000000e+01 -1.491661667823791504e-01
3.100000000000000000e+01 -1.440936326980590820e-01
3.200000000000000000e+01 -1.378321647644042969e-01
3.300000000000000000e+01 -1.305545419454574585e-01
3.400000000000000000e+01 -1.226125583052635193e-01
3.500000000000000000e+01 -1.139613911509513855e-01
3.600000000000000000e+01 -1.049739494919776917e-01
3.700000000000000000e+01 -9.575444459915161133e-02
3.800000000000000000e+01 -8.649168908596038818e-02
3.900000000000000000e+01 -7.737407833337783813e-02
4.000000000000000000e+01 -6.842593848705291748e-02
4.100000000000000000e+01 -5.980962142348289490e-02
4.200000000000000000e+01 -5.119904875755310059e-02
4.300000000000000000e+01 -4.298088327050209045e-02
4.400000000000000000e+01 -3.509834036231040955e-02
4.500000000000000000e+01 -2.774976193904876709e-02
4.600000000000000000e+01 -2.085791155695915222e-02
4.700000000000000000e+01 -1.415605563670396805e-02
4.800000000000000000e+01 -7.977441884577274323e-03
4.900000000000000000e+01 -2.550966106355190277e-03
5.000000000000000000e+01 2.542083384469151497e-03
5.100000000000000000e+01 7.346434518694877625e-03
5.200000000000000000e+01 1.151111535727977753e-02
5.300000000000000000e+01 1.485473383218050003e-02
5.400000000000000000e+01 1.787087880074977875e-02
5.500000000000000000e+01 2.043567411601543427e-02
5.600000000000000000e+01 2.269684523344039917e-02
5.700000000000000000e+01 2.450973913073539734e-02
5.800000000000000000e+01 2.570030838251113892e-02
5.900000000000000000e+01 2.693456038832664490e-02
6.000000000000000000e+01 2.767329290509223938e-02
6.100000000000000000e+01 2.771576307713985443e-02
6.200000000000000000e+01 2.742812409996986389e-02
6.300000000000000000e+01 2.648984640836715698e-02
6.400000000000000000e+01 2.534755319356918335e-02
6.500000000000000000e+01 2.424859069287776947e-02
6.600000000000000000e+01 2.327999286353588104e-02
6.700000000000000000e+01 2.167215943336486816e-02
6.800000000000000000e+01 2.021362073719501495e-02
6.900000000000000000e+01 1.874538883566856384e-02
7.000000000000000000e+01 1.709158159792423248e-02
7.100000000000000000e+01 1.513879280537366867e-02
7.200000000000000000e+01 1.329924445599317551e-02
7.300000000000000000e+01 1.170398853719234467e-02
7.400000000000000000e+01 1.005857996642589569e-02
7.500000000000000000e+01 8.282191120088100433e-03
7.600000000000000000e+01 6.496782414615154266e-03
7.700000000000000000e+01 5.025078076869249344e-03
7.800000000000000000e+01 3.503557527437806129e-03
7.900000000000000000e+01 2.067161956802010536e-03
8.000000000000000000e+01 8.501675329171121120e-04
8.100000000000000000e+01 -5.048351158620789647e-05
8.200000000000000000e+01 -3.005253383889794350e-04
8.300000000000000000e+01 -1.045522396452724934e-03
8.400000000000000000e+01 -1.467398717068135738e-03
8.500000000000000000e+01 -1.997007057070732117e-03
8.600000000000000000e+01 -2.625226275995373726e-03
8.700000000000000000e+01 -3.285925369709730148e-03
8.800000000000000000e+01 -4.682785831391811371e-03
8.900000000000000000e+01 -5.806528031826019287e-03
9.000000000000000000e+01 -6.819992791861295700e-03
9.100000000000000000e+01 -7.127813063561916351e-03
9.200000000000000000e+01 -6.985907908529043198e-03
9.300000000000000000e+01 -6.983469240367412567e-03
9.400000000000000000e+01 -6.836520973592996597e-03
9.500000000000000000e+01 -8.012218400835990906e-03
9.600000000000000000e+01 -1.004292909055948257e-02
9.700000000000000000e+01 -1.162839122116565704e-02
9.800000000000000000e+01 -1.207581348717212677e-02
9.900000000000000000e+01 -1.305733993649482727e-02
