1.000000000000000000e+00 1.000000000000000000e+00
2.000000000000000000e+00 8.574756979942321777e-01
3.000000000000000000e+00 7.511667609214782715e-01
4.000000000000000000e+00 6.620178222656250000e-01
5.000000000000000000e+00 5.834186673164367676e-01
6.000000000000000000e+00 5.125056505203247070e-01
7.000000000000000000e+00 4.477028846740722656e-01
8.000000000000000000e+00 3.882266581058502197e-01
9.000000000000000000e+00 3.332197368144989014e-01
1.000000000000000000e+01 2.819344699382781982e-01
1.100000000000000000e+01 2.340262234210968018e-01
1.200000000000000000e+01 1.889977306127548218e-01
1.300000000000000000e+01 1.465806216001510620e-01
1.400000000000000000e+01 1.068831682205200195e-01
1.500000000000000000e+01 6.963328272104263306e-02
1.600000000000000000e+01 3.465281054377555847e-02
1.700000000000000000e+01 2.079793950542807579e-03
1.800000000000000000e+01 -2.816499583423137665e-02
1.900000000000000000e+01 -5.596244707703590393e-02
2.000000000000000000e+01 -8.099310845136642456e-02
2.100000000000000000e+01 -1.031658351421356201e-01
2.200000000000000000e+01 -1.228547841310501099e-01
2.300000000000000000e+01 -1.398535072803497314e-01
2.400000000000000000e+01 -1.540631204843521118e-01
2.500000000000000000e+01 -1.657545566558837891e-01
2.600000000000000000e+01 -1.747854202985763550e-01
2.700000000000000000e+01 -1.814061850309371948e-01
2.800000000000000000e+01 -1.857959032058715820e-01
2.900000000000000000e+01 -1.878644376993179321e-01
3.000000000000000000e+01 -1.877275407314300537e-01
3.100000000000000000e+01 -1.855147480964660645e-01
3.200000000000000000e+01 -1.815408319234848022e-01
3.300000000000000000e+01 -1.759230643510818481e-01
3.400000000000000000e+01 -1.691276431083679199e-01
3.500000000000000000e+01 -1.610874384641647339e-01
3.600000000000000000e+01 -1.523383855819702148e-01
3.700000000000000000e+01 -1.429163515567779541e-01
3.800000000000000000e+01 -1.330459266901016235e-01
3.900000000000000000e+01 -1.226167380809783936e-01
4.000000000000000000e+01 -1.118991374969482422e-01
4.100000000000000000e+01 -1.008489280939102173e-01
4.200000000000000000e+01 -8.991508930921554565e-02
4.300000000000000000e+01 -7.955478876829147339e-02
4.400000000000000000e+01 -6.907390058040618896e-02
4.500000000000000000e+01 -5.902899801731109619e-02
4.600000000000000000e+01 -4.929524287581443787e-02
4.700000000000000000e+01 -4.006567969918251038e-02
4.800000000000000000e+01 -3.147326409816741943e-02
4.900000000000000000e+01 -2.322187647223472595e-02
5.000000000000000000e+01 -1.555642951279878616e-02
5.100000000000000000e+01 -8.402777835726737976e-03
5.200000000000000000e+01 -1.909515121951699257e-03
5.300000000000000000e+01 4.159698262810707092e-03
5.400000000000000000e+01 9.685748256742954254e-03
5.500000000000000000e+01 1.508388761430978775e-02
5.600000000000000000e+01 1.971000060439109802e-02
5.700000000000000000e+01 2.408989146351814270e-02
5.800000000000000000e+01 2.795754931867122650e-02
5.900000000000000000e+01 3.108306974172592163e-02
6.000000000000000000e+01 3.358851000666618347e-02
6.100000000000000000e+01 3.562739491462707520e-02
6.200000000000000000e+01 3.740229830145835876e-02
6.300000000000000000e+01 3.839761763811111450e-02
6.400000000000000000e+01 3.871787339448928833e-02
6.500000000000000000e+01 3.858308494091033936e-02
6.600000000000000000e+01 3.833336755633354187e-02
6.700000000000000000e+01 3.758617490530014038e-02
6.800000000000000000e+01 3.696352988481521606e-02
6.900000000000000000e+01 3.596458584070205688e-02
7.000000000000000000e+01 3.428646177053451538e-02
7.100000000000000000e+01 3.219002112746238708e-02
7.200000000000000000e+01 2.990681864321231842e-02
7.300000000000000000e+01 2.752426266670227051e-02
7.400000000000000000e+01 2.551856823265552521e-02
7.500000000000000000e+01 2.375055290758609772e-02
7.600000000000000000e+01 2.205382101237773895e-02
7.700000000000000000e+01 2.067159861326217651e-02
7.800000000000000000e+01 1.900030113756656647e-02
7.900000000000000000e+01 1.725867576897144318e-02
8.000000000000000000e+01 1.516209729015827179e-02
8.100000000000000000e+01 1.333601493388414383e-02
8.200000000000000000e+01 1.182740926742553711e-02
8.300000000000000000e+01 1.006920449435710907e-02
8.400000000000000000e+01 8.174093440175056458e-03
8.500000000000000000e+01 5.674273241311311722e-03
8.600000000000000000e+01 3.565938444808125496e-03
8.700000000000000000e+01 1.762668369337916374e-03
8.800000000000000000e+01 4.733088644570671022e-05
8.900000000000000000e+01 -1.530318986624479294e-03
9.000000000000000000e+01 -2.956262789666652679e-03
9.100000000000000000e+01 -4.424988292157649994e-03
9.200000000000000000e+01 -5.676294211298227310e-03
9.300000000000000000e+01 -6.163132842630147934e-03
9.400000000000000000e+01 -6.916525308042764664e-03
9.500000000000000000e+01 -6.928285118192434311e-03
9.600000000000000000e+01 -8.043390698730945587e-03
9.700000000000000000e+01 -7.619928102940320969e-03
9.800000000000000000e+01 -7.785878144204616547e-03
9.900000000000000000e+01 -9.292547591030597687e-03
