1.000000000000000000e+00 1.000000000000000000e+00
2.000000000000000000e+00 8.609860539436340332e-01
3.000000000000000000e+00 7.571816444396972656e-01
4.000000000000000000e+00 6.700599789619445801e-01
5.000000000000000000e+00 5.930493474006652832e-01
6.000000000000000000e+00 5.234493613243103027e-01
7.000000000000000000e+00 4.595369696617126465e-01
8.000000000000000000e+00 4.007177650928497314e-01
9.000000000000000000e+00 3.460237383842468262e-01
1.000000000000000000e+01 2.951141297817230225e-01
1.100000000000000000e+01 2.474134415388107300e-01
1.200000000000000000e+01 2.023227661848068237e-01
1.300000000000000000e+01 1.598740816116333008e-01
1.400000000000000000e+01 1.198318377137184143e-01
1.500000000000000000e+01 8.199777454137802124e-02
1.600000000000000000e+01 4.611355066299438477e-02
1.700000000000000000e+01 1.260360982269048691e-02
1.800000000000000000e+01 -1.874948479235172272e-02
1.900000000000000000e+01 -4.772444069385528564e-02
2.000000000000000000e+01 -7.402400672435760498e-02
2.100000000000000000e+01 -9.761074185371398926e-02
2.200000000000000000e+01 -1.187128201127052307e-01
2.300000000000000000e+01 -1.372132748365402222e-01
2.400000000000000000e+01 -1.530451327562332153e-01
2.500000000000000000e+01 -1.663610488176345825e-01
2.600000000000000000e+01 -1.770773828029632568e-01
2.700000000000000000e+01 -1.852140575647354126e-01
2.800000000000000000e+01 -1.910957843065261841e-01
2.900000000000000000e+01 -1.945527493953704834e-01
3.000000000000000000e+01 -1.958393752574920654e-01
3.100000000000000000e+01 -1.950235962867736816e-01
3.200000000000000000e+01 -1.922443956136703491e-01
3.300000000000000000e+01 -1.877148449420928955e-01
3.400000000000000000e+01 -1.817140281200408936e-01
3.500000000000000000e+01 -1.745526045560836792e-01
3.600000000000000000e+01 -1.662955433130264282e-01
3.700000000000000000e+01 -1.574634313583374023e-01
3.800000000000000000e+01 -1.479241698980331421e-01
3.900000000000000000e+01 -1.378124207258224487e-01
4.000000000000000000e+01 -1.269948035478591919e-01
4.100000000000000000e+01 -1.158465147018432617e-01
4.200000000000000000e+01 -1.049442514777183533e-01
4.300000000000000000e+01 -9.409905225038528442e-02
4.400000000000000000e+01 -8.353374898433685303e-02
4.500000000000000000e+01 -7.296703755855560303e-02
4.600000000000000000e+01 -6.287875771522521973e-02
4.700000000000000000e+01 -5.311399698257446289e-02
4.800000000000000000e+01 -4.366219788789749146e-02
4.900000000000000000e+01 -3.461255878210067749e-02
5.000000000000000000e+01 -2.571042999625205994e-02
5.100000000000000000e+01 -1.750231720507144928e-02
5.200000000000000000e+01 -9.578323923051357269e-03
5.300000000000000000e+01 -2.201299648731946945e-03
5.400000000000000000e+01 4.593889228999614716e-03
5.500000000000000000e+01 1.080564130097627640e-02
5.600000000000000000e+01 1.651277765631675720e-02
5.700000000000000000e+01 2.165812812745571136e-02
5.800000000000000000e+01 2.595984935760498047e-02
5.900000000000000000e+01 3.000956773757934570e-02
6.000000000000000000e+01 3.348872810602188110e-02
6.100000000000000000e+01 3.602865710854530334e-02
6.200000000000000000e+01 3.796448558568954468e-02
6.300000000000000000e+01 3.950626775622367859e-02
6.400000000000000000e+01 4.067113995552062988e-02
6.500000000000000000e+01 4.141066968441009521e-02
6.600000000000000000e+01 4.161716997623443604e-02
6.700000000000000000e+01 4.157850518822669983e-02
6.800000000000000000e+01 4.124409332871437073e-02
6.900000000000000000e+01 4.064327850937843323e-02
7.000000000000000000e+01 3.968146815896034241e-02
7.100000000000000000e+01 3.859151527285575867e-02
7.200000000000000000e+01 3.750608861446380615e-02
7.300000000000000000e+01 3.595989942550659180e-02
7.400000000000000000e+01 3.423481434583663940e-02
7.500000000000000000e+01 3.270281106233596802e-02
7.600000000000000000e+01 3.085678257048130035e-02
7.700000000000000000e+01 2.889090962707996368e-02
7.800000000000000000e+01 2.658778056502342224e-02
7.900000000000000000e+01 2.405874058604240417e-02
8.000000000000000000e+01 2.176202088594436646e-02
8.100000000000000000e+01 1.950544118881225586e-02
8.200000000000000000e+01 1.734486222267150879e-02
8.300000000000000000e+01 1.460119057446718216e-02
8.400000000000000000e+01 1.242315862327814102e-02
8.500000000000000000e+01 1.002608425915241241e-02
8.600000000000000000e+01 8.053296245634555817e-03
8.700000000000000000e+01 5.272126290947198868e-03
8.800000000000000000e+01 2.474508248269557953e-03
8.900000000000000000e+01 4.456116002984344959e-04
9.000000000000000000e+01 -1.269788830541074276e-03
9.100000000000000000e+01 -3.169455565512180328e-03
9.200000000000000000e+01 -4.648108500987291336e-03
9.300000000000000000e+01 -5.526128225028514862e-03
9.400000000000000000e+01 -7.160218432545661926e-03
9.500000000000000000e+01 -8.543465286493301392e-03
9.600000000000000000e+01 -8.883905597031116486e-03
9.700000000000000000e+01 -8.798326365649700165e-03
9.800000000000000000e+01 -8.965525776147842407e-03
9.900000000000000000e+01 -9.649396874010562897e-03
