1.000000000000000000e+00 1.000000000000000000e+00
2.000000000000000000e+00 8.651778697967529297e-01
3.000000000000000000e+00 7.644593715667724609e-01
4.000000000000000000e+00 6.796528697013854980e-01
5.000000000000000000e+00 6.043046712875366211e-01
6.000000000000000000e+00 5.360034108161926270e-01
7.000000000000000000e+00 4.733103811740875244e-01
8.000000000000000000e+00 4.151872694492340088e-01
9.000000000000000000e+00 3.611511588096618652e-01
1.000000000000000000e+01 3.105763196945190430e-01
1.100000000000000000e+01 2.630697786808013916e-01
1.200000000000000000e+01 2.181410044431686401e-01
1.300000000000000000e+01 1.755306869745254517e-01
1.400000000000000000e+01 1.349905133247375488e-01
1.500000000000000000e+01 9.666792303323745728e-02
1.600000000000000000e+01 6.022876128554344177e-02
1.700000000000000000e+01 2.588741481304168701e-02
1.800000000000000000e+01 -6.360658910125494003e-03
1.900000000000000000e+01 -3.661246225237846375e-02
2.000000000000000000e+01 -6.474786251783370972e-02
2.100000000000000000e+01 -9.028410166501998901e-02
2.200000000000000000e+01 -1.134484261274337769e-01
2.300000000000000000e+01 -1.338913887739181519e-01
2.400000000000000000e+01 -1.517291665077209473e-01
2.500000000000000000e+01 -1.672777533531188965e-01
2.600000000000000000e+01 -1.801419556140899658e-01
2.700000000000000000e+01 -1.900222450494766235e-01
2.800000000000000000e+01 -1.973298639059066772e-01
2.900000000000000000e+01 -2.022575736045837402e-01
3.000000000000000000e+01 -2.050896435976028442e-01
3.100000000000000000e+01 -2.058313190937042236e-01
3.200000000000000000e+01 -2.043188810348510742e-01
3.300000000000000000e+01 -2.009876370429992676e-01
3.400000000000000000e+01 -1.965034604072570801e-01
3.500000000000000000e+01 -1.903877556324005127e-01
3.600000000000000000e+01 -1.830936223268508911e-01
3.700000000000000000e+01 -1.747864931821823120e-01
3.800000000000000000e+01 -1.655076444149017334e-01
3.900000000000000000e+01 -1.555217951536178589e-01
4.000000000000000000e+01 -1.447764486074447632e-01
4.100000000000000000e+01 -1.337729245424270630e-01
4.200000000000000000e+01 -1.225183308124542236e-01
4.300000000000000000e+01 -1.112204045057296753e-01
4.400000000000000000e+01 -1.000502780079841614e-01
4.500000000000000000e+01 -8.926160633563995361e-02
4.600000000000000000e+01 -7.846632599830627441e-02
4.700000000000000000e+01 -6.789536029100418091e-02
4.800000000000000000e+01 -5.774056166410446167e-02
4.900000000000000000e+01 -4.772366210818290710e-02
5.000000000000000000e+01 -3.801862150430679321e-02
5.100000000000000000e+01 -2.895982004702091217e-02
5.200000000000000000e+01 -2.031229995191097260e-02
5.300000000000000000e+01 -1.238367147743701935e-02
5.400000000000000000e+01 -4.824907053261995316e-03
5.500000000000000000e+01 2.068415749818086624e-03
5.600000000000000000e+01 8.280616253614425659e-03
5.700000000000000000e+01 1.420905161648988724e-02
5.800000000000000000e+01 1.982624456286430359e-02
5.900000000000000000e+01 2.506168745458126068e-02
6.000000000000000000e+01 2.954782731831073761e-02
6.100000000000000000e+01 3.357804194092750549e-02
6.200000000000000000e+01 3.683963418006896973e-02
6.300000000000000000e+01 3.950868919491767883e-02
6.400000000000000000e+01 4.159843921661376953e-02
6.500000000000000000e+01 4.315445572137832642e-02
6.600000000000000000e+01 4.439406096935272217e-02
6.700000000000000000e+01 4.504668712615966797e-02
6.800000000000000000e+01 4.543689638376235962e-02
6.900000000000000000e+01 4.529982805252075195e-02
7.000000000000000000e+01 4.516042023897171021e-02
7.100000000000000000e+01 4.435817524790763855e-02
7.200000000000000000e+01 4.345913976430892944e-02
7.300000000000000000e+01 4.220807179808616638e-02
7.400000000000000000e+01 4.081027954816818237e-02
7.500000000000000000e+01 3.918239101767539978e-02
7.600000000000000000e+01 3.735351562500000000e-02
7.700000000000000000e+01 3.544034436345100403e-02
7.800000000000000000e+01 3.344146907329559326e-02
7.900000000000000000e+01 3.140022605657577515e-02
8.000000000000000000e+01 2.962094545364379883e-02
8.100000000000000000e+01 2.795461378991603851e-02
8.200000000000000000e+01 2.614038623869419098e-02
8.300000000000000000e+01 2.397486008703708649e-02
8.400000000000000000e+01 2.217981778085231781e-02
8.500000000000000000e+01 1.985683664679527283e-02
8.600000000000000000e+01 1.730998605489730835e-02
8.700000000000000000e+01 1.508945040404796600e-02
8.800000000000000000e+01 1.271125487983226776e-02
8.900000000000000000e+01 1.093005388975143433e-02
9.000000000000000000e+01 8.849591016769409180e-03
9.100000000000000000e+01 6.032446399331092834e-03
9.200000000000000000e+01 3.598496317863464355e-03
9.300000000000000000e+01 1.466819085180759430e-03
9.400000000000000000e+01 7.942682714201509953e-04
9.500000000000000000e+01 -5.118744447827339172e-04
9.600000000000000000e+01 -2.439854666590690613e-03
9.700000000000000000e+01 -5.864796228706836700e-03
9.800000000000000000e+01 -7.870048284530639648e-03
9.900000000000000000e+01 -1.204619184136390686e-02
