1.000000000000000000e+00 1.000000000000000000e+00
2.000000000000000000e+00 8.616721034049987793e-01
3.000000000000000000e+00 7.583929300308227539e-01
4.000000000000000000e+00 6.714299917221069336e-01
5.000000000000000000e+00 5.947070121765136719e-01
6.000000000000000000e+00 5.254141688346862793e-01
7.000000000000000000e+00 4.617178440093994141e-01
8.000000000000000000e+00 4.028354287147521973e-01
9.000000000000000000e+00 3.481176495552062988e-01
1.000000000000000000e+01 2.971630990505218506e-01
1.100000000000000000e+01 2.493473142385482788e-01
1.200000000000000000e+01 2.043526768684387207e-01
1.300000000000000000e+01 1.617388427257537842e-01
1.400000000000000000e+01 1.214949339628219604e-01
1.500000000000000000e+01 8.348205685615539551e-02
1.600000000000000000e+01 4.757353663444519043e-02
1.700000000000000000e+01 1.378458365797996521e-02
1.800000000000000000e+01 -1.763305254280567169e-02
1.900000000000000000e+01 -4.670514538884162903e-02
2.000000000000000000e+01 -7.333505153656005859e-02
2.100000000000000000e+01 -9.736928343772888184e-02
2.200000000000000000e+01 -1.187145709991455078e-01
2.300000000000000000e+01 -1.374303102493286133e-01
2.400000000000000000e+01 -1.536200046539306641e-01
2.500000000000000000e+01 -1.669975370168685913e-01
2.600000000000000000e+01 -1.776197850704193115e-01
2.700000000000000000e+01 -1.858763247728347778e-01
2.800000000000000000e+01 -1.917434185743331909e-01
2.900000000000000000e+01 -1.951842606067657471e-01
3.000000000000000000e+01 -1.965290009975433350e-01
3.100000000000000000e+01 -1.958068162202835083e-01
3.200000000000000000e+01 -1.933649778366088867e-01
3.300000000000000000e+01 -1.890061199665069580e-01
3.400000000000000000e+01 -1.831146627664566040e-01
3.500000000000000000e+01 -1.761706322431564331e-01
3.600000000000000000e+01 -1.679728329181671143e-01
3.700000000000000000e+01 -1.591395139694213867e-01
3.800000000000000000e+01 -1.493994295597076416e-01
3.900000000000000000e+01 -1.391825973987579346e-01
4.000000000000000000e+01 -1.285161525011062622e-01
4.100000000000000000e+01 -1.177476048469543457e-01
4.200000000000000000e+01 -1.067928001284599304e-01
4.300000000000000000e+01 -9.579384326934814453e-02
4.400000000000000000e+01 -8.507438004016876221e-02
4.500000000000000000e+01 -7.467158138751983643e-02
4.600000000000000000e+01 -6.452107429504394531e-02
4.700000000000000000e+01 -5.455004051327705383e-02
4.800000000000000000e+01 -4.501218721270561218e-02
4.900000000000000000e+01 -3.559213131666183472e-02
5.000000000000000000e+01 -2.671079337596893311e-02
5.100000000000000000e+01 -1.830528676509857178e-02
5.200000000000000000e+01 -1.061158441007137299e-02
5.300000000000000000e+01 -3.246843582019209862e-03
5.400000000000000000e+01 3.551105502992868423e-03
5.500000000000000000e+01 9.807283058762550354e-03
5.600000000000000000e+01 1.541204284876585007e-02
5.700000000000000000e+01 2.056648954749107361e-02
5.800000000000000000e+01 2.502524852752685547e-02
5.900000000000000000e+01 2.908382751047611237e-02
6.000000000000000000e+01 3.247456625103950500e-02
6.100000000000000000e+01 3.509863466024398804e-02
6.200000000000000000e+01 3.735778108239173889e-02
6.300000000000000000e+01 3.871410712599754333e-02
6.400000000000000000e+01 3.979782015085220337e-02
6.500000000000000000e+01 4.011182859539985657e-02
6.600000000000000000e+01 4.031309857964515686e-02
6.700000000000000000e+01 4.048338904976844788e-02
6.800000000000000000e+01 4.016100615262985229e-02
6.900000000000000000e+01 3.975612297654151917e-02
7.000000000000000000e+01 3.913698717951774597e-02
7.100000000000000000e+01 3.828919678926467896e-02
7.200000000000000000e+01 3.710296750068664551e-02
7.300000000000000000e+01 3.603359684348106384e-02
7.400000000000000000e+01 3.499157726764678955e-02
7.500000000000000000e+01 3.311433643102645874e-02
7.600000000000000000e+01 3.060050308704376221e-02
7.700000000000000000e+01 2.833963558077812195e-02
7.800000000000000000e+01 2.584915235638618469e-02
7.900000000000000000e+01 2.325574308633804321e-02
8.000000000000000000e+01 2.051175571978092194e-02
8.100000000000000000e+01 1.794781908392906189e-02
8.200000000000000000e+01 1.583746448159217834e-02
8.300000000000000000e+01 1.422373764216899872e-02
8.400000000000000000e+01 1.232403144240379333e-02
8.500000000000000000e+01 1.034360006451606750e-02
8.600000000000000000e+01 8.190645836293697357e-03
8.700000000000000000e+01 6.328754127025604248e-03
8.800000000000000000e+01 4.187609069049358368e-03
8.900000000000000000e+01 1.996193081140518188e-03
9.000000000000000000e+01 2.470827021170407534e-04
9.100000000000000000e+01 -1.655164756812155247e-03
9.200000000000000000e+01 -3.680107183754444122e-03
9.300000000000000000e+01 -5.798179190605878830e-03
9.400000000000000000e+01 -6.805228535085916519e-03
9.500000000000000000e+01 -7.405733689665794373e-03
9.600000000000000000e+01 -8.416407741606235504e-03
9.700000000000000000e+01 -8.283067494630813599e-03
9.800000000000000000e+01 -1.025107223540544510e-02
9.900000000000000000e+01 -1.474905386567115784e-02
