1.000000000000000000e+00 1.000000000000000000e+00
2.000000000000000000e+00 8.587296605110168457e-01
3.000000000000000000e+00 7.532818317413330078e-01
4.000000000000000000e+00 6.650272607803344727e-01
5.000000000000000000e+00 5.871707201004028320e-01
6.000000000000000000e+00 5.167594552040100098e-01
7.000000000000000000e+00 4.524575173854827881e-01
8.000000000000000000e+00 3.932350873947143555e-01
9.000000000000000000e+00 3.384103477001190186e-01
1.000000000000000000e+01 2.874374091625213623e-01
1.100000000000000000e+01 2.397115677595138550e-01
1.200000000000000000e+01 1.947022974491119385e-01
1.300000000000000000e+01 1.522569209337234497e-01
1.400000000000000000e+01 1.122567653656005859e-01
1.500000000000000000e+01 7.451254874467849731e-02
1.600000000000000000e+01 3.929718956351280212e-02
1.700000000000000000e+01 6.565351970493793488e-03
1.800000000000000000e+01 -2.398962154984474182e-02
1.900000000000000000e+01 -5.226304382085800171e-02
2.000000000000000000e+01 -7.786620408296585083e-02
2.100000000000000000e+01 -1.009418815374374390e-01
2.200000000000000000e+01 -1.212970167398452759e-01
2.300000000000000000e+01 -1.388183385133743286e-01
2.400000000000000000e+01 -1.539666056632995605e-01
2.500000000000000000e+01 -1.663558334112167358e-01
2.600000000000000000e+01 -1.761248409748077393e-01
2.700000000000000000e+01 -1.834111958742141724e-01
2.800000000000000000e+01 -1.881204396486282349e-01
2.900000000000000000e+01 -1.905993819236755371e-01
3.000000000000000000e+01 -1.912149935960769653e-01
3.100000000000000000e+01 -1.899426132440567017e-01
3.200000000000000000e+01 -1.867155581712722778e-01
3.300000000000000000e+01 -1.818326264619827271e-01
3.400000000000000000e+01 -1.756842732429504395e-01
3.500000000000000000e+01 -1.681898385286331177e-01
3.600000000000000000e+01 -1.597975045442581177e-01
3.700000000000000000e+01 -1.504784673452377319e-01
3.800000000000000000e+01 -1.407302618026733398e-01
3.900000000000000000e+01 -1.301221251487731934e-01
4.000000000000000000e+01 -1.192018389701843262e-01
4.100000000000000000e+01 -1.081272810697555542e-01
4.200000000000000000e+01 -9.699720144271850586e-02
4.300000000000000000e+01 -8.597268164157867432e-02
4.400000000000000000e+01 -7.538934051990509033e-02
4.500000000000000000e+01 -6.496029347181320190e-02
4.600000000000000000e+01 -5.496497824788093567e-02
4.700000000000000000e+01 -4.536673054099082947e-02
4.800000000000000000e+01 -3.615279868245124817e-02
4.900000000000000000e+01 -2.730500139296054840e-02
5.000000000000000000e+01 -1.913577876985073090e-02
5.100000000000000000e+01 -1.133220456540584564e-02
5.200000000000000000e+01 -4.122479353100061417e-03
5.300000000000000000e+01 2.579767722636461258e-03
5.400000000000000000e+01 8.815828710794448853e-03
5.500000000000000000e+01 1.418354641646146774e-02
5.600000000000000000e+01 1.906078867614269257e-02
5.700000000000000000e+01 2.320449426770210266e-02
5.800000000000000000e+01 2.688712812960147858e-02
5.900000000000000000e+01 3.043529018759727478e-02
6.000000000000000000e+01 3.327247872948646545e-02
6.100000000000000000e+01 3.567259758710861206e-02
6.200000000000000000e+01 3.744507208466529846e-02
6.300000000000000000e+01 3.860186040401458740e-02
6.400000000000000000e+01 3.912905976176261902e-02
6.500000000000000000e+01 3.952211141586303711e-02
6.600000000000000000e+01 3.999322280287742615e-02
6.700000000000000000e+01 3.990686684846878052e-02
6.800000000000000000e+01 3.956972807645797729e-02
6.900000000000000000e+01 3.865785896778106689e-02
7.000000000000000000e+01 3.744995221495628357e-02
7.100000000000000000e+01 3.618592023849487305e-02
7.200000000000000000e+01 3.469123318791389465e-02
7.300000000000000000e+01 3.276285156607627869e-02
7.400000000000000000e+01 3.067104332149028778e-02
7.500000000000000000e+01 2.873225137591362000e-02
7.600000000000000000e+01 2.683190628886222839e-02
7.700000000000000000e+01 2.496311627328395844e-02
7.800000000000000000e+01 2.273790538311004639e-02
7.900000000000000000e+01 2.058147080242633820e-02
8.000000000000000000e+01 1.831598579883575439e-02
8.100000000000000000e+01 1.572255790233612061e-02
8.200000000000000000e+01 1.337989605963230133e-02
8.300000000000000000e+01 1.076951995491981506e-02
8.400000000000000000e+01 8.303841575980186462e-03
8.500000000000000000e+01 5.885844118893146515e-03
8.600000000000000000e+01 3.513604402542114258e-03
8.700000000000000000e+01 1.160778687335550785e-03
8.800000000000000000e+01 -1.005071913823485374e-03
8.900000000000000000e+01 -2.646464388817548752e-03
9.000000000000000000e+01 -4.470432642847299576e-03
9.100000000000000000e+01 -6.003177724778652191e-03
9.200000000000000000e+01 -7.818633690476417542e-03
9.300000000000000000e+01 -8.983320556581020355e-03
9.400000000000000000e+01 -9.583136066794395447e-03
9.500000000000000000e+01 -1.066746469587087631e-02
9.600000000000000000e+01 -1.139845699071884155e-02
9.700000000000000000e+01 -1.152037642896175385e-02
9.800000000000000000e+01 -1.114108134061098099e-02
9.900000000000000000e+01 -1.446662936359643936e-02
