1.000000000000000000e+00 1.000000000000000000e+00
2.000000000000000000e+00 8.666727542877197266e-01
3.000000000000000000e+00 7.669376730918884277e-01
4.000000000000000000e+00 6.828243136405944824e-01
5.000000000000000000e+00 6.082876920700073242e-01
6.000000000000000000e+00 5.405003428459167480e-01
7.000000000000000000e+00 4.782505333423614502e-01
8.000000000000000000e+00 4.207005500793457031e-01
9.000000000000000000e+00 3.670661151409149170e-01
1.000000000000000000e+01 3.169395029544830322e-01
1.100000000000000000e+01 2.694993913173675537e-01
1.200000000000000000e+01 2.247346043586730957e-01
1.300000000000000000e+01 1.819600909948348999e-01
1.400000000000000000e+01 1.413756608963012695e-01
1.500000000000000000e+01 1.028161495923995972e-01
1.600000000000000000e+01 6.634385883808135986e-02
1.700000000000000000e+01 3.186996281147003174e-02
1.800000000000000000e+01 -7.608889718540012836e-04
1.900000000000000000e+01 -3.126647323369979858e-02
2.000000000000000000e+01 -5.970422923564910889e-02
2.100000000000000000e+01 -8.567594736814498901e-02
2.200000000000000000e+01 -1.092962920665740967e-01
2.300000000000000000e+01 -1.305347830057144165e-01
2.400000000000000000e+01 -1.491712927818298340e-01
2.500000000000000000e+01 -1.651813536882400513e-01
2.600000000000000000e+01 -1.785910278558731079e-01
2.700000000000000000e+01 -1.895925998687744141e-01
2.800000000000000000e+01 -1.981224864721298218e-01
2.900000000000000000e+01 -2.041197568178176880e-01
3.000000000000000000e+01 -2.077234834432601929e-01
3.100000000000000000e+01 -2.091840356588363647e-01
3.200000000000000000e+01 -2.086660116910934448e-01
3.300000000000000000e+01 -2.062834203243255615e-01
3.400000000000000000e+01 -2.022311389446258545e-01
3.500000000000000000e+01 -1.969605982303619385e-01
3.600000000000000000e+01 -1.900166869163513184e-01
3.700000000000000000e+01 -1.820460408926010132e-01
3.800000000000000000e+01 -1.730359047651290894e-01
3.900000000000000000e+01 -1.633104979991912842e-01
4.000000000000000000e+01 -1.527897268533706665e-01
4.100000000000000000e+01 -1.420682221651077271e-01
4.200000000000000000e+01 -1.311008036136627197e-01
4.300000000000000000e+01 -1.198769062757492065e-01
4.400000000000000000e+01 -1.087019294500350952e-01
4.500000000000000000e+01 -9.750651568174362183e-02
4.600000000000000000e+01 -8.642549812793731689e-02
4.700000000000000000e+01 -7.547943294048309326e-02
4.800000000000000000e+01 -6.485535949468612671e-02
4.900000000000000000e+01 -5.452540144324302673e-02
5.000000000000000000e+01 -4.460990801453590393e-02
5.100000000000000000e+01 -3.515967354178428650e-02
5.200000000000000000e+01 -2.626296132802963257e-02
5.300000000000000000e+01 -1.767962239682674408e-02
5.400000000000000000e+01 -9.457918815314769745e-03
5.500000000000000000e+01 -1.917131594382226467e-03
5.600000000000000000e+01 4.900956992059946060e-03
5.700000000000000000e+01 1.141323335468769073e-02
5.800000000000000000e+01 1.760572753846645355e-02
5.900000000000000000e+01 2.326896414160728455e-02
6.000000000000000000e+01 2.824189513921737671e-02
6.100000000000000000e+01 3.251087665557861328e-02
6.200000000000000000e+01 3.632023558020591736e-02
6.300000000000000000e+01 3.938915207982063293e-02
6.400000000000000000e+01 4.181264340877532959e-02
6.500000000000000000e+01 4.359167069196701050e-02
6.600000000000000000e+01 4.492400214076042175e-02
6.700000000000000000e+01 4.603132233023643494e-02
6.800000000000000000e+01 4.680680111050605774e-02
6.900000000000000000e+01 4.690857604146003723e-02
7.000000000000000000e+01 4.653090983629226685e-02
7.100000000000000000e+01 4.555038362741470337e-02
7.200000000000000000e+01 4.421296715736389160e-02
7.300000000000000000e+01 4.264209792017936707e-02
7.400000000000000000e+01 4.136015102267265320e-02
7.500000000000000000e+01 3.989053517580032349e-02
7.600000000000000000e+01 3.820121660828590393e-02
7.700000000000000000e+01 3.621650487184524536e-02
7.800000000000000000e+01 3.407216444611549377e-02
7.900000000000000000e+01 3.201101347804069519e-02
8.000000000000000000e+01 3.009677492082118988e-02
8.100000000000000000e+01 2.801037393510341644e-02
8.200000000000000000e+01 2.584679052233695984e-02
8.300000000000000000e+01 2.356025949120521545e-02
8.400000000000000000e+01 2.072498947381973267e-02
8.500000000000000000e+01 1.822139322757720947e-02
8.600000000000000000e+01 1.536384131759405136e-02
8.700000000000000000e+01 1.345002371817827225e-02
8.800000000000000000e+01 1.126845087856054306e-02
8.900000000000000000e+01 8.589618839323520660e-03
9.000000000000000000e+01 6.171458866447210312e-03
9.100000000000000000e+01 4.089875612407922745e-03
9.200000000000000000e+01 2.076682168990373611e-03
9.300000000000000000e+01 -8.716842421563342214e-05
9.400000000000000000e+01 -1.447797636501491070e-03
9.500000000000000000e+01 -2.190532162785530090e-03
9.600000000000000000e+01 -1.528477761894464493e-03
9.700000000000000000e+01 -1.825704588554799557e-03
9.800000000000000000e+01 -3.374071558937430382e-03
9.900000000000000000e+01 -3.664905438199639320e-03
