1.000000000000000000e+00 1.000000000000000000e+00
2.000000000000000000e+00 8.484165668487548828e-01
3.000000000000000000e+00 7.355335950851440430e-01
4.000000000000000000e+00 6.415460109710693359e-01
5.000000000000000000e+00 5.593500137329101562e-01
6.000000000000000000e+00 4.857014715671539307e-01
7.000000000000000000e+00 4.191304445266723633e-01
8.000000000000000000e+00 3.582407832145690918e-01
9.000000000000000000e+00 3.025929033756256104e-01
1.000000000000000000e+01 2.512492239475250244e-01
1.100000000000000000e+01 2.036930620670318604e-01
1.200000000000000000e+01 1.591464728116989136e-01
1.300000000000000000e+01 1.177203133702278137e-01
1.400000000000000000e+01 7.922013849020004272e-02
1.500000000000000000e+01 4.364701360464096069e-02
1.600000000000000000e+01 1.091137249022722244e-02
1.700000000000000000e+01 -1.913513801991939545e-02
1.800000000000000000e+01 -4.648555070161819458e-02
1.900000000000000000e+01 -7.096371799707412720e-02
2.000000000000000000e+01 -9.268514811992645264e-02
2.100000000000000000e+01 -1.115359365940093994e-01
2.200000000000000000e+01 -1.275242716073989868e-01
2.300000000000000000e+01 -1.406557261943817139e-01
2.400000000000000000e+01 -1.510645598173141479e-01
2.500000000000000000e+01 -1.588389277458190918e-01
2.600000000000000000e+01 -1.640369147062301636e-01
2.700000000000000000e+01 -1.671050041913986206e-01
2.800000000000000000e+01 -1.679117083549499512e-01
2.900000000000000000e+01 -1.668378710746765137e-01
3.000000000000000000e+01 -1.639654189348220825e-01
3.100000000000000000e+01 -1.597628891468048096e-01
3.200000000000000000e+01 -1.539803594350814819e-01
3.300000000000000000e+01 -1.470794975757598877e-01
3.400000000000000000e+01 -1.389454156160354614e-01
3.500000000000000000e+01 -1.302939504384994507e-01
3.600000000000000000e+01 -1.212881132960319519e-01
3.700000000000000000e+01 -1.115937158465385437e-01
3.800000000000000000e+01 -1.017692014575004578e-01
3.900000000000000000e+01 -9.174250066280364990e-02
4.000000000000000000e+01 -8.193045854568481445e-02
4.100000000000000000e+01 -7.214715331792831421e-02
4.200000000000000000e+01 -6.266457587480545044e-02
4.300000000000000000e+01 -5.350566282868385315e-02
4.400000000000000000e+01 -4.460382089018821716e-02
4.500000000000000000e+01 -3.597714751958847046e-02
4.600000000000000000e+01 -2.784103527665138245e-02
4.700000000000000000e+01 -2.015452273190021515e-02
4.800000000000000000e+01 -1.305020786821842194e-02
4.900000000000000000e+01 -6.574803497642278671e-03
5.000000000000000000e+01 -4.655433585867285728e-04
5.100000000000000000e+01 5.176714621484279633e-03
5.200000000000000000e+01 1.037327479571104050e-02
5.300000000000000000e+01 1.515909936279058456e-02
5.400000000000000000e+01 1.910774409770965576e-02
5.500000000000000000e+01 2.223728969693183899e-02
5.600000000000000000e+01 2.480315975844860077e-02
5.700000000000000000e+01 2.676207572221755981e-02
5.800000000000000000e+01 2.830691076815128326e-02
5.900000000000000000e+01 2.958144247531890869e-02
6.000000000000000000e+01 3.025920130312442780e-02
6.100000000000000000e+01 3.053421527147293091e-02
6.200000000000000000e+01 3.059004619717597961e-02
6.300000000000000000e+01 3.026729822158813477e-02
6.400000000000000000e+01 2.974190749228000641e-02
6.500000000000000000e+01 2.907864749431610107e-02
6.600000000000000000e+01 2.786559052765369415e-02
6.700000000000000000e+01 2.657738886773586273e-02
6.800000000000000000e+01 2.509327046573162079e-02
6.900000000000000000e+01 2.346034348011016846e-02
7.000000000000000000e+01 2.187324129045009613e-02
7.100000000000000000e+01 2.026772312819957733e-02
7.200000000000000000e+01 1.823389902710914612e-02
7.300000000000000000e+01 1.610305719077587128e-02
7.400000000000000000e+01 1.383304409682750702e-02
7.500000000000000000e+01 1.112110819667577744e-02
7.600000000000000000e+01 8.544124662876129150e-03
7.700000000000000000e+01 6.682201754301786423e-03
7.800000000000000000e+01 4.723776131868362427e-03
7.900000000000000000e+01 3.191185649484395981e-03
8.000000000000000000e+01 1.715295366011559963e-03
8.100000000000000000e+01 6.981856422498822212e-04
8.200000000000000000e+01 -2.546119685575831681e-05
8.300000000000000000e+01 -1.028031576424837112e-03
8.400000000000000000e+01 -1.760139712132513523e-03
8.500000000000000000e+01 -2.426999853923916817e-03
8.600000000000000000e+01 -2.967675449326634407e-03
8.700000000000000000e+01 -4.037204198539257050e-03
8.800000000000000000e+01 -4.527518525719642639e-03
8.900000000000000000e+01 -5.035177338868379593e-03
9.000000000000000000e+01 -5.673877429217100143e-03
9.100000000000000000e+01 -6.972195114940404892e-03
9.200000000000000000e+01 -7.915253750979900360e-03
9.300000000000000000e+01 -8.808121085166931152e-03
9.400000000000000000e+01 -9.103970602154731750e-03
9.500000000000000000e+01 -8.604082278907299042e-03
9.600000000000000000e+01 -7.998342625796794891e-03
9.700000000000000000e+01 -8.202636614441871643e-03
9.800000000000000000e+01 -8.080665953457355499e-03
9.900000000000000000e+01 -8.418695069849491119e-03
