1.000000000000000000e+00 1.000000000000000000e+00
2.000000000000000000e+00 8.647847175598144531e-01
3.000000000000000000e+00 7.638750672340393066e-01
4.000000000000000000e+00 6.789870262145996094e-01
5.000000000000000000e+00 6.038758158683776855e-01
6.000000000000000000e+00 5.354123115539550781e-01
7.000000000000000000e+00 4.727073013782501221e-01
8.000000000000000000e+00 4.146232008934020996e-01
9.000000000000000000e+00 3.607281148433685303e-01
1.000000000000000000e+01 3.100830912590026855e-01
1.100000000000000000e+01 2.625783383846282959e-01
1.200000000000000000e+01 2.176019698381423950e-01
1.300000000000000000e+01 1.750787496566772461e-01
1.400000000000000000e+01 1.344887316226959229e-01
1.500000000000000000e+01 9.616049379110336304e-02
1.600000000000000000e+01 5.973066762089729309e-02
1.700000000000000000e+01 2.541255578398704529e-02
1.800000000000000000e+01 -6.988363806158304214e-03
1.900000000000000000e+01 -3.711661323904991150e-02
2.000000000000000000e+01 -6.490594148635864258e-02
2.100000000000000000e+01 -9.044493734836578369e-02
2.200000000000000000e+01 -1.133392900228500366e-01
2.300000000000000000e+01 -1.334710717201232910e-01
2.400000000000000000e+01 -1.511139422655105591e-01
2.500000000000000000e+01 -1.662877947092056274e-01
2.600000000000000000e+01 -1.788834482431411743e-01
2.700000000000000000e+01 -1.886297911405563354e-01
2.800000000000000000e+01 -1.959790140390396118e-01
2.900000000000000000e+01 -2.010399848222732544e-01
3.000000000000000000e+01 -2.037604302167892456e-01
3.100000000000000000e+01 -2.043779045343399048e-01
3.200000000000000000e+01 -2.030498087406158447e-01
3.300000000000000000e+01 -1.999204009771347046e-01
3.400000000000000000e+01 -1.951986998319625854e-01
3.500000000000000000e+01 -1.890605837106704712e-01
3.600000000000000000e+01 -1.817348003387451172e-01
3.700000000000000000e+01 -1.735090166330337524e-01
3.800000000000000000e+01 -1.643760651350021362e-01
3.900000000000000000e+01 -1.546337902545928955e-01
4.000000000000000000e+01 -1.444500982761383057e-01
4.100000000000000000e+01 -1.336749643087387085e-01
4.200000000000000000e+01 -1.227046996355056763e-01
4.300000000000000000e+01 -1.117342039942741394e-01
4.400000000000000000e+01 -1.006284132599830627e-01
4.500000000000000000e+01 -8.938627690076828003e-02
4.600000000000000000e+01 -7.837154716253280640e-02
4.700000000000000000e+01 -6.790299713611602783e-02
4.800000000000000000e+01 -5.764939635992050171e-02
4.900000000000000000e+01 -4.767541214823722839e-02
5.000000000000000000e+01 -3.828111290931701660e-02
5.100000000000000000e+01 -2.910855971276760101e-02
5.200000000000000000e+01 -2.031566202640533447e-02
5.300000000000000000e+01 -1.201355922967195511e-02
5.400000000000000000e+01 -4.415478557348251343e-03
5.500000000000000000e+01 2.607415197417140007e-03
5.600000000000000000e+01 9.051553905010223389e-03
5.700000000000000000e+01 1.520799659192562103e-02
5.800000000000000000e+01 2.084260061383247375e-02
5.900000000000000000e+01 2.566605806350708008e-02
6.000000000000000000e+01 2.993631176650524139e-02
6.100000000000000000e+01 3.357698023319244385e-02
6.200000000000000000e+01 3.692010417580604553e-02
6.300000000000000000e+01 3.974105417728424072e-02
6.400000000000000000e+01 4.172680526971817017e-02
6.500000000000000000e+01 4.335719719529151917e-02
6.600000000000000000e+01 4.424596205353736877e-02
6.700000000000000000e+01 4.502388089895248413e-02
6.800000000000000000e+01 4.526542127132415771e-02
6.900000000000000000e+01 4.563332721590995789e-02
7.000000000000000000e+01 4.542384669184684753e-02
7.100000000000000000e+01 4.462917894124984741e-02
7.200000000000000000e+01 4.367902874946594238e-02
7.300000000000000000e+01 4.228787869215011597e-02
7.400000000000000000e+01 4.080009087920188904e-02
7.500000000000000000e+01 3.912005946040153503e-02
7.600000000000000000e+01 3.760117292404174805e-02
7.700000000000000000e+01 3.565027564764022827e-02
7.800000000000000000e+01 3.358842805027961731e-02
7.900000000000000000e+01 3.124767169356346130e-02
8.000000000000000000e+01 2.897987514734268188e-02
8.100000000000000000e+01 2.694125287234783173e-02
8.200000000000000000e+01 2.515381760895252228e-02
8.300000000000000000e+01 2.334026806056499481e-02
8.400000000000000000e+01 2.132961153984069824e-02
8.500000000000000000e+01 1.974860951304435730e-02
8.600000000000000000e+01 1.755017414689064026e-02
8.700000000000000000e+01 1.515924651175737381e-02
8.800000000000000000e+01 1.283301506191492081e-02
8.900000000000000000e+01 1.086273789405822754e-02
9.000000000000000000e+01 8.189477957785129547e-03
9.100000000000000000e+01 6.110949907451868057e-03
9.200000000000000000e+01 4.122579470276832581e-03
9.300000000000000000e+01 1.863520825281739235e-03
9.400000000000000000e+01 4.256196843925863504e-04
9.500000000000000000e+01 -1.216340810060501099e-03
9.600000000000000000e+01 -2.357076620683073997e-03
9.700000000000000000e+01 -4.248850978910923004e-03
9.800000000000000000e+01 -5.813834257423877716e-03
9.900000000000000000e+01 -7.369600702077150345e-03
