1.000000000000000000e+00 1.000000000000000000e+00
2.000000000000000000e+00 8.503211140632629395e-01
3.000000000000000000e+00 7.388761043548583984e-01
4.000000000000000000e+00 6.459513306617736816e-01
5.000000000000000000e+00 5.643392205238342285e-01
6.000000000000000000e+00 4.912472367286682129e-01
7.000000000000000000e+00 4.248225688934326172e-01
8.000000000000000000e+00 3.642359375953674316e-01
9.000000000000000000e+00 3.085779547691345215e-01
1.000000000000000000e+01 2.571648657321929932e-01
1.100000000000000000e+01 2.094680070877075195e-01
1.200000000000000000e+01 1.649480760097503662e-01
1.300000000000000000e+01 1.233309432864189148e-01
1.400000000000000000e+01 8.453785628080368042e-02
1.500000000000000000e+01 4.850984737277030945e-02
1.600000000000000000e+01 1.518352422863245010e-02
1.700000000000000000e+01 -1.534196082502603531e-02
1.800000000000000000e+01 -4.331687837839126587e-02
1.900000000000000000e+01 -6.838119775056838989e-02
2.000000000000000000e+01 -9.082612395286560059e-02
2.100000000000000000e+01 -1.103371456265449524e-01
2.200000000000000000e+01 -1.271574050188064575e-01
2.300000000000000000e+01 -1.413220912218093872e-01
2.400000000000000000e+01 -1.526991277933120728e-01
2.500000000000000000e+01 -1.616078913211822510e-01
2.600000000000000000e+01 -1.677259355783462524e-01
2.700000000000000000e+01 -1.713246405124664307e-01
2.800000000000000000e+01 -1.730332076549530029e-01
2.900000000000000000e+01 -1.724824309349060059e-01
3.000000000000000000e+01 -1.699272841215133667e-01
3.100000000000000000e+01 -1.658170223236083984e-01
3.200000000000000000e+01 -1.602037549018859863e-01
3.300000000000000000e+01 -1.533276736736297607e-01
3.400000000000000000e+01 -1.455956250429153442e-01
3.500000000000000000e+01 -1.369411051273345947e-01
3.600000000000000000e+01 -1.278584897518157959e-01
3.700000000000000000e+01 -1.180047765374183655e-01
3.800000000000000000e+01 -1.080033481121063232e-01
3.900000000000000000e+01 -9.774610400199890137e-02
4.000000000000000000e+01 -8.754977583885192871e-02
4.100000000000000000e+01 -7.744101434946060181e-02
4.200000000000000000e+01 -6.742763519287109375e-02
4.300000000000000000e+01 -5.755262449383735657e-02
4.400000000000000000e+01 -4.798310995101928711e-02
4.500000000000000000e+01 -3.886632993817329407e-02
4.600000000000000000e+01 -3.046326339244842529e-02
4.700000000000000000e+01 -2.256536483764648438e-02
4.800000000000000000e+01 -1.500583533197641373e-02
4.900000000000000000e+01 -7.900169119238853455e-03
5.000000000000000000e+01 -1.262488425709307194e-03
5.100000000000000000e+01 4.571008495986461639e-03
5.200000000000000000e+01 9.795340709388256073e-03
5.300000000000000000e+01 1.449877303093671799e-02
5.400000000000000000e+01 1.870341598987579346e-02
5.500000000000000000e+01 2.233316376805305481e-02
5.600000000000000000e+01 2.552710473537445068e-02
5.700000000000000000e+01 2.819896861910820007e-02
5.800000000000000000e+01 3.002766519784927368e-02
5.900000000000000000e+01 3.137511014938354492e-02
6.000000000000000000e+01 3.235050663352012634e-02
6.100000000000000000e+01 3.267759084701538086e-02
6.200000000000000000e+01 3.269759565591812134e-02
6.300000000000000000e+01 3.254076838493347168e-02
6.400000000000000000e+01 3.205981850624084473e-02
6.500000000000000000e+01 3.151375055313110352e-02
6.600000000000000000e+01 3.054337576031684875e-02
6.700000000000000000e+01 2.900385297834873199e-02
6.800000000000000000e+01 2.728895656764507294e-02
6.900000000000000000e+01 2.519756555557250977e-02
7.000000000000000000e+01 2.271066606044769287e-02
7.100000000000000000e+01 2.014589309692382812e-02
7.200000000000000000e+01 1.786965690553188324e-02
7.300000000000000000e+01 1.565066911280155182e-02
7.400000000000000000e+01 1.383479591459035873e-02
7.500000000000000000e+01 1.205703895539045334e-02
7.600000000000000000e+01 1.004224177449941635e-02
7.700000000000000000e+01 8.207255043089389801e-03
7.800000000000000000e+01 6.408119108527898788e-03
7.900000000000000000e+01 4.454183392226696014e-03
8.000000000000000000e+01 2.474598120898008347e-03
8.100000000000000000e+01 8.611947996541857719e-04
8.200000000000000000e+01 -9.288694709539413452e-04
8.300000000000000000e+01 -2.352764131501317024e-03
8.400000000000000000e+01 -4.030589014291763306e-03
8.500000000000000000e+01 -4.708305466920137405e-03
8.600000000000000000e+01 -5.324197001755237579e-03
8.700000000000000000e+01 -5.823622457683086395e-03
8.800000000000000000e+01 -6.492238491773605347e-03
8.900000000000000000e+01 -7.182012312114238739e-03
9.000000000000000000e+01 -8.457628078758716583e-03
9.100000000000000000e+01 -9.332966059446334839e-03
9.200000000000000000e+01 -9.105604141950607300e-03
9.300000000000000000e+01 -8.841559290885925293e-03
9.400000000000000000e+01 -9.141440503299236298e-03
9.500000000000000000e+01 -8.599744178354740143e-03
9.600000000000000000e+01 -8.079471066594123840e-03
9.700000000000000000e+01 -8.512351661920547485e-03
9.800000000000000000e+01 -7.974616251885890961e-03
9.900000000000000000e+01 -7.896541617810726166e-03
