1.000000000000000000e+00 1.000000000000000000e+00
2.000000000000000000e+00 8.606216907501220703e-01
3.000000000000000000e+00 7.566003203392028809e-01
4.000000000000000000e+00 6.692562699317932129e-01
5.000000000000000000e+00 5.920449495315551758e-01
6.000000000000000000e+00 5.220099687576293945e-01
7.000000000000000000e+00 4.579416215419769287e-01
8.000000000000000000e+00 3.987734317779541016e-01
9.000000000000000000e+00 3.440821766853332520e-01
1.000000000000000000e+01 2.931077480316162109e-01
1.100000000000000000e+01 2.452511340379714966e-01
1.200000000000000000e+01 2.002521306276321411e-01
1.300000000000000000e+01 1.578123718500137329e-01
1.400000000000000000e+01 1.176603361964225769e-01
1.500000000000000000e+01 7.967624068260192871e-02
1.600000000000000000e+01 4.405213147401809692e-02
1.700000000000000000e+01 1.059232000261545181e-02
1.800000000000000000e+01 -2.061376161873340607e-02
1.900000000000000000e+01 -4.923591390252113342e-02
2.000000000000000000e+01 -7.518097013235092163e-02
2.100000000000000000e+01 -9.871535748243331909e-02
2.200000000000000000e+01 -1.195316538214683533e-01
2.300000000000000000e+01 -1.379532217979431152e-01
2.400000000000000000e+01 -1.538642495870590210e-01
2.500000000000000000e+01 -1.668985933065414429e-01
2.600000000000000000e+01 -1.773051917552947998e-01
2.700000000000000000e+01 -1.853653937578201294e-01
2.800000000000000000e+01 -1.907906234264373779e-01
2.900000000000000000e+01 -1.939649432897567749e-01
3.000000000000000000e+01 -1.950611174106597900e-01
3.100000000000000000e+01 -1.939986348152160645e-01
3.200000000000000000e+01 -1.910198926925659180e-01
3.300000000000000000e+01 -1.865005195140838623e-01
3.400000000000000000e+01 -1.806427538394927979e-01
3.500000000000000000e+01 -1.733717471361160278e-01
3.600000000000000000e+01 -1.652693152427673340e-01
3.700000000000000000e+01 -1.564783751964569092e-01
3.800000000000000000e+01 -1.468206048011779785e-01
3.900000000000000000e+01 -1.365395188331604004e-01
4.000000000000000000e+01 -1.257303059101104736e-01
4.100000000000000000e+01 -1.146006360650062561e-01
4.200000000000000000e+01 -1.035410985350608826e-01
4.300000000000000000e+01 -9.256155788898468018e-02
4.400000000000000000e+01 -8.168853819370269775e-02
4.500000000000000000e+01 -7.119209319353103638e-02
4.600000000000000000e+01 -6.073480099439620972e-02
4.700000000000000000e+01 -5.080134794116020203e-02
4.800000000000000000e+01 -4.106294736266136169e-02
4.900000000000000000e+01 -3.199248388409614563e-02
5.000000000000000000e+01 -2.345914579927921295e-02
5.100000000000000000e+01 -1.542003080248832703e-02
5.200000000000000000e+01 -8.141226135194301605e-03
5.300000000000000000e+01 -1.227690372616052628e-03
5.400000000000000000e+01 5.103643052279949188e-03
5.500000000000000000e+01 1.078793685883283615e-02
5.600000000000000000e+01 1.625959947705268860e-02
5.700000000000000000e+01 2.109446004033088684e-02
5.800000000000000000e+01 2.545667253434658051e-02
5.900000000000000000e+01 2.941468358039855957e-02
6.000000000000000000e+01 3.308922424912452698e-02
6.100000000000000000e+01 3.583771362900733948e-02
6.200000000000000000e+01 3.789773210883140564e-02
6.300000000000000000e+01 3.943321108818054199e-02
6.400000000000000000e+01 4.061177745461463928e-02
6.500000000000000000e+01 4.127589613199234009e-02
6.600000000000000000e+01 4.143636673688888550e-02
6.700000000000000000e+01 4.105541482567787170e-02
6.800000000000000000e+01 4.067854210734367371e-02
6.900000000000000000e+01 4.008036851882934570e-02
7.000000000000000000e+01 3.913495317101478577e-02
7.100000000000000000e+01 3.786647319793701172e-02
7.200000000000000000e+01 3.683182224631309509e-02
7.300000000000000000e+01 3.526938334107398987e-02
7.400000000000000000e+01 3.340926766395568848e-02
7.500000000000000000e+01 3.132831677794456482e-02
7.600000000000000000e+01 2.939771115779876709e-02
7.700000000000000000e+01 2.761767990887165070e-02
7.800000000000000000e+01 2.560480125248432159e-02
7.900000000000000000e+01 2.354815416038036346e-02
8.000000000000000000e+01 2.171947993338108063e-02
8.100000000000000000e+01 1.952552236616611481e-02
8.200000000000000000e+01 1.727282442152500153e-02
8.300000000000000000e+01 1.485363207757472992e-02
8.400000000000000000e+01 1.230803783982992172e-02
8.500000000000000000e+01 9.639339521527290344e-03
8.600000000000000000e+01 6.987132132053375244e-03
8.700000000000000000e+01 4.589914344251155853e-03
8.800000000000000000e+01 2.025611000135540962e-03
8.900000000000000000e+01 -1.854888978414237499e-04
9.000000000000000000e+01 -1.999214990064501762e-03
9.100000000000000000e+01 -3.032858017832040787e-03
9.200000000000000000e+01 -3.484770888462662697e-03
9.300000000000000000e+01 -4.350004252046346664e-03
9.400000000000000000e+01 -3.948613069951534271e-03
9.500000000000000000e+01 -4.215178545564413071e-03
9.600000000000000000e+01 -4.920139443129301071e-03
9.700000000000000000e+01 -5.863830912858247757e-03
9.800000000000000000e+01 -5.508838687092065811e-03
9.900000000000000000e+01 -5.252789705991744995e-03
