1.000000000000000000e+00 1.000000000000000000e+00
2.000000000000000000e+00 8.244663476943969727e-01
3.000000000000000000e+00 6.944607496261596680e-01
4.000000000000000000e+00 5.882478356361389160e-01
5.000000000000000000e+00 4.978578984737396240e-01
6.000000000000000000e+00 4.189754128456115723e-01
7.000000000000000000e+00 3.496160507202148438e-01
8.000000000000000000e+00 2.879540026187896729e-01
9.000000000000000000e+00 2.330970615148544312e-01
1.000000000000000000e+01 1.840942651033401489e-01
1.100000000000000000e+01 1.400196403264999390e-01
1.200000000000000000e+01 1.004763022065162659e-01
1.300000000000000000e+01 6.480319052934646606e-02
1.400000000000000000e+01 3.288459032773971558e-02
1.500000000000000000e+01 4.586379975080490112e-03
1.600000000000000000e+01 -2.066298387944698334e-02
1.700000000000000000e+01 -4.275417327880859375e-02
1.800000000000000000e+01 -6.168329343199729919e-02
1.900000000000000000e+01 -7.780261337757110596e-02
2.000000000000000000e+01 -9.132467955350875854e-02
2.100000000000000000e+01 -1.018739044666290283e-01
2.200000000000000000e+01 -1.100545749068260193e-01
2.300000000000000000e+01 -1.158245205879211426e-01
2.400000000000000000e+01 -1.193048655986785889e-01
2.500000000000000000e+01 -1.207104176282882690e-01
2.600000000000000000e+01 -1.202340722084045410e-01
2.700000000000000000e+01 -1.185394823551177979e-01
2.800000000000000000e+01 -1.153204962611198425e-01
2.900000000000000000e+01 -1.112026870250701904e-01
3.000000000000000000e+01 -1.059760972857475281e-01
3.100000000000000000e+01 -9.993291646242141724e-02
3.200000000000000000e+01 -9.315267205238342285e-02
3.300000000000000000e+01 -8.638383448123931885e-02
3.400000000000000000e+01 -7.947197556495666504e-02
3.500000000000000000e+01 -7.197348028421401978e-02
3.600000000000000000e+01 -6.436384469270706177e-02
3.700000000000000000e+01 -5.714019760489463806e-02
3.800000000000000000e+01 -5.012639984488487244e-02
3.900000000000000000e+01 -4.314863681793212891e-02
4.000000000000000000e+01 -3.626181185245513916e-02
4.100000000000000000e+01 -2.962958067655563354e-02
4.200000000000000000e+01 -2.347706072032451630e-02
4.300000000000000000e+01 -1.785145699977874756e-02
4.400000000000000000e+01 -1.280530635267496109e-02
4.500000000000000000e+01 -8.089185692369937897e-03
4.600000000000000000e+01 -3.911058884114027023e-03
4.700000000000000000e+01 -4.465867532417178154e-04
4.800000000000000000e+01 2.906031208112835884e-03
4.900000000000000000e+01 5.836029537022113800e-03
5.000000000000000000e+01 8.279177360236644745e-03
5.100000000000000000e+01 1.031463313847780228e-02
5.200000000000000000e+01 1.217618957161903381e-02
5.300000000000000000e+01 1.389639358967542648e-02
5.400000000000000000e+01 1.529723871499300003e-02
5.500000000000000000e+01 1.641965098679065704e-02
5.600000000000000000e+01 1.717018336057662964e-02
5.700000000000000000e+01 1.745383627712726593e-02
5.800000000000000000e+01 1.732329651713371277e-02
5.900000000000000000e+01 1.711241528391838074e-02
6.000000000000000000e+01 1.688004843890666962e-02
6.100000000000000000e+01 1.667535491287708282e-02
6.200000000000000000e+01 1.633133180439472198e-02
6.300000000000000000e+01 1.561670098453760147e-02
6.400000000000000000e+01 1.476909965276718140e-02
6.500000000000000000e+01 1.358418073505163193e-02
6.600000000000000000e+01 1.200515031814575195e-02
6.700000000000000000e+01 1.061071176081895828e-02
6.800000000000000000e+01 9.697642177343368530e-03
6.900000000000000000e+01 8.250699378550052643e-03
7.000000000000000000e+01 6.687479559332132339e-03
7.100000000000000000e+01 5.176644772291183472e-03
7.200000000000000000e+01 3.806097898632287979e-03
7.300000000000000000e+01 2.482637297362089157e-03
7.400000000000000000e+01 1.245076302438974380e-03
7.500000000000000000e+01 1.268736668862402439e-04
7.600000000000000000e+01 -1.027830177918076515e-03
7.700000000000000000e+01 -2.071869792416691780e-03
7.800000000000000000e+01 -2.519329078495502472e-03
7.900000000000000000e+01 -3.708542091771960258e-03
8.000000000000000000e+01 -4.651057533919811249e-03
8.100000000000000000e+01 -5.356854759156703949e-03
8.200000000000000000e+01 -5.641435738652944565e-03
8.300000000000000000e+01 -5.826517008244991302e-03
8.400000000000000000e+01 -5.832538474351167679e-03
8.500000000000000000e+01 -5.607510451227426529e-03
8.600000000000000000e+01 -5.329062696546316147e-03
8.700000000000000000e+01 -5.235130898654460907e-03
8.800000000000000000e+01 -5.348647478967905045e-03
8.900000000000000000e+01 -5.503317341208457947e-03
9.000000000000000000e+01 -5.195891018956899643e-03
9.100000000000000000e+01 -4.705130588263273239e-03
9.200000000000000000e+01 -4.193311091512441635e-03
9.300000000000000000e+01 -2.649386180564761162e-03
9.400000000000000000e+01 -1.597408903762698174e-03
9.500000000000000000e+01 2.289700350956991315e-04
9.600000000000000000e+01 7.269954949151724577e-05
9.700000000000000000e+01 -1.540998811833560467e-03
9.800000000000000000e+01 -3.235770389437675476e-03
9.900000000000000000e+01 -3.020910546183586121e-03
