1.000000000000000000e+00 1.000000000000000000e+00
2.000000000000000000e+00 8.511011004447937012e-01
3.000000000000000000e+00 7.402042150497436523e-01
4.000000000000000000e+00 6.476968526840209961e-01
5.000000000000000000e+00 5.666301250457763672e-01
6.000000000000000000e+00 4.936881661415100098e-01
7.000000000000000000e+00 4.276260733604431152e-01
8.000000000000000000e+00 3.671194314956665039e-01
9.000000000000000000e+00 3.113839030265808105e-01
1.000000000000000000e+01 2.597911655902862549e-01
1.100000000000000000e+01 2.119964212179183960e-01
1.200000000000000000e+01 1.673853099346160889e-01
1.300000000000000000e+01 1.256854087114334106e-01
1.400000000000000000e+01 8.695757389068603516e-02
1.500000000000000000e+01 5.064905807375907898e-02
1.600000000000000000e+01 1.712586544454097748e-02
1.700000000000000000e+01 -1.387403439730405807e-02
1.800000000000000000e+01 -4.214332252740859985e-02
1.900000000000000000e+01 -6.758125871419906616e-02
2.000000000000000000e+01 -9.029702097177505493e-02
2.100000000000000000e+01 -1.101201772689819336e-01
2.200000000000000000e+01 -1.270948946475982666e-01
2.300000000000000000e+01 -1.414051949977874756e-01
2.400000000000000000e+01 -1.529605984687805176e-01
2.500000000000000000e+01 -1.619096398353576660e-01
2.600000000000000000e+01 -1.682985574007034302e-01
2.700000000000000000e+01 -1.724247485399246216e-01
2.800000000000000000e+01 -1.742988079786300659e-01
2.900000000000000000e+01 -1.738087087869644165e-01
3.000000000000000000e+01 -1.715314984321594238e-01
3.100000000000000000e+01 -1.677906662225723267e-01
3.200000000000000000e+01 -1.624534875154495239e-01
3.300000000000000000e+01 -1.555512547492980957e-01
3.400000000000000000e+01 -1.475446075201034546e-01
3.500000000000000000e+01 -1.389069408178329468e-01
3.600000000000000000e+01 -1.298165321350097656e-01
3.700000000000000000e+01 -1.204782724380493164e-01
3.800000000000000000e+01 -1.107085943222045898e-01
3.900000000000000000e+01 -1.005912423133850098e-01
4.000000000000000000e+01 -9.036972373723983765e-02
4.100000000000000000e+01 -8.043054491281509399e-02
4.200000000000000000e+01 -7.054061442613601685e-02
4.300000000000000000e+01 -6.097304821014404297e-02
4.400000000000000000e+01 -5.160782113671302795e-02
4.500000000000000000e+01 -4.235114157199859619e-02
4.600000000000000000e+01 -3.335268795490264893e-02
4.700000000000000000e+01 -2.492900379002094269e-02
4.800000000000000000e+01 -1.692239567637443542e-02
4.900000000000000000e+01 -9.771884419023990631e-03
5.000000000000000000e+01 -3.029385814443230629e-03
5.100000000000000000e+01 3.222043393179774284e-03
5.200000000000000000e+01 8.968652226030826569e-03
5.300000000000000000e+01 1.396020781248807907e-02
5.400000000000000000e+01 1.816240698099136353e-02
5.500000000000000000e+01 2.164301276206970215e-02
5.600000000000000000e+01 2.456001378595829010e-02
5.700000000000000000e+01 2.729973383247852325e-02
5.800000000000000000e+01 2.947447448968887329e-02
5.900000000000000000e+01 3.089897893369197845e-02
6.000000000000000000e+01 3.184364363551139832e-02
6.100000000000000000e+01 3.250009939074516296e-02
6.200000000000000000e+01 3.268489241600036621e-02
6.300000000000000000e+01 3.286022320389747620e-02
6.400000000000000000e+01 3.231953456997871399e-02
6.500000000000000000e+01 3.174054995179176331e-02
6.600000000000000000e+01 3.076805174350738525e-02
6.700000000000000000e+01 2.944031171500682831e-02
6.800000000000000000e+01 2.793905884027481079e-02
6.900000000000000000e+01 2.619115822017192841e-02
7.000000000000000000e+01 2.376262471079826355e-02
7.100000000000000000e+01 2.135889604687690735e-02
7.200000000000000000e+01 1.924132928252220154e-02
7.300000000000000000e+01 1.702289283275604248e-02
7.400000000000000000e+01 1.490473933517932892e-02
7.500000000000000000e+01 1.214342284947633743e-02
7.600000000000000000e+01 9.752470068633556366e-03
7.700000000000000000e+01 7.879569195210933685e-03
7.800000000000000000e+01 6.135961506515741348e-03
7.900000000000000000e+01 4.792668391019105911e-03
8.000000000000000000e+01 3.544433042407035828e-03
8.100000000000000000e+01 2.654140349477529526e-03
8.200000000000000000e+01 1.343598472885787487e-03
8.300000000000000000e+01 -4.506147161009721458e-05
8.400000000000000000e+01 -1.052875188179314137e-03
8.500000000000000000e+01 -2.170449122786521912e-03
8.600000000000000000e+01 -3.597834147512912750e-03
8.700000000000000000e+01 -4.221078008413314819e-03
8.800000000000000000e+01 -4.667997825890779495e-03
8.900000000000000000e+01 -5.401785019785165787e-03
9.000000000000000000e+01 -5.607830826193094254e-03
9.100000000000000000e+01 -5.809037480503320694e-03
9.200000000000000000e+01 -5.989396944642066956e-03
9.300000000000000000e+01 -6.158729549497365952e-03
9.400000000000000000e+01 -6.125576328486204147e-03
9.500000000000000000e+01 -6.238346453756093979e-03
9.600000000000000000e+01 -7.598004303872585297e-03
9.700000000000000000e+01 -8.499098941683769226e-03
9.800000000000000000e+01 -8.503763936460018158e-03
9.900000000000000000e+01 -1.040441263467073441e-02
