1.000000000000000000e+00 1.000000000000000000e+00
2.000000000000000000e+00 8.640702962875366211e-01
3.000000000000000000e+00 7.627288103103637695e-01
4.000000000000000000e+00 6.773582696914672852e-01
5.000000000000000000e+00 6.015948057174682617e-01
6.000000000000000000e+00 5.328326225280761719e-01
7.000000000000000000e+00 4.696546494960784912e-01
8.000000000000000000e+00 4.112066924571990967e-01
9.000000000000000000e+00 3.570488691329956055e-01
1.000000000000000000e+01 3.062783777713775635e-01
1.100000000000000000e+01 2.586533427238464355e-01
1.200000000000000000e+01 2.136693298816680908e-01
1.300000000000000000e+01 1.708403080701828003e-01
1.400000000000000000e+01 1.303261667490005493e-01
1.500000000000000000e+01 9.195990115404129028e-02
1.600000000000000000e+01 5.555866658687591553e-02
1.700000000000000000e+01 2.150624990463256836e-02
1.800000000000000000e+01 -1.041128486394882202e-02
1.900000000000000000e+01 -4.027944430708885193e-02
2.000000000000000000e+01 -6.768275797367095947e-02
2.100000000000000000e+01 -9.260296821594238281e-02
2.200000000000000000e+01 -1.151236072182655334e-01
2.300000000000000000e+01 -1.350182294845581055e-01
2.400000000000000000e+01 -1.523073017597198486e-01
2.500000000000000000e+01 -1.670868694782257080e-01
2.600000000000000000e+01 -1.792623549699783325e-01
2.700000000000000000e+01 -1.889134645462036133e-01
2.800000000000000000e+01 -1.958463788032531738e-01
2.900000000000000000e+01 -2.005696147680282593e-01
3.000000000000000000e+01 -2.029040455818176270e-01
3.100000000000000000e+01 -2.029104232788085938e-01
3.200000000000000000e+01 -2.011015862226486206e-01
3.300000000000000000e+01 -1.974463313817977905e-01
3.400000000000000000e+01 -1.924694925546646118e-01
3.500000000000000000e+01 -1.862082481384277344e-01
3.600000000000000000e+01 -1.788525432348251343e-01
3.700000000000000000e+01 -1.704943478107452393e-01
3.800000000000000000e+01 -1.611984670162200928e-01
3.900000000000000000e+01 -1.509457677602767944e-01
4.000000000000000000e+01 -1.403460055589675903e-01
4.100000000000000000e+01 -1.292990744113922119e-01
4.200000000000000000e+01 -1.180546209216117859e-01
4.300000000000000000e+01 -1.068979799747467041e-01
4.400000000000000000e+01 -9.585563093423843384e-02
4.500000000000000000e+01 -8.508606255054473877e-02
4.600000000000000000e+01 -7.433097809553146362e-02
4.700000000000000000e+01 -6.357172131538391113e-02
4.800000000000000000e+01 -5.322741344571113586e-02
4.900000000000000000e+01 -4.312355071306228638e-02
5.000000000000000000e+01 -3.357181325554847717e-02
5.100000000000000000e+01 -2.461523748934268951e-02
5.200000000000000000e+01 -1.598356291651725769e-02
5.300000000000000000e+01 -7.952709682285785675e-03
5.400000000000000000e+01 -5.592220695689320564e-04
5.500000000000000000e+01 6.278615444898605347e-03
5.600000000000000000e+01 1.266488153487443924e-02
5.700000000000000000e+01 1.827715151011943817e-02
5.800000000000000000e+01 2.346586622297763824e-02
5.900000000000000000e+01 2.803573943674564362e-02
6.000000000000000000e+01 3.231301158666610718e-02
6.100000000000000000e+01 3.553618863224983215e-02
6.200000000000000000e+01 3.853075951337814331e-02
6.300000000000000000e+01 4.118013754487037659e-02
6.400000000000000000e+01 4.331694170832633972e-02
6.500000000000000000e+01 4.497073590755462646e-02
6.600000000000000000e+01 4.588261246681213379e-02
6.700000000000000000e+01 4.621734842658042908e-02
6.800000000000000000e+01 4.635710641741752625e-02
6.900000000000000000e+01 4.575543478131294250e-02
7.000000000000000000e+01 4.492178931832313538e-02
7.100000000000000000e+01 4.370385408401489258e-02
7.200000000000000000e+01 4.255022481083869934e-02
7.300000000000000000e+01 4.096737504005432129e-02
7.400000000000000000e+01 3.916529566049575806e-02
7.500000000000000000e+01 3.763191774487495422e-02
7.600000000000000000e+01 3.563692793250083923e-02
7.700000000000000000e+01 3.368188440799713135e-02
7.800000000000000000e+01 3.154350817203521729e-02
7.900000000000000000e+01 2.948088198900222778e-02
8.000000000000000000e+01 2.717714384198188782e-02
8.100000000000000000e+01 2.474722638726234436e-02
8.200000000000000000e+01 2.271532453596591949e-02
8.300000000000000000e+01 1.985442452132701874e-02
8.400000000000000000e+01 1.760228350758552551e-02
8.500000000000000000e+01 1.563928462564945221e-02
8.600000000000000000e+01 1.377985067665576935e-02
8.700000000000000000e+01 1.215860527008771896e-02
8.800000000000000000e+01 1.080191321671009064e-02
8.900000000000000000e+01 9.098535403609275818e-03
9.000000000000000000e+01 7.100472226738929749e-03
9.100000000000000000e+01 4.638089798390865326e-03
9.200000000000000000e+01 1.495426520705223083e-03
9.300000000000000000e+01 -1.345029100775718689e-03
9.400000000000000000e+01 -3.760695457458496094e-03
9.500000000000000000e+01 -5.210699513554573059e-03
9.600000000000000000e+01 -6.359373219311237335e-03
9.700000000000000000e+01 -7.024467922747135162e-03
9.800000000000000000e+01 -7.487731985747814178e-03
9.900000000000000000e+01 -7.556037977337837219e-03
