1.000000000000000000e+00 1.000000000000000000e+00
2.000000000000000000e+00 8.579528927803039551e-01
3.000000000000000000e+00 7.518658041954040527e-01
4.000000000000000000e+00 6.631255745887756348e-01
5.000000000000000000e+00 5.847990512847900391e-01
6.000000000000000000e+00 5.140560865402221680e-01
7.000000000000000000e+00 4.493564963340759277e-01
8.000000000000000000e+00 3.898092806339263916e-01
9.000000000000000000e+00 3.348942101001739502e-01
1.000000000000000000e+01 2.837119400501251221e-01
1.100000000000000000e+01 2.356550097465515137e-01
1.200000000000000000e+01 1.905962228775024414e-01
1.300000000000000000e+01 1.483036428689956665e-01
1.400000000000000000e+01 1.084689572453498840e-01
1.500000000000000000e+01 7.117154449224472046e-02
1.600000000000000000e+01 3.620194271206855774e-02
1.700000000000000000e+01 3.563361475244164467e-03
1.800000000000000000e+01 -2.672327123582363129e-02
1.900000000000000000e+01 -5.446673929691314697e-02
2.000000000000000000e+01 -7.954040169715881348e-02
2.100000000000000000e+01 -1.020893231034278870e-01
2.200000000000000000e+01 -1.218744590878486633e-01
2.300000000000000000e+01 -1.391267925500869751e-01
2.400000000000000000e+01 -1.535827368497848511e-01
2.500000000000000000e+01 -1.655145436525344849e-01
2.600000000000000000e+01 -1.748965382575988770e-01
2.700000000000000000e+01 -1.818044036626815796e-01
2.800000000000000000e+01 -1.862270832061767578e-01
2.900000000000000000e+01 -1.883258074522018433e-01
3.000000000000000000e+01 -1.884723454713821411e-01
3.100000000000000000e+01 -1.865263879299163818e-01
3.200000000000000000e+01 -1.829058974981307983e-01
3.300000000000000000e+01 -1.775817871093750000e-01
3.400000000000000000e+01 -1.711874753236770630e-01
3.500000000000000000e+01 -1.633435636758804321e-01
3.600000000000000000e+01 -1.544517427682876587e-01
3.700000000000000000e+01 -1.451436430215835571e-01
3.800000000000000000e+01 -1.352239996194839478e-01
3.900000000000000000e+01 -1.250084042549133301e-01
4.000000000000000000e+01 -1.144666150212287903e-01
4.100000000000000000e+01 -1.035336628556251526e-01
4.200000000000000000e+01 -9.277322888374328613e-02
4.300000000000000000e+01 -8.221761882305145264e-02
4.400000000000000000e+01 -7.194995135068893433e-02
4.500000000000000000e+01 -6.179684773087501526e-02
4.600000000000000000e+01 -5.208649858832359314e-02
4.700000000000000000e+01 -4.283168166875839233e-02
4.800000000000000000e+01 -3.374356403946876526e-02
4.900000000000000000e+01 -2.513905614614486694e-02
5.000000000000000000e+01 -1.684235595166683197e-02
5.100000000000000000e+01 -9.290657937526702881e-03
5.200000000000000000e+01 -2.267193049192428589e-03
5.300000000000000000e+01 4.140704870223999023e-03
5.400000000000000000e+01 9.931868873536586761e-03
5.500000000000000000e+01 1.495338138192892075e-02
5.600000000000000000e+01 1.942482404410839081e-02
5.700000000000000000e+01 2.341019175946712494e-02
5.800000000000000000e+01 2.699357643723487854e-02
5.900000000000000000e+01 3.036706894636154175e-02
6.000000000000000000e+01 3.322502225637435913e-02
6.100000000000000000e+01 3.528979793190956116e-02
6.200000000000000000e+01 3.698169812560081482e-02
6.300000000000000000e+01 3.830221295356750488e-02
6.400000000000000000e+01 3.937461599707603455e-02
6.500000000000000000e+01 3.964343294501304626e-02
6.600000000000000000e+01 3.953548520803451538e-02
6.700000000000000000e+01 3.886936977505683899e-02
6.800000000000000000e+01 3.772438317537307739e-02
6.900000000000000000e+01 3.631892055273056030e-02
7.000000000000000000e+01 3.489680215716362000e-02
7.100000000000000000e+01 3.311861678957939148e-02
7.200000000000000000e+01 3.132478892803192139e-02
7.300000000000000000e+01 2.956651709973812103e-02
7.400000000000000000e+01 2.786118164658546448e-02
7.500000000000000000e+01 2.596607990562915802e-02
7.600000000000000000e+01 2.361081726849079132e-02
7.700000000000000000e+01 2.147585526108741760e-02
7.800000000000000000e+01 1.958123035728931427e-02
7.900000000000000000e+01 1.776515133678913116e-02
8.000000000000000000e+01 1.581639237701892853e-02
8.100000000000000000e+01 1.377030368894338608e-02
8.200000000000000000e+01 1.173087116330862045e-02
8.300000000000000000e+01 9.764824993908405304e-03
8.400000000000000000e+01 7.797108497470617294e-03
8.500000000000000000e+01 5.355015397071838379e-03
8.600000000000000000e+01 3.384345211088657379e-03
8.700000000000000000e+01 1.750988303683698177e-03
8.800000000000000000e+01 3.896841953974217176e-04
8.900000000000000000e+01 -1.013867906294763088e-03
9.000000000000000000e+01 -2.225374802947044373e-03
9.100000000000000000e+01 -3.420680062845349312e-03
9.200000000000000000e+01 -4.713123664259910583e-03
9.300000000000000000e+01 -4.471449181437492371e-03
9.400000000000000000e+01 -4.604460671544075012e-03
9.500000000000000000e+01 -5.572315771132707596e-03
9.600000000000000000e+01 -6.214597262442111969e-03
9.700000000000000000e+01 -6.282428279519081116e-03
9.800000000000000000e+01 -7.067692000418901443e-03
9.900000000000000000e+01 -7.685792632400989532e-03
