1.000000000000000000e+00 1.000000000000000000e+00
2.000000000000000000e+00 8.552256822586059570e-01
3.000000000000000000e+00 7.469713687896728516e-01
4.000000000000000000e+00 6.562876105308532715e-01
5.000000000000000000e+00 5.765839219093322754e-01
6.000000000000000000e+00 5.045888423919677734e-01
7.000000000000000000e+00 4.392552971839904785e-01
8.000000000000000000e+00 3.792900741100311279e-01
9.000000000000000000e+00 3.239764571189880371e-01
1.000000000000000000e+01 2.727628648281097412e-01
1.100000000000000000e+01 2.249534428119659424e-01
1.200000000000000000e+01 1.800253391265869141e-01
1.300000000000000000e+01 1.381131410598754883e-01
1.400000000000000000e+01 9.873917698860168457e-02
1.500000000000000000e+01 6.187233328819274902e-02
1.600000000000000000e+01 2.740175090730190277e-02
1.700000000000000000e+01 -4.468897357583045959e-03
1.800000000000000000e+01 -3.392470628023147583e-02
1.900000000000000000e+01 -6.081380322575569153e-02
2.000000000000000000e+01 -8.511858433485031128e-02
2.100000000000000000e+01 -1.065091043710708618e-01
2.200000000000000000e+01 -1.248216927051544189e-01
2.300000000000000000e+01 -1.406375020742416382e-01
2.400000000000000000e+01 -1.538529843091964722e-01
2.500000000000000000e+01 -1.645337194204330444e-01
2.600000000000000000e+01 -1.725787520408630371e-01
2.700000000000000000e+01 -1.781725585460662842e-01
2.800000000000000000e+01 -1.814687699079513550e-01
2.900000000000000000e+01 -1.823785752058029175e-01
3.000000000000000000e+01 -1.814114749431610107e-01
3.100000000000000000e+01 -1.784654706716537476e-01
3.200000000000000000e+01 -1.740354895591735840e-01
3.300000000000000000e+01 -1.680541932582855225e-01
3.400000000000000000e+01 -1.606645733118057251e-01
3.500000000000000000e+01 -1.525805145502090454e-01
3.600000000000000000e+01 -1.437691599130630493e-01
3.700000000000000000e+01 -1.342666298151016235e-01
3.800000000000000000e+01 -1.242774203419685364e-01
3.900000000000000000e+01 -1.141381040215492249e-01
4.000000000000000000e+01 -1.036329269409179688e-01
4.100000000000000000e+01 -9.320945292711257935e-02
4.200000000000000000e+01 -8.295115828514099121e-02
4.300000000000000000e+01 -7.277137786149978638e-02
4.400000000000000000e+01 -6.290903687477111816e-02
4.500000000000000000e+01 -5.322438105940818787e-02
4.600000000000000000e+01 -4.371771588921546936e-02
4.700000000000000000e+01 -3.486016765236854553e-02
4.800000000000000000e+01 -2.665833942592144012e-02
4.900000000000000000e+01 -1.863006129860877991e-02
5.000000000000000000e+01 -1.116082537919282913e-02
5.100000000000000000e+01 -4.107629880309104919e-03
5.200000000000000000e+01 2.316694473847746849e-03
5.300000000000000000e+01 8.279115892946720123e-03
5.400000000000000000e+01 1.364653185009956360e-02
5.500000000000000000e+01 1.847777515649795532e-02
5.600000000000000000e+01 2.261114120483398438e-02
5.700000000000000000e+01 2.596453577280044556e-02
5.800000000000000000e+01 2.908913046121597290e-02
5.900000000000000000e+01 3.150187060236930847e-02
6.000000000000000000e+01 3.325736895203590393e-02
6.100000000000000000e+01 3.459740057587623596e-02
6.200000000000000000e+01 3.545441105961799622e-02
6.300000000000000000e+01 3.578991070389747620e-02
6.400000000000000000e+01 3.550714626908302307e-02
6.500000000000000000e+01 3.503394871950149536e-02
6.600000000000000000e+01 3.420362621545791626e-02
6.700000000000000000e+01 3.316020220518112183e-02
6.800000000000000000e+01 3.211181610822677612e-02
6.900000000000000000e+01 3.082006610929965973e-02
7.000000000000000000e+01 2.900392189621925354e-02
7.100000000000000000e+01 2.713902667164802551e-02
7.200000000000000000e+01 2.547342889010906219e-02
7.300000000000000000e+01 2.348141558468341827e-02
7.400000000000000000e+01 2.126429788768291473e-02
7.500000000000000000e+01 1.943361759185791016e-02
7.600000000000000000e+01 1.768270321190357208e-02
7.700000000000000000e+01 1.575805433094501495e-02
7.800000000000000000e+01 1.375477947294712067e-02
7.900000000000000000e+01 1.218533609062433243e-02
8.000000000000000000e+01 1.084209233522415161e-02
8.100000000000000000e+01 9.019464254379272461e-03
8.200000000000000000e+01 7.540971040725708008e-03
8.300000000000000000e+01 6.436803378164768219e-03
8.400000000000000000e+01 5.416185129433870316e-03
8.500000000000000000e+01 3.883720608428120613e-03
8.600000000000000000e+01 2.573168836534023285e-03
8.700000000000000000e+01 1.366239390335977077e-03
8.800000000000000000e+01 -1.678258850006386638e-04
8.900000000000000000e+01 -1.069902558811008930e-03
9.000000000000000000e+01 -1.918077236041426659e-03
9.100000000000000000e+01 -3.373006591573357582e-03
9.200000000000000000e+01 -3.951053135097026825e-03
9.300000000000000000e+01 -4.582914989441633224e-03
9.400000000000000000e+01 -5.073452368378639221e-03
9.500000000000000000e+01 -5.862869787961244583e-03
9.600000000000000000e+01 -6.915614940226078033e-03
9.700000000000000000e+01 -8.345514535903930664e-03
9.800000000000000000e+01 -9.296630509197711945e-03
9.900000000000000000e+01 -1.107177138328552246e-02
