1.000000000000000000e+00 1.000000000000000000e+00
2.000000000000000000e+00 8.636403083801269531e-01
3.000000000000000000e+00 7.616673111915588379e-01
4.000000000000000000e+00 6.759068965911865234e-01
5.000000000000000000e+00 6.000198721885681152e-01
6.000000000000000000e+00 5.309517979621887207e-01
7.000000000000000000e+00 4.677715003490447998e-01
8.000000000000000000e+00 4.096103310585021973e-01
9.000000000000000000e+00 3.554515242576599121e-01
1.000000000000000000e+01 3.047856390476226807e-01
1.100000000000000000e+01 2.571616470813751221e-01
1.200000000000000000e+01 2.120443582534790039e-01
1.300000000000000000e+01 1.694375127553939819e-01
1.400000000000000000e+01 1.290642023086547852e-01
1.500000000000000000e+01 9.086927026510238647e-02
1.600000000000000000e+01 5.489389970898628235e-02
1.700000000000000000e+01 2.098412066698074341e-02
1.800000000000000000e+01 -1.071384362876415253e-02
1.900000000000000000e+01 -4.015949741005897522e-02
2.000000000000000000e+01 -6.748443096876144409e-02
2.100000000000000000e+01 -9.246351569890975952e-02
2.200000000000000000e+01 -1.147223785519599915e-01
2.300000000000000000e+01 -1.345073282718658447e-01
2.400000000000000000e+01 -1.517915576696395874e-01
2.500000000000000000e+01 -1.664036810398101807e-01
2.600000000000000000e+01 -1.786382198333740234e-01
2.700000000000000000e+01 -1.879819184541702271e-01
2.800000000000000000e+01 -1.949175149202346802e-01
2.900000000000000000e+01 -1.994712799787521362e-01
3.000000000000000000e+01 -2.016459405422210693e-01
3.100000000000000000e+01 -2.016115039587020874e-01
3.200000000000000000e+01 -1.994758993387222290e-01
3.300000000000000000e+01 -1.958204060792922974e-01
3.400000000000000000e+01 -1.906518489122390747e-01
3.500000000000000000e+01 -1.841561049222946167e-01
3.600000000000000000e+01 -1.765514016151428223e-01
3.700000000000000000e+01 -1.678618490695953369e-01
3.800000000000000000e+01 -1.584135890007019043e-01
3.900000000000000000e+01 -1.484567970037460327e-01
4.000000000000000000e+01 -1.379750818014144897e-01
4.100000000000000000e+01 -1.270124167203903198e-01
4.200000000000000000e+01 -1.159594580531120300e-01
4.300000000000000000e+01 -1.048746630549430847e-01
4.400000000000000000e+01 -9.401185810565948486e-02
4.500000000000000000e+01 -8.331272006034851074e-02
4.600000000000000000e+01 -7.262737303972244263e-02
4.700000000000000000e+01 -6.232564151287078857e-02
4.800000000000000000e+01 -5.225632712244987488e-02
4.900000000000000000e+01 -4.235153272747993469e-02
5.000000000000000000e+01 -3.262648358941078186e-02
5.100000000000000000e+01 -2.363343723118305206e-02
5.200000000000000000e+01 -1.513567380607128143e-02
5.300000000000000000e+01 -7.410945370793342590e-03
5.400000000000000000e+01 -3.589985426515340805e-04
5.500000000000000000e+01 6.319462321698665619e-03
5.600000000000000000e+01 1.239883340895175934e-02
5.700000000000000000e+01 1.788252964615821838e-02
5.800000000000000000e+01 2.285982854664325714e-02
5.900000000000000000e+01 2.715675346553325653e-02
6.000000000000000000e+01 3.120415471494197845e-02
6.100000000000000000e+01 3.439483791589736938e-02
6.200000000000000000e+01 3.731743246316909790e-02
6.300000000000000000e+01 3.971873968839645386e-02
6.400000000000000000e+01 4.188790544867515564e-02
6.500000000000000000e+01 4.325325414538383484e-02
6.600000000000000000e+01 4.411168396472930908e-02
6.700000000000000000e+01 4.490993916988372803e-02
6.800000000000000000e+01 4.495200887322425842e-02
6.900000000000000000e+01 4.485308006405830383e-02
7.000000000000000000e+01 4.461184144020080566e-02
7.100000000000000000e+01 4.396075010299682617e-02
7.200000000000000000e+01 4.311123490333557129e-02
7.300000000000000000e+01 4.187404364347457886e-02
7.400000000000000000e+01 4.042397812008857727e-02
7.500000000000000000e+01 3.864977881312370300e-02
7.600000000000000000e+01 3.678104653954505920e-02
7.700000000000000000e+01 3.491628170013427734e-02
7.800000000000000000e+01 3.305516764521598816e-02
7.900000000000000000e+01 3.075981512665748596e-02
8.000000000000000000e+01 2.799882553517818451e-02
8.100000000000000000e+01 2.533674985170364380e-02
8.200000000000000000e+01 2.290717139840126038e-02
8.300000000000000000e+01 2.075050026178359985e-02
8.400000000000000000e+01 1.873578317463397980e-02
8.500000000000000000e+01 1.667334139347076416e-02
8.600000000000000000e+01 1.433459017425775528e-02
8.700000000000000000e+01 1.219821162521839142e-02
8.800000000000000000e+01 9.844132699072360992e-03
8.900000000000000000e+01 7.779204752296209335e-03
9.000000000000000000e+01 5.980993621051311493e-03
9.100000000000000000e+01 4.209395498037338257e-03
9.200000000000000000e+01 2.954229246824979782e-03
9.300000000000000000e+01 2.270103199407458305e-03
9.400000000000000000e+01 1.751606003381311893e-03
9.500000000000000000e+01 1.077190041542053223e-03
9.600000000000000000e+01 -1.969904405996203423e-04
9.700000000000000000e+01 -1.380166737362742424e-03
9.800000000000000000e+01 -6.075794226489961147e-04
9.900000000000000000e+01 -4.127163905650377274e-03
