1.000000000000000000e+00 1.000000000000000000e+00
2.000000000000000000e+00 8.666237592697143555e-01
3.000000000000000000e+00 7.668364644050598145e-01
4.000000000000000000e+00 6.827963590621948242e-01
5.000000000000000000e+00 6.084234714508056641e-01
6.000000000000000000e+00 5.406953692436218262e-01
7.000000000000000000e+00 4.784919917583465576e-01
8.000000000000000000e+00 4.210149347782135010e-01
9.000000000000000000e+00 3.673346936702728271e-01
1.000000000000000000e+01 3.170927464962005615e-01
1.100000000000000000e+01 2.697390615940093994e-01
1.200000000000000000e+01 2.247711271047592163e-01
1.300000000000000000e+01 1.820268332958221436e-01
1.400000000000000000e+01 1.414846628904342651e-01
1.500000000000000000e+01 1.029368042945861816e-01
1.600000000000000000e+01 6.650283932685852051e-02
1.700000000000000000e+01 3.196298331022262573e-02
1.800000000000000000e+01 -6.610170821659266949e-04
1.900000000000000000e+01 -3.114207088947296143e-02
2.000000000000000000e+01 -5.937711894512176514e-02
2.100000000000000000e+01 -8.547607064247131348e-02
2.200000000000000000e+01 -1.091740056872367859e-01
2.300000000000000000e+01 -1.305335611104965210e-01
2.400000000000000000e+01 -1.491407603025436401e-01
2.500000000000000000e+01 -1.652570664882659912e-01
2.600000000000000000e+01 -1.790147870779037476e-01
2.700000000000000000e+01 -1.898856014013290405e-01
2.800000000000000000e+01 -1.982840895652770996e-01
2.900000000000000000e+01 -2.041257768869400024e-01
3.000000000000000000e+01 -2.075239270925521851e-01
3.100000000000000000e+01 -2.090124338865280151e-01
3.200000000000000000e+01 -2.084079682826995850e-01
3.300000000000000000e+01 -2.061807364225387573e-01
3.400000000000000000e+01 -2.022468745708465576e-01
3.500000000000000000e+01 -1.969744116067886353e-01
3.600000000000000000e+01 -1.902564764022827148e-01
3.700000000000000000e+01 -1.822811216115951538e-01
3.800000000000000000e+01 -1.732427477836608887e-01
3.900000000000000000e+01 -1.632903814315795898e-01
4.000000000000000000e+01 -1.526766568422317505e-01
4.100000000000000000e+01 -1.416337639093399048e-01
4.200000000000000000e+01 -1.303355544805526733e-01
4.300000000000000000e+01 -1.189962700009346008e-01
4.400000000000000000e+01 -1.077174991369247437e-01
4.500000000000000000e+01 -9.668247401714324951e-02
4.600000000000000000e+01 -8.575743436813354492e-02
4.700000000000000000e+01 -7.489189505577087402e-02
4.800000000000000000e+01 -6.427122652530670166e-02
4.900000000000000000e+01 -5.407300218939781189e-02
5.000000000000000000e+01 -4.405760392546653748e-02
5.100000000000000000e+01 -3.428985923528671265e-02
5.200000000000000000e+01 -2.517212368547916412e-02
5.300000000000000000e+01 -1.652078889310359955e-02
5.400000000000000000e+01 -8.502366021275520325e-03
5.500000000000000000e+01 -1.285814330913126469e-03
5.600000000000000000e+01 5.814247764647006989e-03
5.700000000000000000e+01 1.238909177482128143e-02
5.800000000000000000e+01 1.864059269428253174e-02
5.900000000000000000e+01 2.420425415039062500e-02
6.000000000000000000e+01 2.920462563633918762e-02
6.100000000000000000e+01 3.354167565703392029e-02
6.200000000000000000e+01 3.734255954623222351e-02
6.300000000000000000e+01 4.037264361977577209e-02
6.400000000000000000e+01 4.287865012884140015e-02
6.500000000000000000e+01 4.484227299690246582e-02
6.600000000000000000e+01 4.629197716712951660e-02
6.700000000000000000e+01 4.740159586071968079e-02
6.800000000000000000e+01 4.761932045221328735e-02
6.900000000000000000e+01 4.749087989330291748e-02
7.000000000000000000e+01 4.707451537251472473e-02
7.100000000000000000e+01 4.640397429466247559e-02
7.200000000000000000e+01 4.537181928753852844e-02
7.300000000000000000e+01 4.384231567382812500e-02
7.400000000000000000e+01 4.204510152339935303e-02
7.500000000000000000e+01 3.988869115710258484e-02
7.600000000000000000e+01 3.778444975614547729e-02
7.700000000000000000e+01 3.537299484014511108e-02
7.800000000000000000e+01 3.340162709355354309e-02
7.900000000000000000e+01 3.130970895290374756e-02
8.000000000000000000e+01 2.932359464466571808e-02
8.100000000000000000e+01 2.728188969194889069e-02
8.200000000000000000e+01 2.509365975856781006e-02
8.300000000000000000e+01 2.295906841754913330e-02
8.400000000000000000e+01 2.042338438332080841e-02
8.500000000000000000e+01 1.810020580887794495e-02
8.600000000000000000e+01 1.572205871343612671e-02
8.700000000000000000e+01 1.322801411151885986e-02
8.800000000000000000e+01 1.029286812990903854e-02
8.900000000000000000e+01 7.860071025788784027e-03
9.000000000000000000e+01 5.313416942954063416e-03
9.100000000000000000e+01 2.673967741429805756e-03
9.200000000000000000e+01 5.829193396493792534e-04
9.300000000000000000e+01 -7.040924974717199802e-04
9.400000000000000000e+01 -2.732838736847043037e-03
9.500000000000000000e+01 -4.207721445709466934e-03
9.600000000000000000e+01 -5.437862128019332886e-03
9.700000000000000000e+01 -5.460570100694894791e-03
9.800000000000000000e+01 -6.408690009266138077e-03
9.900000000000000000e+01 -1.124042365700006485e-02
