1.000000000000000000e+00 1.000000000000000000e+00
2.000000000000000000e+00 8.535335659980773926e-01
3.000000000000000000e+00 7.443827390670776367e-01
4.000000000000000000e+00 6.532673835754394531e-01
5.000000000000000000e+00 5.732341408729553223e-01
6.000000000000000000e+00 5.009821653366088867e-01
7.000000000000000000e+00 4.353464841842651367e-01
8.000000000000000000e+00 3.750036656856536865e-01
9.000000000000000000e+00 3.195087611675262451e-01
1.000000000000000000e+01 2.682190835475921631e-01
1.100000000000000000e+01 2.202899456024169922e-01
1.200000000000000000e+01 1.754974424839019775e-01
1.300000000000000000e+01 1.336797028779983521e-01
1.400000000000000000e+01 9.436783194541931152e-02
1.500000000000000000e+01 5.792496353387832642e-02
1.600000000000000000e+01 2.394505962729454041e-02
1.700000000000000000e+01 -7.494751363992691040e-03
1.800000000000000000e+01 -3.630482032895088196e-02
1.900000000000000000e+01 -6.274408102035522461e-02
2.000000000000000000e+01 -8.658082783222198486e-02
2.100000000000000000e+01 -1.076209023594856262e-01
2.200000000000000000e+01 -1.258567273616790771e-01
2.300000000000000000e+01 -1.414044797420501709e-01
2.400000000000000000e+01 -1.542067974805831909e-01
2.500000000000000000e+01 -1.643080264329910278e-01
2.600000000000000000e+01 -1.718448549509048462e-01
2.700000000000000000e+01 -1.768464893102645874e-01
2.800000000000000000e+01 -1.793922632932662964e-01
2.900000000000000000e+01 -1.797372251749038696e-01
3.000000000000000000e+01 -1.780294924974441528e-01
3.100000000000000000e+01 -1.744711101055145264e-01
3.200000000000000000e+01 -1.694826930761337280e-01
3.300000000000000000e+01 -1.632806062698364258e-01
3.400000000000000000e+01 -1.558678448200225830e-01
3.500000000000000000e+01 -1.476482748985290527e-01
3.600000000000000000e+01 -1.387926340103149414e-01
3.700000000000000000e+01 -1.291248947381973267e-01
3.800000000000000000e+01 -1.189701333642005920e-01
3.900000000000000000e+01 -1.086971089243888855e-01
4.000000000000000000e+01 -9.835779666900634766e-02
4.100000000000000000e+01 -8.791877329349517822e-02
4.200000000000000000e+01 -7.763054221868515015e-02
4.300000000000000000e+01 -6.731316447257995605e-02
4.400000000000000000e+01 -5.714372172951698303e-02
4.500000000000000000e+01 -4.743492603302001953e-02
4.600000000000000000e+01 -3.810755163431167603e-02
4.700000000000000000e+01 -2.915576472878456116e-02
4.800000000000000000e+01 -2.074246667325496674e-02
4.900000000000000000e+01 -1.304523460566997528e-02
5.000000000000000000e+01 -5.974086001515388489e-03
5.100000000000000000e+01 2.506092423573136330e-04
5.200000000000000000e+01 6.028675939887762070e-03
5.300000000000000000e+01 1.112874597311019897e-02
5.400000000000000000e+01 1.574479229748249054e-02
5.500000000000000000e+01 2.004734613001346588e-02
5.600000000000000000e+01 2.371468581259250641e-02
5.700000000000000000e+01 2.696317434310913086e-02
5.800000000000000000e+01 2.951314672827720642e-02
5.900000000000000000e+01 3.129281476140022278e-02
6.000000000000000000e+01 3.243026509881019592e-02
6.100000000000000000e+01 3.326557204127311707e-02
6.200000000000000000e+01 3.341818600893020630e-02
6.300000000000000000e+01 3.363687917590141296e-02
6.400000000000000000e+01 3.321036323904991150e-02
6.500000000000000000e+01 3.259271383285522461e-02
6.600000000000000000e+01 3.162349015474319458e-02
6.700000000000000000e+01 3.051492013037204742e-02
6.800000000000000000e+01 2.933155186474323273e-02
6.900000000000000000e+01 2.789539471268653870e-02
7.000000000000000000e+01 2.624261938035488129e-02
7.100000000000000000e+01 2.449827268719673157e-02
7.200000000000000000e+01 2.262039668858051300e-02
7.300000000000000000e+01 2.077204175293445587e-02
7.400000000000000000e+01 1.882759481668472290e-02
7.500000000000000000e+01 1.661310717463493347e-02
7.600000000000000000e+01 1.411895826458930969e-02
7.700000000000000000e+01 1.169246342033147812e-02
7.800000000000000000e+01 9.228339418768882751e-03
7.900000000000000000e+01 7.222058717161417007e-03
8.000000000000000000e+01 5.610704887658357620e-03
8.100000000000000000e+01 4.533977247774600983e-03
8.200000000000000000e+01 3.249655477702617645e-03
8.300000000000000000e+01 2.007681177929043770e-03
8.400000000000000000e+01 4.242407449055463076e-04
8.500000000000000000e+01 -1.086323056370019913e-03
8.600000000000000000e+01 -2.559551503509283066e-03
8.700000000000000000e+01 -3.881935030221939087e-03
8.800000000000000000e+01 -4.752416163682937622e-03
8.900000000000000000e+01 -5.940403789281845093e-03
9.000000000000000000e+01 -6.822191178798675537e-03
9.100000000000000000e+01 -6.821833550930023193e-03
9.200000000000000000e+01 -6.359222810715436935e-03
9.300000000000000000e+01 -5.720676388591527939e-03
9.400000000000000000e+01 -6.257551256567239761e-03
9.500000000000000000e+01 -6.303322035819292068e-03
9.600000000000000000e+01 -8.260271511971950531e-03
9.700000000000000000e+01 -9.971207939088344574e-03
9.800000000000000000e+01 -1.192279346287250519e-02
9.900000000000000000e+01 -1.154518779367208481e-02
