1.000000000000000000e+00 1.000000000000000000e+00
2.000000000000000000e+00 8.600349426269531250e-01
3.000000000000000000e+00 7.554425001144409180e-01
4.000000000000000000e+00 6.675642728805541992e-01
5.000000000000000000e+00 5.899935960769653320e-01
6.000000000000000000e+00 5.197553634643554688e-01
7.000000000000000000e+00 4.557091593742370605e-01
8.000000000000000000e+00 3.966336250305175781e-01
9.000000000000000000e+00 3.416747450828552246e-01
1.000000000000000000e+01 2.904928922653198242e-01
1.100000000000000000e+01 2.426867336034774780e-01
1.200000000000000000e+01 1.975781321525573730e-01
1.300000000000000000e+01 1.550147235393524170e-01
1.400000000000000000e+01 1.148831546306610107e-01
1.500000000000000000e+01 7.715155184268951416e-02
1.600000000000000000e+01 4.178458824753761292e-02
1.700000000000000000e+01 8.743450045585632324e-03
1.800000000000000000e+01 -2.193016372621059418e-02
1.900000000000000000e+01 -5.024296417832374573e-02
2.000000000000000000e+01 -7.601579278707504272e-02
2.100000000000000000e+01 -9.934191405773162842e-02
2.200000000000000000e+01 -1.202389597892761230e-01
2.300000000000000000e+01 -1.384323835372924805e-01
2.400000000000000000e+01 -1.539433449506759644e-01
2.500000000000000000e+01 -1.668780595064163208e-01
2.600000000000000000e+01 -1.770919412374496460e-01
2.700000000000000000e+01 -1.846809536218643188e-01
2.800000000000000000e+01 -1.896741092205047607e-01
2.900000000000000000e+01 -1.923076808452606201e-01
3.000000000000000000e+01 -1.928280293941497803e-01
3.100000000000000000e+01 -1.913605481386184692e-01
3.200000000000000000e+01 -1.883001625537872314e-01
3.300000000000000000e+01 -1.836114078760147095e-01
3.400000000000000000e+01 -1.773152053356170654e-01
3.500000000000000000e+01 -1.698783636093139648e-01
3.600000000000000000e+01 -1.616914421319961548e-01
3.700000000000000000e+01 -1.526019722223281860e-01
3.800000000000000000e+01 -1.429603099822998047e-01
3.900000000000000000e+01 -1.326550096273422241e-01
4.000000000000000000e+01 -1.219080314040184021e-01
4.100000000000000000e+01 -1.107105910778045654e-01
4.200000000000000000e+01 -9.952295571565628052e-02
4.300000000000000000e+01 -8.836796134710311890e-02
4.400000000000000000e+01 -7.765913009643554688e-02
4.500000000000000000e+01 -6.697317212820053101e-02
4.600000000000000000e+01 -5.658407136797904968e-02
4.700000000000000000e+01 -4.668379947543144226e-02
4.800000000000000000e+01 -3.722536191344261169e-02
4.900000000000000000e+01 -2.833061851561069489e-02
5.000000000000000000e+01 -1.995968632400035858e-02
5.100000000000000000e+01 -1.214101444929838181e-02
5.200000000000000000e+01 -4.952972754836082458e-03
5.300000000000000000e+01 1.704479334875941277e-03
5.400000000000000000e+01 7.580628618597984314e-03
5.500000000000000000e+01 1.299553364515304565e-02
5.600000000000000000e+01 1.836044713854789734e-02
5.700000000000000000e+01 2.290314622223377228e-02
5.800000000000000000e+01 2.676330506801605225e-02
5.900000000000000000e+01 3.020701184868812561e-02
6.000000000000000000e+01 3.310846164822578430e-02
6.100000000000000000e+01 3.530409932136535645e-02
6.200000000000000000e+01 3.722228482365608215e-02
6.300000000000000000e+01 3.865188360214233398e-02
6.400000000000000000e+01 3.995173797011375427e-02
6.500000000000000000e+01 4.046092554926872253e-02
6.600000000000000000e+01 4.036630690097808838e-02
6.700000000000000000e+01 4.003308340907096863e-02
6.800000000000000000e+01 3.955224156379699707e-02
6.900000000000000000e+01 3.886174783110618591e-02
7.000000000000000000e+01 3.773906081914901733e-02
7.100000000000000000e+01 3.632618114352226257e-02
7.200000000000000000e+01 3.459375351667404175e-02
7.300000000000000000e+01 3.305838629603385925e-02
7.400000000000000000e+01 3.129696846008300781e-02
7.500000000000000000e+01 2.928256988525390625e-02
7.600000000000000000e+01 2.724852412939071655e-02
7.700000000000000000e+01 2.548638731241226196e-02
7.800000000000000000e+01 2.332000620663166046e-02
7.900000000000000000e+01 2.090062946081161499e-02
8.000000000000000000e+01 1.831855066120624542e-02
8.100000000000000000e+01 1.589083485305309296e-02
8.200000000000000000e+01 1.326705329120159149e-02
8.300000000000000000e+01 1.096939295530319214e-02
8.400000000000000000e+01 9.184026159346103668e-03
8.500000000000000000e+01 7.390850223600864410e-03
8.600000000000000000e+01 5.156996659934520721e-03
8.700000000000000000e+01 3.148414427414536476e-03
8.800000000000000000e+01 9.856369579210877419e-04
8.900000000000000000e+01 -1.005651429295539856e-03
9.000000000000000000e+01 -2.872524084523320198e-03
9.100000000000000000e+01 -5.192786455154418945e-03
9.200000000000000000e+01 -7.446954958140850067e-03
9.300000000000000000e+01 -8.552390150725841522e-03
9.400000000000000000e+01 -9.893061593174934387e-03
9.500000000000000000e+01 -1.054695341736078262e-02
9.600000000000000000e+01 -1.059489883482456207e-02
9.700000000000000000e+01 -9.961792267858982086e-03
9.800000000000000000e+01 -1.010320894420146942e-02
9.900000000000000000e+01 -1.045811176300048828e-02
