1.000000000000000000e+00 1.000000000000000000e+00
2.000000000000000000e+00 8.622449040412902832e-01
3.000000000000000000e+00 7.593253254890441895e-01
4.000000000000000000e+00 6.729758381843566895e-01
5.000000000000000000e+00 5.963268876075744629e-01
6.000000000000000000e+00 5.271177291870117188e-01
7.000000000000000000e+00 4.636820256710052490e-01
8.000000000000000000e+00 4.051842689514160156e-01
9.000000000000000000e+00 3.507464826107025146e-01
1.000000000000000000e+01 2.999237477779388428e-01
1.100000000000000000e+01 2.521725594997406006e-01
1.200000000000000000e+01 2.072188258171081543e-01
1.300000000000000000e+01 1.646740883588790894e-01
1.400000000000000000e+01 1.242447495460510254e-01
1.500000000000000000e+01 8.604281395673751831e-02
1.600000000000000000e+01 5.008307844400405884e-02
1.700000000000000000e+01 1.637267693877220154e-02
1.800000000000000000e+01 -1.509408466517925262e-02
1.900000000000000000e+01 -4.422058165073394775e-02
2.000000000000000000e+01 -7.105442136526107788e-02
2.100000000000000000e+01 -9.543524682521820068e-02
2.200000000000000000e+01 -1.174135431647300720e-01
2.300000000000000000e+01 -1.367867439985275269e-01
2.400000000000000000e+01 -1.536270529031753540e-01
2.500000000000000000e+01 -1.677142530679702759e-01
2.600000000000000000e+01 -1.790653914213180542e-01
2.700000000000000000e+01 -1.876544505357742310e-01
2.800000000000000000e+01 -1.937766969203948975e-01
2.900000000000000000e+01 -1.977627128362655640e-01
3.000000000000000000e+01 -1.994999945163726807e-01
3.100000000000000000e+01 -1.992778778076171875e-01
3.200000000000000000e+01 -1.970386654138565063e-01
3.300000000000000000e+01 -1.928829997777938843e-01
3.400000000000000000e+01 -1.871257275342941284e-01
3.500000000000000000e+01 -1.800961643457412720e-01
3.600000000000000000e+01 -1.718329638242721558e-01
3.700000000000000000e+01 -1.626281291246414185e-01
3.800000000000000000e+01 -1.529950350522994995e-01
3.900000000000000000e+01 -1.427644640207290649e-01
4.000000000000000000e+01 -1.322094202041625977e-01
4.100000000000000000e+01 -1.211389154195785522e-01
4.200000000000000000e+01 -1.096952185034751892e-01
4.300000000000000000e+01 -9.854663163423538208e-02
4.400000000000000000e+01 -8.767204731702804565e-02
4.500000000000000000e+01 -7.696047425270080566e-02
4.600000000000000000e+01 -6.645810604095458984e-02
4.700000000000000000e+01 -5.619179457426071167e-02
4.800000000000000000e+01 -4.629725590348243713e-02
4.900000000000000000e+01 -3.676640614867210388e-02
5.000000000000000000e+01 -2.770721353590488434e-02
5.100000000000000000e+01 -1.920264400541782379e-02
5.200000000000000000e+01 -1.133317127823829651e-02
5.300000000000000000e+01 -3.902532393112778664e-03
5.400000000000000000e+01 2.852228935807943344e-03
5.500000000000000000e+01 8.906560018658638000e-03
5.600000000000000000e+01 1.458750851452350616e-02
5.700000000000000000e+01 1.968159340322017670e-02
5.800000000000000000e+01 2.429792657494544983e-02
5.900000000000000000e+01 2.861145511269569397e-02
6.000000000000000000e+01 3.249738737940788269e-02
6.100000000000000000e+01 3.557912632822990417e-02
6.200000000000000000e+01 3.819022700190544128e-02
6.300000000000000000e+01 4.073396697640419006e-02
6.400000000000000000e+01 4.244905337691307068e-02
6.500000000000000000e+01 4.364417493343353271e-02
6.600000000000000000e+01 4.454834759235382080e-02
6.700000000000000000e+01 4.500911384820938110e-02
6.800000000000000000e+01 4.467530921101570129e-02
6.900000000000000000e+01 4.387604445219039917e-02
7.000000000000000000e+01 4.263601079583168030e-02
7.100000000000000000e+01 4.148042947053909302e-02
7.200000000000000000e+01 4.016620293259620667e-02
7.300000000000000000e+01 3.903738781809806824e-02
7.400000000000000000e+01 3.787430375814437866e-02
7.500000000000000000e+01 3.675999492406845093e-02
7.600000000000000000e+01 3.504241630434989929e-02
7.700000000000000000e+01 3.273799642920494080e-02
7.800000000000000000e+01 3.036860749125480652e-02
7.900000000000000000e+01 2.763676270842552185e-02
8.000000000000000000e+01 2.492374554276466370e-02
8.100000000000000000e+01 2.222951315343379974e-02
8.200000000000000000e+01 1.969448290765285492e-02
8.300000000000000000e+01 1.764463260769844055e-02
8.400000000000000000e+01 1.570842228829860687e-02
8.500000000000000000e+01 1.321829296648502350e-02
8.600000000000000000e+01 1.085876673460006714e-02
8.700000000000000000e+01 8.693894371390342712e-03
8.800000000000000000e+01 6.621020380407571793e-03
8.900000000000000000e+01 4.547190386801958084e-03
9.000000000000000000e+01 2.666011452674865723e-03
9.100000000000000000e+01 7.622356060892343521e-04
9.200000000000000000e+01 -1.264566672034561634e-03
9.300000000000000000e+01 -2.625100314617156982e-03
9.400000000000000000e+01 -3.801766550168395042e-03
9.500000000000000000e+01 -5.901431199163198471e-03
9.600000000000000000e+01 -7.768086157739162445e-03
9.700000000000000000e+01 -9.669810533523559570e-03
9.800000000000000000e+01 -1.016691792756319046e-02
9.900000000000000000e+01 -8.854421786963939667e-03
