1.000000000000000000e+00 1.000000000000000000e+00
2.000000000000000000e+00 8.628522157669067383e-01
3.000000000000000000e+00 7.604435086250305176e-01
4.000000000000000000e+00 6.743211150169372559e-01
5.000000000000000000e+00 5.980085134506225586e-01
6.000000000000000000e+00 5.289124250411987305e-01
7.000000000000000000e+00 4.654580950736999512e-01
8.000000000000000000e+00 4.069669246673583984e-01
9.000000000000000000e+00 3.526556193828582764e-01
1.000000000000000000e+01 3.019970953464508057e-01
1.100000000000000000e+01 2.543570995330810547e-01
1.200000000000000000e+01 2.094456702470779419e-01
1.300000000000000000e+01 1.669497191905975342e-01
1.400000000000000000e+01 1.266600787639617920e-01
1.500000000000000000e+01 8.839603513479232788e-02
1.600000000000000000e+01 5.225256085395812988e-02
1.700000000000000000e+01 1.831856183707714081e-02
1.800000000000000000e+01 -1.343925762921571732e-02
1.900000000000000000e+01 -4.271247237920761108e-02
2.000000000000000000e+01 -6.975855678319931030e-02
2.100000000000000000e+01 -9.431003779172897339e-02
2.200000000000000000e+01 -1.164305880665779114e-01
2.300000000000000000e+01 -1.359461098909378052e-01
2.400000000000000000e+01 -1.529666185379028320e-01
2.500000000000000000e+01 -1.669911444187164307e-01
2.600000000000000000e+01 -1.786044090986251831e-01
2.700000000000000000e+01 -1.875674426555633545e-01
2.800000000000000000e+01 -1.941180378198623657e-01
2.900000000000000000e+01 -1.982825696468353271e-01
3.000000000000000000e+01 -2.004019469022750854e-01
3.100000000000000000e+01 -2.004630416631698608e-01
3.200000000000000000e+01 -1.984712034463882446e-01
3.300000000000000000e+01 -1.946942359209060669e-01
3.400000000000000000e+01 -1.892495900392532349e-01
3.500000000000000000e+01 -1.824114620685577393e-01
3.600000000000000000e+01 -1.743137091398239136e-01
3.700000000000000000e+01 -1.653994172811508179e-01
3.800000000000000000e+01 -1.556013673543930054e-01
3.900000000000000000e+01 -1.453384011983871460e-01
4.000000000000000000e+01 -1.347658336162567139e-01
4.100000000000000000e+01 -1.239586621522903442e-01
4.200000000000000000e+01 -1.129425838589668274e-01
4.300000000000000000e+01 -1.018106117844581604e-01
4.400000000000000000e+01 -9.060256183147430420e-02
4.500000000000000000e+01 -7.960112392902374268e-02
4.600000000000000000e+01 -6.897833198308944702e-02
4.700000000000000000e+01 -5.866819247603416443e-02
4.800000000000000000e+01 -4.865739867091178894e-02
4.900000000000000000e+01 -3.937069699168205261e-02
5.000000000000000000e+01 -3.042144887149333954e-02
5.100000000000000000e+01 -2.197607234120368958e-02
5.200000000000000000e+01 -1.399827003479003906e-02
5.300000000000000000e+01 -5.993991158902645111e-03
5.400000000000000000e+01 1.546899671666324139e-03
5.500000000000000000e+01 8.369144052267074585e-03
5.600000000000000000e+01 1.443724334239959717e-02
5.700000000000000000e+01 1.991228945553302765e-02
5.800000000000000000e+01 2.502998709678649902e-02
5.900000000000000000e+01 2.954763546586036682e-02
6.000000000000000000e+01 3.358533605933189392e-02
6.100000000000000000e+01 3.704125806689262390e-02
6.200000000000000000e+01 3.949582576751708984e-02
6.300000000000000000e+01 4.154499992728233337e-02
6.400000000000000000e+01 4.323536530137062073e-02
6.500000000000000000e+01 4.438406974077224731e-02
6.600000000000000000e+01 4.500760138034820557e-02
6.700000000000000000e+01 4.514604806900024414e-02
6.800000000000000000e+01 4.500585421919822693e-02
6.900000000000000000e+01 4.455136507749557495e-02
7.000000000000000000e+01 4.382193833589553833e-02
7.100000000000000000e+01 4.267112165689468384e-02
7.200000000000000000e+01 4.133201763033866882e-02
7.300000000000000000e+01 3.958177193999290466e-02
7.400000000000000000e+01 3.790894523262977600e-02
7.500000000000000000e+01 3.617174923419952393e-02
7.600000000000000000e+01 3.434276208281517029e-02
7.700000000000000000e+01 3.252448141574859619e-02
7.800000000000000000e+01 3.035755455493927002e-02
7.900000000000000000e+01 2.805220335721969604e-02
8.000000000000000000e+01 2.551661618053913116e-02
8.100000000000000000e+01 2.272148244082927704e-02
8.200000000000000000e+01 1.976797357201576233e-02
8.300000000000000000e+01 1.727991923689842224e-02
8.400000000000000000e+01 1.500849332660436630e-02
8.500000000000000000e+01 1.256774086505174637e-02
8.600000000000000000e+01 1.105310674756765366e-02
8.700000000000000000e+01 8.921576663851737976e-03
8.800000000000000000e+01 6.936115678399801254e-03
8.900000000000000000e+01 5.373418796807527542e-03
9.000000000000000000e+01 4.219371359795331955e-03
9.100000000000000000e+01 3.163919318467378616e-03
9.200000000000000000e+01 1.266551320441067219e-03
9.300000000000000000e+01 -1.259127398952841759e-03
9.400000000000000000e+01 -2.778916386887431145e-03
9.500000000000000000e+01 -3.716048551723361015e-03
9.600000000000000000e+01 -5.041726864874362946e-03
9.700000000000000000e+01 -5.894049070775508881e-03
9.800000000000000000e+01 -5.439389962702989578e-03
9.900000000000000000e+01 -4.257510416209697723e-03
