1.000000000000000000e+00 1.000000000000000000e+00
2.000000000000000000e+00 8.658485412597656250e-01
3.000000000000000000e+00 7.655380964279174805e-01
4.000000000000000000e+00 6.810922622680664062e-01
5.000000000000000000e+00 6.062846779823303223e-01
6.000000000000000000e+00 5.384005904197692871e-01
7.000000000000000000e+00 4.761345386505126953e-01
8.000000000000000000e+00 4.183960855007171631e-01
9.000000000000000000e+00 3.646841645240783691e-01
1.000000000000000000e+01 3.143376708030700684e-01
1.100000000000000000e+01 2.668537795543670654e-01
1.200000000000000000e+01 2.218042910099029541e-01
1.300000000000000000e+01 1.791344583034515381e-01
1.400000000000000000e+01 1.385677903890609741e-01
1.500000000000000000e+01 1.000265404582023621e-01
1.600000000000000000e+01 6.343650072813034058e-02
1.700000000000000000e+01 2.891393005847930908e-02
1.800000000000000000e+01 -3.599540097638964653e-03
1.900000000000000000e+01 -3.379642963409423828e-02
2.000000000000000000e+01 -6.182552874088287354e-02
2.100000000000000000e+01 -8.726099878549575806e-02
2.200000000000000000e+01 -1.104929000139236450e-01
2.300000000000000000e+01 -1.311402618885040283e-01
2.400000000000000000e+01 -1.492134183645248413e-01
2.500000000000000000e+01 -1.648876219987869263e-01
2.600000000000000000e+01 -1.780717968940734863e-01
2.700000000000000000e+01 -1.884891092777252197e-01
2.800000000000000000e+01 -1.962725520133972168e-01
2.900000000000000000e+01 -2.015527784824371338e-01
3.000000000000000000e+01 -2.046345472335815430e-01
3.100000000000000000e+01 -2.058521062135696411e-01
3.200000000000000000e+01 -2.052284479141235352e-01
3.300000000000000000e+01 -2.026938647031784058e-01
3.400000000000000000e+01 -1.985154002904891968e-01
3.500000000000000000e+01 -1.929510980844497681e-01
3.600000000000000000e+01 -1.861850768327713013e-01
3.700000000000000000e+01 -1.785223633050918579e-01
3.800000000000000000e+01 -1.696260720491409302e-01
3.900000000000000000e+01 -1.598726361989974976e-01
4.000000000000000000e+01 -1.494623869657516479e-01
4.100000000000000000e+01 -1.387194842100143433e-01
4.200000000000000000e+01 -1.277861446142196655e-01
4.300000000000000000e+01 -1.170125976204872131e-01
4.400000000000000000e+01 -1.061404943466186523e-01
4.500000000000000000e+01 -9.541817009449005127e-02
4.600000000000000000e+01 -8.451682329177856445e-02
4.700000000000000000e+01 -7.374166697263717651e-02
4.800000000000000000e+01 -6.326853483915328979e-02
4.900000000000000000e+01 -5.318819358944892883e-02
5.000000000000000000e+01 -4.353032261133193970e-02
5.100000000000000000e+01 -3.434157744050025940e-02
5.200000000000000000e+01 -2.566374652087688446e-02
5.300000000000000000e+01 -1.715447008609771729e-02
5.400000000000000000e+01 -9.055015631020069122e-03
5.500000000000000000e+01 -1.444343128241598606e-03
5.600000000000000000e+01 5.600096657872200012e-03
5.700000000000000000e+01 1.217454206198453903e-02
5.800000000000000000e+01 1.806480623781681061e-02
5.900000000000000000e+01 2.355980128049850464e-02
6.000000000000000000e+01 2.829450927674770355e-02
6.100000000000000000e+01 3.277820348739624023e-02
6.200000000000000000e+01 3.655641525983810425e-02
6.300000000000000000e+01 3.991514071822166443e-02
6.400000000000000000e+01 4.240355268120765686e-02
6.500000000000000000e+01 4.445692896842956543e-02
6.600000000000000000e+01 4.600129649043083191e-02
6.700000000000000000e+01 4.705751687288284302e-02
6.800000000000000000e+01 4.781931638717651367e-02
6.900000000000000000e+01 4.836201295256614685e-02
7.000000000000000000e+01 4.819574952125549316e-02
7.100000000000000000e+01 4.769757390022277832e-02
7.200000000000000000e+01 4.681740328669548035e-02
7.300000000000000000e+01 4.570278897881507874e-02
7.400000000000000000e+01 4.439537227153778076e-02
7.500000000000000000e+01 4.321615397930145264e-02
7.600000000000000000e+01 4.192289337515830994e-02
7.700000000000000000e+01 3.989766910672187805e-02
7.800000000000000000e+01 3.762788698077201843e-02
7.900000000000000000e+01 3.518187254667282104e-02
8.000000000000000000e+01 3.247863426804542542e-02
8.100000000000000000e+01 2.976746298372745514e-02
8.200000000000000000e+01 2.682945691049098969e-02
8.300000000000000000e+01 2.442908473312854767e-02
8.400000000000000000e+01 2.196316607296466827e-02
8.500000000000000000e+01 1.982218027114868164e-02
8.600000000000000000e+01 1.746350713074207306e-02
8.700000000000000000e+01 1.563730649650096893e-02
8.800000000000000000e+01 1.341859530657529831e-02
8.900000000000000000e+01 1.090050395578145981e-02
9.000000000000000000e+01 8.124253712594509125e-03
9.100000000000000000e+01 5.514646414667367935e-03
9.200000000000000000e+01 2.932831179350614548e-03
9.300000000000000000e+01 1.061739865690469742e-03
9.400000000000000000e+01 -8.185384212993085384e-04
9.500000000000000000e+01 -2.767745871096849442e-03
9.600000000000000000e+01 -5.081946030259132385e-03
9.700000000000000000e+01 -6.775219924747943878e-03
9.800000000000000000e+01 -8.296317420899868011e-03
9.900000000000000000e+01 -6.659692153334617615e-03
