1.000000000000000000e+00 1.000000000000000000e+00
2.000000000000000000e+00 8.591828346252441406e-01
3.000000000000000000e+00 7.542738318443298340e-01
4.000000000000000000e+00 6.661843657493591309e-01
5.000000000000000000e+00 5.884703397750854492e-01
6.000000000000000000e+00 5.180823206901550293e-01
7.000000000000000000e+00 4.537706971168518066e-01
8.000000000000000000e+00 3.944882452487945557e-01
9.000000000000000000e+00 3.395469784736633301e-01
1.000000000000000000e+01 2.883892059326171875e-01
1.100000000000000000e+01 2.404790371656417847e-01
1.200000000000000000e+01 1.955150067806243896e-01
1.300000000000000000e+01 1.533277779817581177e-01
1.400000000000000000e+01 1.133137568831443787e-01
1.500000000000000000e+01 7.570773363113403320e-02
1.600000000000000000e+01 4.057470709085464478e-02
1.700000000000000000e+01 7.650283630937337875e-03
1.800000000000000000e+01 -2.296058461070060730e-02
1.900000000000000000e+01 -5.136588215827941895e-02
2.000000000000000000e+01 -7.714182883501052856e-02
2.100000000000000000e+01 -1.003758832812309265e-01
2.200000000000000000e+01 -1.210735440254211426e-01
2.300000000000000000e+01 -1.391416490077972412e-01
2.400000000000000000e+01 -1.544053554534912109e-01
2.500000000000000000e+01 -1.667958796024322510e-01
2.600000000000000000e+01 -1.768214702606201172e-01
2.700000000000000000e+01 -1.842826604843139648e-01
2.800000000000000000e+01 -1.893464177846908569e-01
2.900000000000000000e+01 -1.920315176248550415e-01
3.000000000000000000e+01 -1.926467567682266235e-01
3.100000000000000000e+01 -1.912348717451095581e-01
3.200000000000000000e+01 -1.879059076309204102e-01
3.300000000000000000e+01 -1.830003708600997925e-01
3.400000000000000000e+01 -1.767846345901489258e-01
3.500000000000000000e+01 -1.693331897258758545e-01
3.600000000000000000e+01 -1.608937978744506836e-01
3.700000000000000000e+01 -1.515405178070068359e-01
3.800000000000000000e+01 -1.413697004318237305e-01
3.900000000000000000e+01 -1.306916028261184692e-01
4.000000000000000000e+01 -1.198164746165275574e-01
4.100000000000000000e+01 -1.088017299771308899e-01
4.200000000000000000e+01 -9.779103100299835205e-02
4.300000000000000000e+01 -8.694206178188323975e-02
4.400000000000000000e+01 -7.621583342552185059e-02
4.500000000000000000e+01 -6.586723029613494873e-02
4.600000000000000000e+01 -5.600076913833618164e-02
4.700000000000000000e+01 -4.628488421440124512e-02
4.800000000000000000e+01 -3.697153180837631226e-02
4.900000000000000000e+01 -2.795959822833538055e-02
5.000000000000000000e+01 -1.954845152795314789e-02
5.100000000000000000e+01 -1.196914073079824448e-02
5.200000000000000000e+01 -4.913073033094406128e-03
5.300000000000000000e+01 1.686336821876466274e-03
5.400000000000000000e+01 7.678034249693155289e-03
5.500000000000000000e+01 1.326465606689453125e-02
5.600000000000000000e+01 1.835790649056434631e-02
5.700000000000000000e+01 2.293322421610355377e-02
5.800000000000000000e+01 2.695957198739051819e-02
5.900000000000000000e+01 3.060809336602687836e-02
6.000000000000000000e+01 3.373714536428451538e-02
6.100000000000000000e+01 3.626206889748573303e-02
6.200000000000000000e+01 3.821609541773796082e-02
6.300000000000000000e+01 3.989062458276748657e-02
6.400000000000000000e+01 4.110837727785110474e-02
6.500000000000000000e+01 4.158744961023330688e-02
6.600000000000000000e+01 4.165744036436080933e-02
6.700000000000000000e+01 4.109670221805572510e-02
6.800000000000000000e+01 4.029849916696548462e-02
6.900000000000000000e+01 3.989414870738983154e-02
7.000000000000000000e+01 3.854727745056152344e-02
7.100000000000000000e+01 3.738049417734146118e-02
7.200000000000000000e+01 3.596886992454528809e-02
7.300000000000000000e+01 3.443347290158271790e-02
7.400000000000000000e+01 3.261775150895118713e-02
7.500000000000000000e+01 3.051265515387058258e-02
7.600000000000000000e+01 2.839893102645874023e-02
7.700000000000000000e+01 2.622181549668312073e-02
7.800000000000000000e+01 2.371389605104923248e-02
7.900000000000000000e+01 2.109733782708644867e-02
8.000000000000000000e+01 1.835540123283863068e-02
8.100000000000000000e+01 1.586478017270565033e-02
8.200000000000000000e+01 1.304339338093996048e-02
8.300000000000000000e+01 1.041441690176725388e-02
8.400000000000000000e+01 8.085712790489196777e-03
8.500000000000000000e+01 6.375376135110855103e-03
8.600000000000000000e+01 3.891945118084549904e-03
8.700000000000000000e+01 1.847034203819930553e-03
8.800000000000000000e+01 1.088516874006018043e-04
8.900000000000000000e+01 -2.005564281716942787e-03
9.000000000000000000e+01 -3.276091301813721657e-03
9.100000000000000000e+01 -3.736467566341161728e-03
9.200000000000000000e+01 -5.479054059833288193e-03
9.300000000000000000e+01 -7.167787756770849228e-03
9.400000000000000000e+01 -9.232217445969581604e-03
9.500000000000000000e+01 -1.125166285783052444e-02
9.600000000000000000e+01 -1.336222235113382339e-02
9.700000000000000000e+01 -1.593076437711715698e-02
9.800000000000000000e+01 -1.688383519649505615e-02
9.900000000000000000e+01 -1.846534200012683868e-02
