1.000000000000000000e+00 1.000000000000000000e+00
2.000000000000000000e+00 8.570271134376525879e-01
3.000000000000000000e+00 7.504016757011413574e-01
4.000000000000000000e+00 6.613862514495849609e-01
5.000000000000000000e+00 5.830137133598327637e-01
6.000000000000000000e+00 5.122740268707275391e-01
7.000000000000000000e+00 4.474413692951202393e-01
8.000000000000000000e+00 3.878582417964935303e-01
9.000000000000000000e+00 3.326767981052398682e-01
1.000000000000000000e+01 2.814199328422546387e-01
1.100000000000000000e+01 2.336492389440536499e-01
1.200000000000000000e+01 1.886065900325775146e-01
1.300000000000000000e+01 1.463113725185394287e-01
1.400000000000000000e+01 1.065520793199539185e-01
1.500000000000000000e+01 6.930383294820785522e-02
1.600000000000000000e+01 3.435480967164039612e-02
1.700000000000000000e+01 1.631643623113632202e-03
1.800000000000000000e+01 -2.849805727601051331e-02
1.900000000000000000e+01 -5.590571463108062744e-02
2.000000000000000000e+01 -8.098921924829483032e-02
2.100000000000000000e+01 -1.032261550426483154e-01
2.200000000000000000e+01 -1.228466853499412537e-01
2.300000000000000000e+01 -1.396459490060806274e-01
2.400000000000000000e+01 -1.540015041828155518e-01
2.500000000000000000e+01 -1.654874384403228760e-01
2.600000000000000000e+01 -1.742693930864334106e-01
2.700000000000000000e+01 -1.807605922222137451e-01
2.800000000000000000e+01 -1.848751455545425415e-01
2.900000000000000000e+01 -1.867018491029739380e-01
3.000000000000000000e+01 -1.866420954465866089e-01
3.100000000000000000e+01 -1.843840181827545166e-01
3.200000000000000000e+01 -1.803891956806182861e-01
3.300000000000000000e+01 -1.748868227005004883e-01
3.400000000000000000e+01 -1.681025624275207520e-01
3.500000000000000000e+01 -1.600961536169052124e-01
3.600000000000000000e+01 -1.512816846370697021e-01
3.700000000000000000e+01 -1.419164836406707764e-01
3.800000000000000000e+01 -1.320203989744186401e-01
3.900000000000000000e+01 -1.217850446701049805e-01
4.000000000000000000e+01 -1.110391765832901001e-01
4.100000000000000000e+01 -1.001538857817649841e-01
4.200000000000000000e+01 -8.938662707805633545e-02
4.300000000000000000e+01 -7.906626909971237183e-02
4.400000000000000000e+01 -6.899452209472656250e-02
4.500000000000000000e+01 -5.932836234569549561e-02
4.600000000000000000e+01 -4.987808316946029663e-02
4.700000000000000000e+01 -4.080950841307640076e-02
4.800000000000000000e+01 -3.210905194282531738e-02
4.900000000000000000e+01 -2.392257191240787506e-02
5.000000000000000000e+01 -1.614748127758502960e-02
5.100000000000000000e+01 -8.769681677222251892e-03
5.200000000000000000e+01 -2.097846241667866707e-03
5.300000000000000000e+01 3.915152978152036667e-03
5.400000000000000000e+01 9.473098441958427429e-03
5.500000000000000000e+01 1.461908966302871704e-02
5.600000000000000000e+01 1.924429833889007568e-02
5.700000000000000000e+01 2.346113882958889008e-02
5.800000000000000000e+01 2.734302543103694916e-02
5.900000000000000000e+01 3.047158941626548767e-02
6.000000000000000000e+01 3.327259421348571777e-02
6.100000000000000000e+01 3.544790297746658325e-02
6.200000000000000000e+01 3.680541738867759705e-02
6.300000000000000000e+01 3.770622238516807556e-02
6.400000000000000000e+01 3.849644586443901062e-02
6.500000000000000000e+01 3.890071064233779907e-02
6.600000000000000000e+01 3.883897885680198669e-02
6.700000000000000000e+01 3.825595974922180176e-02
6.800000000000000000e+01 3.737612813711166382e-02
6.900000000000000000e+01 3.639249131083488464e-02
7.000000000000000000e+01 3.489540517330169678e-02
7.100000000000000000e+01 3.331167250871658325e-02
7.200000000000000000e+01 3.145983442664146423e-02
7.300000000000000000e+01 2.965962700545787811e-02
7.400000000000000000e+01 2.755693532526493073e-02
7.500000000000000000e+01 2.527136541903018951e-02
7.600000000000000000e+01 2.321032062172889709e-02
7.700000000000000000e+01 2.132168039679527283e-02
7.800000000000000000e+01 1.934170722961425781e-02
7.900000000000000000e+01 1.737399213016033173e-02
8.000000000000000000e+01 1.557918451726436615e-02
8.100000000000000000e+01 1.388724986463785172e-02
8.200000000000000000e+01 1.204069517552852631e-02
8.300000000000000000e+01 1.020467467606067657e-02
8.400000000000000000e+01 9.239329025149345398e-03
8.500000000000000000e+01 7.840320467948913574e-03
8.600000000000000000e+01 6.742635741829872131e-03
8.700000000000000000e+01 5.631502717733383179e-03
8.800000000000000000e+01 4.298164974898099899e-03
8.900000000000000000e+01 2.212162129580974579e-03
9.000000000000000000e+01 -2.869567879315582104e-06
9.100000000000000000e+01 -1.769932336173951626e-03
9.200000000000000000e+01 -3.354814834892749786e-03
9.300000000000000000e+01 -4.921577405184507370e-03
9.400000000000000000e+01 -6.319538224488496780e-03
9.500000000000000000e+01 -6.325356662273406982e-03
9.600000000000000000e+01 -6.634120363742113113e-03
9.700000000000000000e+01 -7.961538620293140411e-03
9.800000000000000000e+01 -9.786552749574184418e-03
9.900000000000000000e+01 -1.178915426135063171e-02
