1.000000000000000000e+00 1.000000000000000000e+00
2.000000000000000000e+00 8.647762537002563477e-01
3.000000000000000000e+00 7.635786533355712891e-01
4.000000000000000000e+00 6.782245635986328125e-01
5.000000000000000000e+00 6.025649309158325195e-01
6.000000000000000000e+00 5.340001583099365234e-01
7.000000000000000000e+00 4.711286723613739014e-01
8.000000000000000000e+00 4.130167663097381592e-01
9.000000000000000000e+00 3.588310182094573975e-01
1.000000000000000000e+01 3.081116974353790283e-01
1.100000000000000000e+01 2.605019509792327881e-01
1.200000000000000000e+01 2.153944075107574463e-01
1.300000000000000000e+01 1.727304756641387939e-01
1.400000000000000000e+01 1.323691755533218384e-01
1.500000000000000000e+01 9.406646341085433960e-02
1.600000000000000000e+01 5.778156965970993042e-02
1.700000000000000000e+01 2.356030605733394623e-02
1.800000000000000000e+01 -8.428062312304973602e-03
1.900000000000000000e+01 -3.840759769082069397e-02
2.000000000000000000e+01 -6.585373729467391968e-02
2.100000000000000000e+01 -9.112399071455001831e-02
2.200000000000000000e+01 -1.137875989079475403e-01
2.300000000000000000e+01 -1.338864713907241821e-01
2.400000000000000000e+01 -1.515576988458633423e-01
2.500000000000000000e+01 -1.666665822267532349e-01
2.600000000000000000e+01 -1.791473329067230225e-01
2.700000000000000000e+01 -1.890764087438583374e-01
2.800000000000000000e+01 -1.963961571455001831e-01
2.900000000000000000e+01 -2.014485001564025879e-01
3.000000000000000000e+01 -2.040987312793731689e-01
3.100000000000000000e+01 -2.045093327760696411e-01
3.200000000000000000e+01 -2.027854770421981812e-01
3.300000000000000000e+01 -1.992727667093276978e-01
3.400000000000000000e+01 -1.941086202859878540e-01
3.500000000000000000e+01 -1.876654028892517090e-01
3.600000000000000000e+01 -1.801564395427703857e-01
3.700000000000000000e+01 -1.719486862421035767e-01
3.800000000000000000e+01 -1.630550026893615723e-01
3.900000000000000000e+01 -1.533460915088653564e-01
4.000000000000000000e+01 -1.429770588874816895e-01
4.100000000000000000e+01 -1.321488022804260254e-01
4.200000000000000000e+01 -1.207073926925659180e-01
4.300000000000000000e+01 -1.090548485517501831e-01
4.400000000000000000e+01 -9.785564988851547241e-02
4.500000000000000000e+01 -8.676908910274505615e-02
4.600000000000000000e+01 -7.585155218839645386e-02
4.700000000000000000e+01 -6.537377089262008667e-02
4.800000000000000000e+01 -5.496888607740402222e-02
4.900000000000000000e+01 -4.508553817868232727e-02
5.000000000000000000e+01 -3.575844690203666687e-02
5.100000000000000000e+01 -2.688825875520706177e-02
5.200000000000000000e+01 -1.844298839569091797e-02
5.300000000000000000e+01 -1.041727233678102493e-02
5.400000000000000000e+01 -3.065815893933176994e-03
5.500000000000000000e+01 3.868016880005598068e-03
5.600000000000000000e+01 1.027813181281089783e-02
5.700000000000000000e+01 1.600169576704502106e-02
5.800000000000000000e+01 2.150784432888031006e-02
5.900000000000000000e+01 2.634255588054656982e-02
6.000000000000000000e+01 3.068622387945652008e-02
6.100000000000000000e+01 3.469358384609222412e-02
6.200000000000000000e+01 3.773701936006546021e-02
6.300000000000000000e+01 4.049577564001083374e-02
6.400000000000000000e+01 4.274411126971244812e-02
6.500000000000000000e+01 4.445016384124755859e-02
6.600000000000000000e+01 4.570363461971282959e-02
6.700000000000000000e+01 4.613773897290229797e-02
6.800000000000000000e+01 4.605828598141670227e-02
6.900000000000000000e+01 4.552526026964187622e-02
7.000000000000000000e+01 4.484284296631813049e-02
7.100000000000000000e+01 4.379755631089210510e-02
7.200000000000000000e+01 4.218518361449241638e-02
7.300000000000000000e+01 4.061641544103622437e-02
7.400000000000000000e+01 3.920084610581398010e-02
7.500000000000000000e+01 3.789192810654640198e-02
7.600000000000000000e+01 3.640951216220855713e-02
7.700000000000000000e+01 3.480614721775054932e-02
7.800000000000000000e+01 3.321824967861175537e-02
7.900000000000000000e+01 3.097506985068321228e-02
8.000000000000000000e+01 2.870616689324378967e-02
8.100000000000000000e+01 2.658313699066638947e-02
8.200000000000000000e+01 2.445595338940620422e-02
8.300000000000000000e+01 2.250243723392486572e-02
8.400000000000000000e+01 2.011068165302276611e-02
8.500000000000000000e+01 1.789028197526931763e-02
8.600000000000000000e+01 1.598064228892326355e-02
8.700000000000000000e+01 1.374862063676118851e-02
8.800000000000000000e+01 1.117587462067604065e-02
8.900000000000000000e+01 8.228681981563568115e-03
9.000000000000000000e+01 6.195968482643365860e-03
9.100000000000000000e+01 4.259877372533082962e-03
9.200000000000000000e+01 2.457307884469628334e-03
9.300000000000000000e+01 9.831921197474002838e-04
9.400000000000000000e+01 -1.289828447625041008e-03
9.500000000000000000e+01 -2.823201706632971764e-03
9.600000000000000000e+01 -4.274119623005390167e-03
9.700000000000000000e+01 -6.396293174475431442e-03
9.800000000000000000e+01 -8.442171849310398102e-03
9.900000000000000000e+01 -1.084299664944410324e-02
