1.000000000000000000e+00 1.000000000000000000e+00
2.000000000000000000e+00 8.047830462455749512e-01
3.000000000000000000e+00 6.612155437469482422e-01
4.000000000000000000e+00 5.455266237258911133e-01
5.000000000000000000e+00 4.494141638278961182e-01
6.000000000000000000e+00 3.674003779888153076e-01
7.000000000000000000e+00 2.966860830783843994e-01
8.000000000000000000e+00 2.354428023099899292e-01
9.000000000000000000e+00 1.824939846992492676e-01
1.000000000000000000e+01 1.365758925676345825e-01
1.100000000000000000e+01 9.670502692461013794e-02
1.200000000000000000e+01 6.177123263478279114e-02
1.300000000000000000e+01 3.159853070974349976e-02
1.400000000000000000e+01 5.719907581806182861e-03
1.500000000000000000e+01 -1.630843803286552429e-02
1.600000000000000000e+01 -3.495778888463973999e-02
1.700000000000000000e+01 -5.059426277875900269e-02
1.800000000000000000e+01 -6.339332461357116699e-02
1.900000000000000000e+01 -7.342292368412017822e-02
2.000000000000000000e+01 -8.074994385242462158e-02
2.100000000000000000e+01 -8.582308888435363770e-02
2.200000000000000000e+01 -8.907187730073928833e-02
2.300000000000000000e+01 -9.044197201728820801e-02
2.400000000000000000e+01 -9.028486162424087524e-02
2.500000000000000000e+01 -8.855728060007095337e-02
2.600000000000000000e+01 -8.585715293884277344e-02
2.700000000000000000e+01 -8.236566185951232910e-02
2.800000000000000000e+01 -7.803457230329513550e-02
2.900000000000000000e+01 -7.304531335830688477e-02
3.000000000000000000e+01 -6.750964373350143433e-02
3.100000000000000000e+01 -6.144087016582489014e-02
3.200000000000000000e+01 -5.539505928754806519e-02
3.300000000000000000e+01 -4.946319386363029480e-02
3.400000000000000000e+01 -4.373330250382423401e-02
3.500000000000000000e+01 -3.836976736783981323e-02
3.600000000000000000e+01 -3.303107991814613342e-02
3.700000000000000000e+01 -2.771423570811748505e-02
3.800000000000000000e+01 -2.263825014233589172e-02
3.900000000000000000e+01 -1.779021136462688446e-02
4.000000000000000000e+01 -1.311923470348119736e-02
4.100000000000000000e+01 -8.954647928476333618e-03
4.200000000000000000e+01 -5.252375733107328415e-03
4.300000000000000000e+01 -2.246577758342027664e-03
4.400000000000000000e+01 1.919103378895670176e-04
4.500000000000000000e+01 2.233400940895080566e-03
4.600000000000000000e+01 3.969390410929918289e-03
4.700000000000000000e+01 5.456398241221904755e-03
4.800000000000000000e+01 6.650445982813835144e-03
4.900000000000000000e+01 7.641757372766733170e-03
5.000000000000000000e+01 8.516701869666576385e-03
5.100000000000000000e+01 9.203439578413963318e-03
5.200000000000000000e+01 9.377249516546726227e-03
5.300000000000000000e+01 9.687524288892745972e-03
5.400000000000000000e+01 1.033485494554042816e-02
5.500000000000000000e+01 1.047376263886690140e-02
5.600000000000000000e+01 1.054528262466192245e-02
5.700000000000000000e+01 1.010240241885185242e-02
5.800000000000000000e+01 9.592870250344276428e-03
5.900000000000000000e+01 9.215395897626876831e-03
6.000000000000000000e+01 8.260753937065601349e-03
6.100000000000000000e+01 6.920866668224334717e-03
6.200000000000000000e+01 5.594682414084672928e-03
6.300000000000000000e+01 4.347191657871007919e-03
6.400000000000000000e+01 3.270520595833659172e-03
6.500000000000000000e+01 2.353803254663944244e-03
6.600000000000000000e+01 1.878811628557741642e-03
6.700000000000000000e+01 7.373190019279718399e-04
6.800000000000000000e+01 -5.677442532032728195e-04
6.900000000000000000e+01 -1.118207233957946301e-03
7.000000000000000000e+01 -1.562439487315714359e-03
7.100000000000000000e+01 -2.078627701848745346e-03
7.200000000000000000e+01 -2.733347006142139435e-03
7.300000000000000000e+01 -2.961320104077458382e-03
7.400000000000000000e+01 -3.492483170703053474e-03
7.500000000000000000e+01 -4.069845657795667648e-03
7.600000000000000000e+01 -3.798844059929251671e-03
7.700000000000000000e+01 -3.529411973431706429e-03
7.800000000000000000e+01 -3.525688545778393745e-03
7.900000000000000000e+01 -2.884635468944907188e-03
8.000000000000000000e+01 -2.411273075267672539e-03
8.100000000000000000e+01 -2.212177030742168427e-03
8.200000000000000000e+01 -2.222614595666527748e-03
8.300000000000000000e+01 -2.966020954772830009e-03
8.400000000000000000e+01 -3.293364308774471283e-03
8.500000000000000000e+01 -4.182366654276847839e-03
8.600000000000000000e+01 -4.744461271911859512e-03
8.700000000000000000e+01 -4.633057862520217896e-03
8.800000000000000000e+01 -4.223286174237728119e-03
8.900000000000000000e+01 -4.806882701814174652e-03
9.000000000000000000e+01 -4.038324113935232162e-03
9.100000000000000000e+01 -4.792197141796350479e-03
9.200000000000000000e+01 -4.985618405044078827e-03
9.300000000000000000e+01 -5.117634776979684830e-03
9.400000000000000000e+01 -6.364055909216403961e-03
9.500000000000000000e+01 -5.188726820051670074e-03
9.600000000000000000e+01 -6.273263134062290192e-03
9.700000000000000000e+01 -8.647133596241474152e-03
9.800000000000000000e+01 -8.395293727517127991e-03
9.900000000000000000e+01 -6.759258452802896500e-03
