1.000000000000000000e+00 1.000000000000000000e+00
2.000000000000000000e+00 8.582124710083007812e-01
3.000000000000000000e+00 7.525599002838134766e-01
4.000000000000000000e+00 6.639142036437988281e-01
5.000000000000000000e+00 5.857012271881103516e-01
6.000000000000000000e+00 5.151497721672058105e-01
7.000000000000000000e+00 4.506324827671051025e-01
8.000000000000000000e+00 3.911546468734741211e-01
9.000000000000000000e+00 3.362338244915008545e-01
1.000000000000000000e+01 2.848963439464569092e-01
1.100000000000000000e+01 2.367822378873825073e-01
1.200000000000000000e+01 1.917784661054611206e-01
1.300000000000000000e+01 1.495408266782760620e-01
1.400000000000000000e+01 1.097473353147506714e-01
1.500000000000000000e+01 7.236000895500183105e-02
1.600000000000000000e+01 3.752835839986801147e-02
1.700000000000000000e+01 4.836276639252901077e-03
1.800000000000000000e+01 -2.558309584856033325e-02
1.900000000000000000e+01 -5.336882546544075012e-02
2.000000000000000000e+01 -7.850316166877746582e-02
2.100000000000000000e+01 -1.012890934944152832e-01
2.200000000000000000e+01 -1.214174404740333557e-01
2.300000000000000000e+01 -1.388107985258102417e-01
2.400000000000000000e+01 -1.535196155309677124e-01
2.500000000000000000e+01 -1.655332446098327637e-01
2.600000000000000000e+01 -1.751585900783538818e-01
2.700000000000000000e+01 -1.820552498102188110e-01
2.800000000000000000e+01 -1.866047978401184082e-01
2.900000000000000000e+01 -1.888561844825744629e-01
3.000000000000000000e+01 -1.890232563018798828e-01
3.100000000000000000e+01 -1.872437894344329834e-01
3.200000000000000000e+01 -1.837560981512069702e-01
3.300000000000000000e+01 -1.788066178560256958e-01
3.400000000000000000e+01 -1.725195199251174927e-01
3.500000000000000000e+01 -1.648620814085006714e-01
3.600000000000000000e+01 -1.562603712081909180e-01
3.700000000000000000e+01 -1.469388902187347412e-01
3.800000000000000000e+01 -1.371549367904663086e-01
3.900000000000000000e+01 -1.266823261976242065e-01
4.000000000000000000e+01 -1.160307824611663818e-01
4.100000000000000000e+01 -1.051853597164154053e-01
4.200000000000000000e+01 -9.423910826444625854e-02
4.300000000000000000e+01 -8.364386111497879028e-02
4.400000000000000000e+01 -7.336038351058959961e-02
4.500000000000000000e+01 -6.324071437120437622e-02
4.600000000000000000e+01 -5.363729968667030334e-02
4.700000000000000000e+01 -4.421091824769973755e-02
4.800000000000000000e+01 -3.519351035356521606e-02
4.900000000000000000e+01 -2.641278132796287537e-02
5.000000000000000000e+01 -1.797088980674743652e-02
5.100000000000000000e+01 -1.033880468457937241e-02
5.200000000000000000e+01 -3.325795987620949745e-03
5.300000000000000000e+01 3.184406785294413567e-03
5.400000000000000000e+01 9.248560294508934021e-03
5.500000000000000000e+01 1.484133210033178329e-02
5.600000000000000000e+01 1.970355771481990814e-02
5.700000000000000000e+01 2.399138174951076508e-02
5.800000000000000000e+01 2.747197262942790985e-02
5.900000000000000000e+01 3.073353134095668793e-02
6.000000000000000000e+01 3.379983082413673401e-02
6.100000000000000000e+01 3.649218752980232239e-02
6.200000000000000000e+01 3.846248239278793335e-02
6.300000000000000000e+01 3.963516652584075928e-02
6.400000000000000000e+01 4.005075991153717041e-02
6.500000000000000000e+01 4.051194339990615845e-02
6.600000000000000000e+01 4.065755382180213928e-02
6.700000000000000000e+01 4.028699547052383423e-02
6.800000000000000000e+01 3.930351138114929199e-02
6.900000000000000000e+01 3.816825523972511292e-02
7.000000000000000000e+01 3.688248619437217712e-02
7.100000000000000000e+01 3.532103076577186584e-02
7.200000000000000000e+01 3.378873318433761597e-02
7.300000000000000000e+01 3.224569931626319885e-02
7.400000000000000000e+01 3.039726428687572479e-02
7.500000000000000000e+01 2.834888733923435211e-02
7.600000000000000000e+01 2.654152363538742065e-02
7.700000000000000000e+01 2.447512187063694000e-02
7.800000000000000000e+01 2.242815122008323669e-02
7.900000000000000000e+01 2.022590301930904388e-02
8.000000000000000000e+01 1.804433763027191162e-02
8.100000000000000000e+01 1.526678539812564850e-02
8.200000000000000000e+01 1.303460542112588882e-02
8.300000000000000000e+01 1.076199207454919815e-02
8.400000000000000000e+01 8.757269941270351410e-03
8.500000000000000000e+01 7.164290174841880798e-03
8.600000000000000000e+01 5.559889134019613266e-03
8.700000000000000000e+01 3.705179085955023766e-03
8.800000000000000000e+01 1.987250987440347672e-03
8.900000000000000000e+01 7.096517947502434254e-04
9.000000000000000000e+01 -6.211954751051962376e-04
9.100000000000000000e+01 -1.395848579704761505e-03
9.200000000000000000e+01 -2.270949771627783775e-03
9.300000000000000000e+01 -2.722088713198900223e-03
9.400000000000000000e+01 -2.701825695112347603e-03
9.500000000000000000e+01 -2.888264367356896400e-03
9.600000000000000000e+01 -3.722257912158966064e-03
9.700000000000000000e+01 -4.679027944803237915e-03
9.800000000000000000e+01 -4.590137861669063568e-03
9.900000000000000000e+01 -5.481543950736522675e-03
