1.000000000000000000e+00 1.000000000000000000e+00
2.000000000000000000e+00 8.661869764328002930e-01
3.000000000000000000e+00 7.662814855575561523e-01
4.000000000000000000e+00 6.821901202201843262e-01
5.000000000000000000e+00 6.075434684753417969e-01
6.000000000000000000e+00 5.396115183830261230e-01
7.000000000000000000e+00 4.773173034191131592e-01
8.000000000000000000e+00 4.197187721729278564e-01
9.000000000000000000e+00 3.661433160305023193e-01
1.000000000000000000e+01 3.159704506397247314e-01
1.100000000000000000e+01 2.683766186237335205e-01
1.200000000000000000e+01 2.235775440931320190e-01
1.300000000000000000e+01 1.810789555311203003e-01
1.400000000000000000e+01 1.404667198657989502e-01
1.500000000000000000e+01 1.019504442811012268e-01
1.600000000000000000e+01 6.539156287908554077e-02
1.700000000000000000e+01 3.090070188045501709e-02
1.800000000000000000e+01 -1.629354781471192837e-03
1.900000000000000000e+01 -3.194475546479225159e-02
2.000000000000000000e+01 -6.016995012760162354e-02
2.100000000000000000e+01 -8.592758327722549438e-02
2.200000000000000000e+01 -1.093412861227989197e-01
2.300000000000000000e+01 -1.305223703384399414e-01
2.400000000000000000e+01 -1.492249667644500732e-01
2.500000000000000000e+01 -1.652629524469375610e-01
2.600000000000000000e+01 -1.786732673645019531e-01
2.700000000000000000e+01 -1.897422075271606445e-01
2.800000000000000000e+01 -1.980480849742889404e-01
2.900000000000000000e+01 -2.039925903081893921e-01
3.000000000000000000e+01 -2.076822370290756226e-01
3.100000000000000000e+01 -2.089353948831558228e-01
3.200000000000000000e+01 -2.080415040254592896e-01
3.300000000000000000e+01 -2.052443772554397583e-01
3.400000000000000000e+01 -2.012601494789123535e-01
3.500000000000000000e+01 -1.957555115222930908e-01
3.600000000000000000e+01 -1.888589560985565186e-01
3.700000000000000000e+01 -1.807341575622558594e-01
3.800000000000000000e+01 -1.714533716440200806e-01
3.900000000000000000e+01 -1.614905744791030884e-01
4.000000000000000000e+01 -1.509694606065750122e-01
4.100000000000000000e+01 -1.401549726724624634e-01
4.200000000000000000e+01 -1.290780752897262573e-01
4.300000000000000000e+01 -1.179117485880851746e-01
4.400000000000000000e+01 -1.068767830729484558e-01
4.500000000000000000e+01 -9.569462388753890991e-02
4.600000000000000000e+01 -8.471534401178359985e-02
4.700000000000000000e+01 -7.400692254304885864e-02
4.800000000000000000e+01 -6.357114017009735107e-02
4.900000000000000000e+01 -5.341653898358345032e-02
5.000000000000000000e+01 -4.366339370608329773e-02
5.100000000000000000e+01 -3.443152084946632385e-02
5.200000000000000000e+01 -2.550011686980724335e-02
5.300000000000000000e+01 -1.686983183026313782e-02
5.400000000000000000e+01 -8.581586182117462158e-03
5.500000000000000000e+01 -7.497389451600611210e-04
5.600000000000000000e+01 6.492825224995613098e-03
5.700000000000000000e+01 1.321323681622743607e-02
5.800000000000000000e+01 1.945195905864238739e-02
5.900000000000000000e+01 2.524484880268573761e-02
6.000000000000000000e+01 3.005476854741573334e-02
6.100000000000000000e+01 3.436756134033203125e-02
6.200000000000000000e+01 3.802208229899406433e-02
6.300000000000000000e+01 4.117356240749359131e-02
6.400000000000000000e+01 4.355569183826446533e-02
6.500000000000000000e+01 4.537859931588172913e-02
6.600000000000000000e+01 4.660449922084808350e-02
6.700000000000000000e+01 4.741615429520606995e-02
6.800000000000000000e+01 4.764610156416893005e-02
6.900000000000000000e+01 4.717788100242614746e-02
7.000000000000000000e+01 4.649925976991653442e-02
7.100000000000000000e+01 4.542879387736320496e-02
7.200000000000000000e+01 4.390357434749603271e-02
7.300000000000000000e+01 4.235111549496650696e-02
7.400000000000000000e+01 4.100228101015090942e-02
7.500000000000000000e+01 3.919646888971328735e-02
7.600000000000000000e+01 3.742060437798500061e-02
7.700000000000000000e+01 3.553762659430503845e-02
7.800000000000000000e+01 3.362917900085449219e-02
7.900000000000000000e+01 3.180060163140296936e-02
8.000000000000000000e+01 2.990632504224777222e-02
8.100000000000000000e+01 2.778866142034530640e-02
8.200000000000000000e+01 2.620963752269744873e-02
8.300000000000000000e+01 2.410508319735527039e-02
8.400000000000000000e+01 2.203947678208351135e-02
8.500000000000000000e+01 1.989408954977989197e-02
8.600000000000000000e+01 1.716035418212413788e-02
8.700000000000000000e+01 1.459567155689001083e-02
8.800000000000000000e+01 1.172641012817621231e-02
8.900000000000000000e+01 8.677618578076362610e-03
9.000000000000000000e+01 5.958592053502798080e-03
9.100000000000000000e+01 2.884836168959736824e-03
9.200000000000000000e+01 1.036062240018509328e-04
9.300000000000000000e+01 -1.840141485445201397e-03
9.400000000000000000e+01 -3.553602611646056175e-03
9.500000000000000000e+01 -5.360120907425880432e-03
9.600000000000000000e+01 -7.161450106650590897e-03
9.700000000000000000e+01 -8.111899718642234802e-03
9.800000000000000000e+01 -8.734610863029956818e-03
9.900000000000000000e+01 -8.992408402264118195e-03
