1.000000000000000000e+00 1.000000000000000000e+00
2.000000000000000000e+00 8.595419526100158691e-01
3.000000000000000000e+00 7.546156644821166992e-01
4.000000000000000000e+00 6.667280197143554688e-01
5.000000000000000000e+00 5.889999866485595703e-01
6.000000000000000000e+00 5.187130570411682129e-01
7.000000000000000000e+00 4.545215666294097900e-01
8.000000000000000000e+00 3.951349556446075439e-01
9.000000000000000000e+00 3.400732576847076416e-01
1.000000000000000000e+01 2.889410257339477539e-01
1.100000000000000000e+01 2.410103082656860352e-01
1.200000000000000000e+01 1.959812343120574951e-01
1.300000000000000000e+01 1.534842550754547119e-01
1.400000000000000000e+01 1.134948953986167908e-01
1.500000000000000000e+01 7.587235420942306519e-02
1.600000000000000000e+01 4.068202152848243713e-02
1.700000000000000000e+01 7.695331238210201263e-03
1.800000000000000000e+01 -2.283820696175098419e-02
1.900000000000000000e+01 -5.106206610798835754e-02
2.000000000000000000e+01 -7.698957622051239014e-02
2.100000000000000000e+01 -1.004348397254943848e-01
2.200000000000000000e+01 -1.212035790085792542e-01
2.300000000000000000e+01 -1.393635123968124390e-01
2.400000000000000000e+01 -1.546047329902648926e-01
2.500000000000000000e+01 -1.671759337186813354e-01
2.600000000000000000e+01 -1.771439015865325928e-01
2.700000000000000000e+01 -1.843432635068893433e-01
2.800000000000000000e+01 -1.892168372869491577e-01
2.900000000000000000e+01 -1.916795819997787476e-01
3.000000000000000000e+01 -1.921451836824417114e-01
3.100000000000000000e+01 -1.907020807266235352e-01
3.200000000000000000e+01 -1.873537749052047729e-01
3.300000000000000000e+01 -1.827030181884765625e-01
3.400000000000000000e+01 -1.766943186521530151e-01
3.500000000000000000e+01 -1.693714857101440430e-01
3.600000000000000000e+01 -1.609381288290023804e-01
3.700000000000000000e+01 -1.517597287893295288e-01
3.800000000000000000e+01 -1.418133378028869629e-01
3.900000000000000000e+01 -1.311878710985183716e-01
4.000000000000000000e+01 -1.204561218619346619e-01
4.100000000000000000e+01 -1.094321236014366150e-01
4.200000000000000000e+01 -9.848974645137786865e-02
4.300000000000000000e+01 -8.747415244579315186e-02
4.400000000000000000e+01 -7.677955180406570435e-02
4.500000000000000000e+01 -6.621228158473968506e-02
4.600000000000000000e+01 -5.588232353329658508e-02
4.700000000000000000e+01 -4.613613709807395935e-02
4.800000000000000000e+01 -3.712115809321403503e-02
4.900000000000000000e+01 -2.831508032977581024e-02
5.000000000000000000e+01 -1.999082788825035095e-02
5.100000000000000000e+01 -1.247749757021665573e-02
5.200000000000000000e+01 -5.568102002143859863e-03
5.300000000000000000e+01 1.051423489116132259e-03
5.400000000000000000e+01 7.166856899857521057e-03
5.500000000000000000e+01 1.279485039412975311e-02
5.600000000000000000e+01 1.781013235449790955e-02
5.700000000000000000e+01 2.230664901435375214e-02
5.800000000000000000e+01 2.620360441505908966e-02
5.900000000000000000e+01 2.969675324857234955e-02
6.000000000000000000e+01 3.269772231578826904e-02
6.100000000000000000e+01 3.528470546007156372e-02
6.200000000000000000e+01 3.723596036434173584e-02
6.300000000000000000e+01 3.871122375130653381e-02
6.400000000000000000e+01 3.969674557447433472e-02
6.500000000000000000e+01 4.024364426732063293e-02
6.600000000000000000e+01 4.036963731050491333e-02
6.700000000000000000e+01 4.024352505803108215e-02
6.800000000000000000e+01 3.986024484038352966e-02
6.900000000000000000e+01 3.912311419844627380e-02
7.000000000000000000e+01 3.790302574634552002e-02
7.100000000000000000e+01 3.660873696208000183e-02
7.200000000000000000e+01 3.507373854517936707e-02
7.300000000000000000e+01 3.350409865379333496e-02
7.400000000000000000e+01 3.157571330666542053e-02
7.500000000000000000e+01 2.965459600090980530e-02
7.600000000000000000e+01 2.712598070502281189e-02
7.700000000000000000e+01 2.481972612440586090e-02
7.800000000000000000e+01 2.271487191319465637e-02
7.900000000000000000e+01 2.089831046760082245e-02
8.000000000000000000e+01 1.889763772487640381e-02
8.100000000000000000e+01 1.710309274494647980e-02
8.200000000000000000e+01 1.540677994489669800e-02
8.300000000000000000e+01 1.307595614343881607e-02
8.400000000000000000e+01 1.087064668536186218e-02
8.500000000000000000e+01 8.395297452807426453e-03
8.600000000000000000e+01 5.892978981137275696e-03
8.700000000000000000e+01 4.417465534061193466e-03
8.800000000000000000e+01 2.485112519934773445e-03
8.900000000000000000e+01 1.117268227972090244e-03
9.000000000000000000e+01 -5.450321477837860584e-04
9.100000000000000000e+01 -2.281110966578125954e-03
9.200000000000000000e+01 -4.256603773683309555e-03
9.300000000000000000e+01 -6.517211906611919403e-03
9.400000000000000000e+01 -8.428268134593963623e-03
9.500000000000000000e+01 -1.076378393918275833e-02
9.600000000000000000e+01 -1.337871421128511429e-02
9.700000000000000000e+01 -1.505323871970176697e-02
9.800000000000000000e+01 -1.777528598904609680e-02
9.900000000000000000e+01 -1.831835135817527771e-02
