1.000000000000000000e+00 1.000000000000000000e+00
2.000000000000000000e+00 8.661062121391296387e-01
3.000000000000000000e+00 7.662125229835510254e-01
4.000000000000000000e+00 6.820408105850219727e-01
5.000000000000000000e+00 6.072844266891479492e-01
6.000000000000000000e+00 5.391847491264343262e-01
7.000000000000000000e+00 4.766936898231506348e-01
8.000000000000000000e+00 4.189124703407287598e-01
9.000000000000000000e+00 3.653253912925720215e-01
1.000000000000000000e+01 3.149714171886444092e-01
1.100000000000000000e+01 2.675638794898986816e-01
1.200000000000000000e+01 2.227336317300796509e-01
1.300000000000000000e+01 1.798958182334899902e-01
1.400000000000000000e+01 1.393524110317230225e-01
1.500000000000000000e+01 1.010757535696029663e-01
1.600000000000000000e+01 6.496842950582504272e-02
1.700000000000000000e+01 3.074238076806068420e-02
1.800000000000000000e+01 -1.682494767010211945e-03
1.900000000000000000e+01 -3.192269057035446167e-02
2.000000000000000000e+01 -6.005817279219627380e-02
2.100000000000000000e+01 -8.596369624137878418e-02
2.200000000000000000e+01 -1.093183010816574097e-01
2.300000000000000000e+01 -1.303825974464416504e-01
2.400000000000000000e+01 -1.488002538681030273e-01
2.500000000000000000e+01 -1.646790355443954468e-01
2.600000000000000000e+01 -1.780451387166976929e-01
2.700000000000000000e+01 -1.887536644935607910e-01
2.800000000000000000e+01 -1.968478709459304810e-01
2.900000000000000000e+01 -2.025161087512969971e-01
3.000000000000000000e+01 -2.059254050254821777e-01
3.100000000000000000e+01 -2.073781937360763550e-01
3.200000000000000000e+01 -2.067331373691558838e-01
3.300000000000000000e+01 -2.041304409503936768e-01
3.400000000000000000e+01 -2.000626176595687866e-01
3.500000000000000000e+01 -1.945326626300811768e-01
3.600000000000000000e+01 -1.876081824302673340e-01
3.700000000000000000e+01 -1.795296967029571533e-01
3.800000000000000000e+01 -1.704933196306228638e-01
3.900000000000000000e+01 -1.608508676290512085e-01
4.000000000000000000e+01 -1.506374627351760864e-01
4.100000000000000000e+01 -1.396541446447372437e-01
4.200000000000000000e+01 -1.286943405866622925e-01
4.300000000000000000e+01 -1.175590902566909790e-01
4.400000000000000000e+01 -1.065444648265838623e-01
4.500000000000000000e+01 -9.584241360425949097e-02
4.600000000000000000e+01 -8.520000427961349487e-02
4.700000000000000000e+01 -7.472855597734451294e-02
4.800000000000000000e+01 -6.431213766336441040e-02
4.900000000000000000e+01 -5.413876846432685852e-02
5.000000000000000000e+01 -4.431665688753128052e-02
5.100000000000000000e+01 -3.478061407804489136e-02
5.200000000000000000e+01 -2.578028291463851929e-02
5.300000000000000000e+01 -1.733370311558246613e-02
5.400000000000000000e+01 -9.327250532805919647e-03
5.500000000000000000e+01 -1.649710931815207005e-03
5.600000000000000000e+01 5.631132517009973526e-03
5.700000000000000000e+01 1.244224235415458679e-02
5.800000000000000000e+01 1.834817044436931610e-02
5.900000000000000000e+01 2.394226938486099243e-02
6.000000000000000000e+01 2.908984385430812836e-02
6.100000000000000000e+01 3.364342823624610901e-02
6.200000000000000000e+01 3.739563748240470886e-02
6.300000000000000000e+01 4.059097915887832642e-02
6.400000000000000000e+01 4.305355623364448547e-02
6.500000000000000000e+01 4.504363983869552612e-02
6.600000000000000000e+01 4.670788720250129700e-02
6.700000000000000000e+01 4.765038564801216125e-02
6.800000000000000000e+01 4.824947938323020935e-02
6.900000000000000000e+01 4.856137931346893311e-02
7.000000000000000000e+01 4.866748303174972534e-02
7.100000000000000000e+01 4.801607504487037659e-02
7.200000000000000000e+01 4.695076122879981995e-02
7.300000000000000000e+01 4.601935297250747681e-02
7.400000000000000000e+01 4.475994408130645752e-02
7.500000000000000000e+01 4.311098158359527588e-02
7.600000000000000000e+01 4.107819497585296631e-02
7.700000000000000000e+01 3.901018202304840088e-02
7.800000000000000000e+01 3.666547313332557678e-02
7.900000000000000000e+01 3.404132649302482605e-02
8.000000000000000000e+01 3.183900937438011169e-02
8.100000000000000000e+01 2.944579534232616425e-02
8.200000000000000000e+01 2.723363973200321198e-02
8.300000000000000000e+01 2.551732771098613739e-02
8.400000000000000000e+01 2.298147603869438171e-02
8.500000000000000000e+01 2.067567594349384308e-02
8.600000000000000000e+01 1.857264339923858643e-02
8.700000000000000000e+01 1.613713055849075317e-02
8.800000000000000000e+01 1.341583579778671265e-02
8.900000000000000000e+01 1.079162303358316422e-02
9.000000000000000000e+01 8.058704435825347900e-03
9.100000000000000000e+01 5.215562414377927780e-03
9.200000000000000000e+01 3.548366250470280647e-03
9.300000000000000000e+01 2.300337422639131546e-03
9.400000000000000000e+01 5.744612426497042179e-04
9.500000000000000000e+01 -1.047129509970545769e-03
9.600000000000000000e+01 -1.793105737306177616e-03
9.700000000000000000e+01 -3.209356218576431274e-03
9.800000000000000000e+01 -4.645922221243381500e-03
9.900000000000000000e+01 -6.161693949252367020e-03
