1.000000000000000000e+00 1.000000000000000000e+00
2.000000000000000000e+00 8.663761019706726074e-01
3.000000000000000000e+00 7.664763331413269043e-01
4.000000000000000000e+00 6.823236346244812012e-01
5.000000000000000000e+00 6.077977418899536133e-01
6.000000000000000000e+00 5.398651957511901855e-01
7.000000000000000000e+00 4.774180054664611816e-01
8.000000000000000000e+00 4.194882512092590332e-01
9.000000000000000000e+00 3.655375242233276367e-01
1.000000000000000000e+01 3.150594830513000488e-01
1.100000000000000000e+01 2.675819396972656250e-01
1.200000000000000000e+01 2.228002995252609253e-01
1.300000000000000000e+01 1.803218722343444824e-01
1.400000000000000000e+01 1.398572176694869995e-01
1.500000000000000000e+01 1.015704944729804993e-01
1.600000000000000000e+01 6.519379466772079468e-02
1.700000000000000000e+01 3.066000714898109436e-02
1.800000000000000000e+01 -1.765705877915024757e-03
1.900000000000000000e+01 -3.216921538114547729e-02
2.000000000000000000e+01 -6.033300235867500305e-02
2.100000000000000000e+01 -8.619590848684310913e-02
2.200000000000000000e+01 -1.096877679228782654e-01
2.300000000000000000e+01 -1.309809982776641846e-01
2.400000000000000000e+01 -1.495927274227142334e-01
2.500000000000000000e+01 -1.655943691730499268e-01
2.600000000000000000e+01 -1.790135502815246582e-01
2.700000000000000000e+01 -1.898883283138275146e-01
2.800000000000000000e+01 -1.980909705162048340e-01
2.900000000000000000e+01 -2.035609781742095947e-01
3.000000000000000000e+01 -2.068050950765609741e-01
3.100000000000000000e+01 -2.080046683549880981e-01
3.200000000000000000e+01 -2.073145657777786255e-01
3.300000000000000000e+01 -2.049998193979263306e-01
3.400000000000000000e+01 -2.008494287729263306e-01
3.500000000000000000e+01 -1.951045989990234375e-01
3.600000000000000000e+01 -1.883386969566345215e-01
3.700000000000000000e+01 -1.801982074975967407e-01
3.800000000000000000e+01 -1.710721999406814575e-01
3.900000000000000000e+01 -1.611952185630798340e-01
4.000000000000000000e+01 -1.508499830961227417e-01
4.100000000000000000e+01 -1.402724385261535645e-01
4.200000000000000000e+01 -1.292948275804519653e-01
4.300000000000000000e+01 -1.182863786816596985e-01
4.400000000000000000e+01 -1.070481911301612854e-01
4.500000000000000000e+01 -9.588824957609176636e-02
4.600000000000000000e+01 -8.487551659345626831e-02
4.700000000000000000e+01 -7.392297685146331787e-02
4.800000000000000000e+01 -6.333715468645095825e-02
4.900000000000000000e+01 -5.298466980457305908e-02
5.000000000000000000e+01 -4.312477260828018188e-02
5.100000000000000000e+01 -3.366207703948020935e-02
5.200000000000000000e+01 -2.458013035356998444e-02
5.300000000000000000e+01 -1.604434289038181305e-02
5.400000000000000000e+01 -8.009400218725204468e-03
5.500000000000000000e+01 -1.989362208405509591e-04
5.600000000000000000e+01 7.028191816061735153e-03
5.700000000000000000e+01 1.365141477435827255e-02
5.800000000000000000e+01 1.956417784094810486e-02
5.900000000000000000e+01 2.509347349405288696e-02
6.000000000000000000e+01 3.016534820199012756e-02
6.100000000000000000e+01 3.474334254860877991e-02
6.200000000000000000e+01 3.864080458879470825e-02
6.300000000000000000e+01 4.181123152375221252e-02
6.400000000000000000e+01 4.430345445871353149e-02
6.500000000000000000e+01 4.621414467692375183e-02
6.600000000000000000e+01 4.758754372596740723e-02
6.700000000000000000e+01 4.822713509202003479e-02
6.800000000000000000e+01 4.842875525355339050e-02
6.900000000000000000e+01 4.829769581556320190e-02
7.000000000000000000e+01 4.768338799476623535e-02
7.100000000000000000e+01 4.675126448273658752e-02
7.200000000000000000e+01 4.577203094959259033e-02
7.300000000000000000e+01 4.440599679946899414e-02
7.400000000000000000e+01 4.265094548463821411e-02
7.500000000000000000e+01 4.057805985212326050e-02
7.600000000000000000e+01 3.839805722236633301e-02
7.700000000000000000e+01 3.635541722178459167e-02
7.800000000000000000e+01 3.421885892748832703e-02
7.900000000000000000e+01 3.191108256578445435e-02
8.000000000000000000e+01 2.974652871489524841e-02
8.100000000000000000e+01 2.746908180415630341e-02
8.200000000000000000e+01 2.494609355926513672e-02
8.300000000000000000e+01 2.281361818313598633e-02
8.400000000000000000e+01 2.046101167798042297e-02
8.500000000000000000e+01 1.789924129843711853e-02
8.600000000000000000e+01 1.550139486789703369e-02
8.700000000000000000e+01 1.314264535903930664e-02
8.800000000000000000e+01 1.167979370802640915e-02
8.900000000000000000e+01 9.755927138030529022e-03
9.000000000000000000e+01 8.193811401724815369e-03
9.100000000000000000e+01 6.096796132624149323e-03
9.200000000000000000e+01 3.924095071852207184e-03
9.300000000000000000e+01 1.703159417957067490e-03
9.400000000000000000e+01 -5.894146161153912544e-04
9.500000000000000000e+01 -2.183083212003111839e-03
9.600000000000000000e+01 -3.917161375284194946e-03
9.700000000000000000e+01 -4.467697348445653915e-03
9.800000000000000000e+01 -4.805375356227159500e-03
9.900000000000000000e+01 -5.009573418647050858e-03
