1.000000000000000000e+00 1.000000000000000000e+00
2.000000000000000000e+00 8.654291629791259766e-01
3.000000000000000000e+00 7.648617029190063477e-01
4.000000000000000000e+00 6.802668571472167969e-01
5.000000000000000000e+00 6.053752899169921875e-01
6.000000000000000000e+00 5.374176502227783203e-01
7.000000000000000000e+00 4.749363958835601807e-01
8.000000000000000000e+00 4.170938134193420410e-01
9.000000000000000000e+00 3.632912337779998779e-01
1.000000000000000000e+01 3.127799034118652344e-01
1.100000000000000000e+01 2.651915848255157471e-01
1.200000000000000000e+01 2.202155590057373047e-01
1.300000000000000000e+01 1.775243878364562988e-01
1.400000000000000000e+01 1.369515210390090942e-01
1.500000000000000000e+01 9.845180809497833252e-02
1.600000000000000000e+01 6.215634942054748535e-02
1.700000000000000000e+01 2.778588607907295227e-02
1.800000000000000000e+01 -4.556647967547178268e-03
1.900000000000000000e+01 -3.497677668929100037e-02
2.000000000000000000e+01 -6.297337263822555542e-02
2.100000000000000000e+01 -8.852408081293106079e-02
2.200000000000000000e+01 -1.115113198757171631e-01
2.300000000000000000e+01 -1.320488303899765015e-01
2.400000000000000000e+01 -1.499862819910049438e-01
2.500000000000000000e+01 -1.652034968137741089e-01
2.600000000000000000e+01 -1.780932247638702393e-01
2.700000000000000000e+01 -1.884083002805709839e-01
2.800000000000000000e+01 -1.961257159709930420e-01
2.900000000000000000e+01 -2.018209993839263916e-01
3.000000000000000000e+01 -2.049444168806076050e-01
3.100000000000000000e+01 -2.059408277273178101e-01
3.200000000000000000e+01 -2.049052864313125610e-01
3.300000000000000000e+01 -2.021196782588958740e-01
3.400000000000000000e+01 -1.979355663061141968e-01
3.500000000000000000e+01 -1.921013295650482178e-01
3.600000000000000000e+01 -1.850682049989700317e-01
3.700000000000000000e+01 -1.769915819168090820e-01
3.800000000000000000e+01 -1.677024066448211670e-01
3.900000000000000000e+01 -1.577731072902679443e-01
4.000000000000000000e+01 -1.474329680204391479e-01
4.100000000000000000e+01 -1.367611140012741089e-01
4.200000000000000000e+01 -1.257165521383285522e-01
4.300000000000000000e+01 -1.145395338535308838e-01
4.400000000000000000e+01 -1.033224761486053467e-01
4.500000000000000000e+01 -9.243527799844741821e-02
4.600000000000000000e+01 -8.161222934722900391e-02
4.700000000000000000e+01 -7.078581303358078003e-02
4.800000000000000000e+01 -6.067347899079322815e-02
4.900000000000000000e+01 -5.102397873997688293e-02
5.000000000000000000e+01 -4.159714281558990479e-02
5.100000000000000000e+01 -3.247287869453430176e-02
5.200000000000000000e+01 -2.383070625364780426e-02
5.300000000000000000e+01 -1.549812592566013336e-02
5.400000000000000000e+01 -7.682005874812602997e-03
5.500000000000000000e+01 -3.925032797269523144e-04
5.600000000000000000e+01 6.393603980541229248e-03
5.700000000000000000e+01 1.260576769709587097e-02
5.800000000000000000e+01 1.840253174304962158e-02
5.900000000000000000e+01 2.370969951152801514e-02
6.000000000000000000e+01 2.832354046404361725e-02
6.100000000000000000e+01 3.253110870718955994e-02
6.200000000000000000e+01 3.633325546979904175e-02
6.300000000000000000e+01 3.972427546977996826e-02
6.400000000000000000e+01 4.262538626790046692e-02
6.500000000000000000e+01 4.505986720323562622e-02
6.600000000000000000e+01 4.697585478425025940e-02
6.700000000000000000e+01 4.795292392373085022e-02
6.800000000000000000e+01 4.861670732498168945e-02
6.900000000000000000e+01 4.873961210250854492e-02
7.000000000000000000e+01 4.838492348790168762e-02
7.100000000000000000e+01 4.752257838845252991e-02
7.200000000000000000e+01 4.653107747435569763e-02
7.300000000000000000e+01 4.500641673803329468e-02
7.400000000000000000e+01 4.327413812279701233e-02
7.500000000000000000e+01 4.142018407583236694e-02
7.600000000000000000e+01 3.923547267913818359e-02
7.700000000000000000e+01 3.726112842559814453e-02
7.800000000000000000e+01 3.514666110277175903e-02
7.900000000000000000e+01 3.307514265179634094e-02
8.000000000000000000e+01 3.061278164386749268e-02
8.100000000000000000e+01 2.817592211067676544e-02
8.200000000000000000e+01 2.591497637331485748e-02
8.300000000000000000e+01 2.353813871741294861e-02
8.400000000000000000e+01 2.102658897638320923e-02
8.500000000000000000e+01 1.824776083230972290e-02
8.600000000000000000e+01 1.555988099426031113e-02
8.700000000000000000e+01 1.276877243071794510e-02
8.800000000000000000e+01 1.007979642599821091e-02
8.900000000000000000e+01 7.504314649850130081e-03
9.000000000000000000e+01 4.901993554085493088e-03
9.100000000000000000e+01 3.145966213196516037e-03
9.200000000000000000e+01 1.622739247977733612e-03
9.300000000000000000e+01 -3.278586373198777437e-04
9.400000000000000000e+01 -1.608546706847846508e-03
9.500000000000000000e+01 -3.083566203713417053e-03
9.600000000000000000e+01 -5.694272927939891815e-03
9.700000000000000000e+01 -8.863461203873157501e-03
9.800000000000000000e+01 -1.014567073434591293e-02
9.900000000000000000e+01 -1.032300759106874466e-02
