1.000000000000000000e+00 1.000000000000000000e+00
2.000000000000000000e+00 8.641082048416137695e-01
3.000000000000000000e+00 7.626593708992004395e-01
4.000000000000000000e+00 6.772661209106445312e-01
5.000000000000000000e+00 6.014910936355590820e-01
6.000000000000000000e+00 5.326219797134399414e-01
7.000000000000000000e+00 4.694293141365051270e-01
8.000000000000000000e+00 4.110325872898101807e-01
9.000000000000000000e+00 3.566674888134002686e-01
1.000000000000000000e+01 3.057629764080047607e-01
1.100000000000000000e+01 2.579348981380462646e-01
1.200000000000000000e+01 2.127915024757385254e-01
1.300000000000000000e+01 1.702487319707870483e-01
1.400000000000000000e+01 1.297187656164169312e-01
1.500000000000000000e+01 9.128414839506149292e-02
1.600000000000000000e+01 5.482859537005424500e-02
1.700000000000000000e+01 2.084162272512912750e-02
1.800000000000000000e+01 -1.082601025700569153e-02
1.900000000000000000e+01 -4.037439450621604919e-02
2.000000000000000000e+01 -6.775831431150436401e-02
2.100000000000000000e+01 -9.279746562242507935e-02
2.200000000000000000e+01 -1.154448986053466797e-01
2.300000000000000000e+01 -1.352635771036148071e-01
2.400000000000000000e+01 -1.524913907051086426e-01
2.500000000000000000e+01 -1.671260893344879150e-01
2.600000000000000000e+01 -1.790173947811126709e-01
2.700000000000000000e+01 -1.884198188781738281e-01
2.800000000000000000e+01 -1.953107863664627075e-01
2.900000000000000000e+01 -1.998226940631866455e-01
3.000000000000000000e+01 -2.022025883197784424e-01
3.100000000000000000e+01 -2.025033980607986450e-01
3.200000000000000000e+01 -2.008220106363296509e-01
3.300000000000000000e+01 -1.971192359924316406e-01
3.400000000000000000e+01 -1.921901702880859375e-01
3.500000000000000000e+01 -1.860135644674301147e-01
3.600000000000000000e+01 -1.788416653871536255e-01
3.700000000000000000e+01 -1.703709661960601807e-01
3.800000000000000000e+01 -1.609704196453094482e-01
3.900000000000000000e+01 -1.509076505899429321e-01
4.000000000000000000e+01 -1.402575671672821045e-01
4.100000000000000000e+01 -1.292159557342529297e-01
4.200000000000000000e+01 -1.180525869131088257e-01
4.300000000000000000e+01 -1.067942604422569275e-01
4.400000000000000000e+01 -9.561404585838317871e-02
4.500000000000000000e+01 -8.459778875112533569e-02
4.600000000000000000e+01 -7.366993278264999390e-02
4.700000000000000000e+01 -6.288141757249832153e-02
4.800000000000000000e+01 -5.257463082671165466e-02
4.900000000000000000e+01 -4.251386970281600952e-02
5.000000000000000000e+01 -3.306686878204345703e-02
5.100000000000000000e+01 -2.397660911083221436e-02
5.200000000000000000e+01 -1.535650156438350677e-02
5.300000000000000000e+01 -7.385769393295049667e-03
5.400000000000000000e+01 2.678702003322541714e-05
5.500000000000000000e+01 6.616715807467699051e-03
5.600000000000000000e+01 1.285405829548835754e-02
5.700000000000000000e+01 1.849839277565479279e-02
5.800000000000000000e+01 2.379563637077808380e-02
5.900000000000000000e+01 2.846374362707138062e-02
6.000000000000000000e+01 3.259308636188507080e-02
6.100000000000000000e+01 3.618683293461799622e-02
6.200000000000000000e+01 3.903670608997344971e-02
6.300000000000000000e+01 4.137461632490158081e-02
6.400000000000000000e+01 4.356885701417922974e-02
6.500000000000000000e+01 4.470427706837654114e-02
6.600000000000000000e+01 4.537776112556457520e-02
6.700000000000000000e+01 4.563819244503974915e-02
6.800000000000000000e+01 4.534369334578514099e-02
6.900000000000000000e+01 4.480073601007461548e-02
7.000000000000000000e+01 4.402343928813934326e-02
7.100000000000000000e+01 4.316949844360351562e-02
7.200000000000000000e+01 4.226332530379295349e-02
7.300000000000000000e+01 4.107293486595153809e-02
7.400000000000000000e+01 3.956316411495208740e-02
7.500000000000000000e+01 3.801938891410827637e-02
7.600000000000000000e+01 3.611001744866371155e-02
7.700000000000000000e+01 3.409585729241371155e-02
7.800000000000000000e+01 3.197222203016281128e-02
7.900000000000000000e+01 2.985928952693939209e-02
8.000000000000000000e+01 2.738681435585021973e-02
8.100000000000000000e+01 2.488986216485500336e-02
8.200000000000000000e+01 2.252057380974292755e-02
8.300000000000000000e+01 2.017340436577796936e-02
8.400000000000000000e+01 1.771384850144386292e-02
8.500000000000000000e+01 1.544912718236446381e-02
8.600000000000000000e+01 1.283474545925855637e-02
8.700000000000000000e+01 1.085597742348909378e-02
8.800000000000000000e+01 9.166900999844074249e-03
8.900000000000000000e+01 7.503026630729436874e-03
9.000000000000000000e+01 5.469908006489276886e-03
9.100000000000000000e+01 3.924421034753322601e-03
9.200000000000000000e+01 2.830180805176496506e-03
9.300000000000000000e+01 1.647585188038647175e-03
9.400000000000000000e+01 1.532375346869230270e-03
9.500000000000000000e+01 5.765240639448165894e-04
9.600000000000000000e+01 -5.124228191561996937e-04
9.700000000000000000e+01 -2.362210070714354515e-03
9.800000000000000000e+01 -5.502471700310707092e-03
9.900000000000000000e+01 -5.208060611039400101e-03
