1.000000000000000000e+00 1.000000000000000000e+00
2.000000000000000000e+00 8.637149930000305176e-01
3.000000000000000000e+00 7.620126008987426758e-01
4.000000000000000000e+00 6.764264702796936035e-01
5.000000000000000000e+00 6.006532311439514160e-01
6.000000000000000000e+00 5.318409800529479980e-01
7.000000000000000000e+00 4.688480496406555176e-01
8.000000000000000000e+00 4.107207059860229492e-01
9.000000000000000000e+00 3.566774427890777588e-01
1.000000000000000000e+01 3.059826791286468506e-01
1.100000000000000000e+01 2.583284974098205566e-01
1.200000000000000000e+01 2.132421284914016724e-01
1.300000000000000000e+01 1.705304086208343506e-01
1.400000000000000000e+01 1.299857348203659058e-01
1.500000000000000000e+01 9.168136864900588989e-02
1.600000000000000000e+01 5.554210394620895386e-02
1.700000000000000000e+01 2.155119553208351135e-02
1.800000000000000000e+01 -1.036034058779478073e-02
1.900000000000000000e+01 -4.009665176272392273e-02
2.000000000000000000e+01 -6.745089590549468994e-02
2.100000000000000000e+01 -9.231997281312942505e-02
2.200000000000000000e+01 -1.147359609603881836e-01
2.300000000000000000e+01 -1.346013695001602173e-01
2.400000000000000000e+01 -1.518484354019165039e-01
2.500000000000000000e+01 -1.666067689657211304e-01
2.600000000000000000e+01 -1.787889748811721802e-01
2.700000000000000000e+01 -1.882022321224212646e-01
2.800000000000000000e+01 -1.954236775636672974e-01
2.900000000000000000e+01 -2.002032101154327393e-01
3.000000000000000000e+01 -2.023172378540039062e-01
3.100000000000000000e+01 -2.022415995597839355e-01
3.200000000000000000e+01 -2.005655169486999512e-01
3.300000000000000000e+01 -1.968895941972732544e-01
3.400000000000000000e+01 -1.918629556894302368e-01
3.500000000000000000e+01 -1.854597926139831543e-01
3.600000000000000000e+01 -1.778015792369842529e-01
3.700000000000000000e+01 -1.690474748611450195e-01
3.800000000000000000e+01 -1.596173048019409180e-01
3.900000000000000000e+01 -1.496942043304443359e-01
4.000000000000000000e+01 -1.392452418804168701e-01
4.100000000000000000e+01 -1.282304227352142334e-01
4.200000000000000000e+01 -1.172053590416908264e-01
4.300000000000000000e+01 -1.061304956674575806e-01
4.400000000000000000e+01 -9.478012472391128540e-02
4.500000000000000000e+01 -8.358293026685714722e-02
4.600000000000000000e+01 -7.288206368684768677e-02
4.700000000000000000e+01 -6.231222674250602722e-02
4.800000000000000000e+01 -5.216860771179199219e-02
4.900000000000000000e+01 -4.247502610087394714e-02
5.000000000000000000e+01 -3.339161351323127747e-02
5.100000000000000000e+01 -2.467379346489906311e-02
5.200000000000000000e+01 -1.640968769788742065e-02
5.300000000000000000e+01 -8.593461476266384125e-03
5.400000000000000000e+01 -1.256890129297971725e-03
5.500000000000000000e+01 5.365549121052026749e-03
5.600000000000000000e+01 1.164508424699306488e-02
5.700000000000000000e+01 1.748749241232872009e-02
5.800000000000000000e+01 2.298864908516407013e-02
5.900000000000000000e+01 2.785184048116207123e-02
6.000000000000000000e+01 3.225918114185333252e-02
6.100000000000000000e+01 3.607165813446044922e-02
6.200000000000000000e+01 3.923815116286277771e-02
6.300000000000000000e+01 4.175326600670814514e-02
6.400000000000000000e+01 4.377799481153488159e-02
6.500000000000000000e+01 4.520785808563232422e-02
6.600000000000000000e+01 4.602690413594245911e-02
6.700000000000000000e+01 4.662459343671798706e-02
6.800000000000000000e+01 4.687352105975151062e-02
6.900000000000000000e+01 4.648457840085029602e-02
7.000000000000000000e+01 4.571281000971794128e-02
7.100000000000000000e+01 4.476130753755569458e-02
7.200000000000000000e+01 4.373111575841903687e-02
7.300000000000000000e+01 4.267905652523040771e-02
7.400000000000000000e+01 4.108932241797447205e-02
7.500000000000000000e+01 3.934665396809577942e-02
7.600000000000000000e+01 3.725035116076469421e-02
7.700000000000000000e+01 3.537007048726081848e-02
7.800000000000000000e+01 3.309397026896476746e-02
7.900000000000000000e+01 3.103715553879737854e-02
8.000000000000000000e+01 2.858000062406063080e-02
8.100000000000000000e+01 2.602155879139900208e-02
8.200000000000000000e+01 2.339011244475841522e-02
8.300000000000000000e+01 2.046989277005195618e-02
8.400000000000000000e+01 1.782508008182048798e-02
8.500000000000000000e+01 1.539781130850315094e-02
8.600000000000000000e+01 1.303278002887964249e-02
8.700000000000000000e+01 1.142857037484645844e-02
8.800000000000000000e+01 9.708201512694358826e-03
8.900000000000000000e+01 8.148999884724617004e-03
9.000000000000000000e+01 6.217887159436941147e-03
9.100000000000000000e+01 4.390683956444263458e-03
9.200000000000000000e+01 2.641629427671432495e-03
9.300000000000000000e+01 1.063598669134080410e-03
9.400000000000000000e+01 -4.057444166392087936e-04
9.500000000000000000e+01 -1.544686849229037762e-03
9.600000000000000000e+01 -2.515931380912661552e-03
9.700000000000000000e+01 -2.320553641766309738e-03
9.800000000000000000e+01 -2.049272647127509117e-03
9.900000000000000000e+01 -7.560334051959216595e-05
