1.000000000000000000e+00 1.000000000000000000e+00
2.000000000000000000e+00 8.637415170669555664e-01
3.000000000000000000e+00 7.620283961296081543e-01
4.000000000000000000e+00 6.766783595085144043e-01
5.000000000000000000e+00 6.010178327560424805e-01
6.000000000000000000e+00 5.323107242584228516e-01
7.000000000000000000e+00 4.690952301025390625e-01
8.000000000000000000e+00 4.106118083000183105e-01
9.000000000000000000e+00 3.563257157802581787e-01
1.000000000000000000e+01 3.055801391601562500e-01
1.100000000000000000e+01 2.577764093875885010e-01
1.200000000000000000e+01 2.127614766359329224e-01
1.300000000000000000e+01 1.700847893953323364e-01
1.400000000000000000e+01 1.298094391822814941e-01
1.500000000000000000e+01 9.156979620456695557e-02
1.600000000000000000e+01 5.552132055163383484e-02
1.700000000000000000e+01 2.158244699239730835e-02
1.800000000000000000e+01 -1.034821197390556335e-02
1.900000000000000000e+01 -4.006465896964073181e-02
2.000000000000000000e+01 -6.749723851680755615e-02
2.100000000000000000e+01 -9.273603558540344238e-02
2.200000000000000000e+01 -1.154916062951087952e-01
2.300000000000000000e+01 -1.354962438344955444e-01
2.400000000000000000e+01 -1.529132276773452759e-01
2.500000000000000000e+01 -1.675322949886322021e-01
2.600000000000000000e+01 -1.793452352285385132e-01
2.700000000000000000e+01 -1.886716336011886597e-01
2.800000000000000000e+01 -1.953771263360977173e-01
2.900000000000000000e+01 -1.999376714229583740e-01
3.000000000000000000e+01 -2.022954076528549194e-01
3.100000000000000000e+01 -2.026093006134033203e-01
3.200000000000000000e+01 -2.010130584239959717e-01
3.300000000000000000e+01 -1.975833922624588013e-01
3.400000000000000000e+01 -1.925182491540908813e-01
3.500000000000000000e+01 -1.860615611076354980e-01
3.600000000000000000e+01 -1.784022897481918335e-01
3.700000000000000000e+01 -1.699321120977401733e-01
3.800000000000000000e+01 -1.604936122894287109e-01
3.900000000000000000e+01 -1.504593491554260254e-01
4.000000000000000000e+01 -1.399234384298324585e-01
4.100000000000000000e+01 -1.292655467987060547e-01
4.200000000000000000e+01 -1.182328090071678162e-01
4.300000000000000000e+01 -1.070123240351676941e-01
4.400000000000000000e+01 -9.561830013990402222e-02
4.500000000000000000e+01 -8.460603654384613037e-02
4.600000000000000000e+01 -7.364483922719955444e-02
4.700000000000000000e+01 -6.274566054344177246e-02
4.800000000000000000e+01 -5.217580497264862061e-02
4.900000000000000000e+01 -4.249850288033485413e-02
5.000000000000000000e+01 -3.309043124318122864e-02
5.100000000000000000e+01 -2.423062548041343689e-02
5.200000000000000000e+01 -1.545192115008831024e-02
5.300000000000000000e+01 -7.413654588162899017e-03
5.400000000000000000e+01 -1.042348303599283099e-04
5.500000000000000000e+01 6.882557179778814316e-03
5.600000000000000000e+01 1.336073037236928940e-02
5.700000000000000000e+01 1.909159868955612183e-02
5.800000000000000000e+01 2.445347793400287628e-02
5.900000000000000000e+01 2.936512976884841919e-02
6.000000000000000000e+01 3.388358280062675476e-02
6.100000000000000000e+01 3.758909553289413452e-02
6.200000000000000000e+01 4.045074433088302612e-02
6.300000000000000000e+01 4.227100312709808350e-02
6.400000000000000000e+01 4.351482167840003967e-02
6.500000000000000000e+01 4.458664357662200928e-02
6.600000000000000000e+01 4.499139636754989624e-02
6.700000000000000000e+01 4.528603330254554749e-02
6.800000000000000000e+01 4.484952613711357117e-02
6.900000000000000000e+01 4.416138306260108948e-02
7.000000000000000000e+01 4.312922805547714233e-02
7.100000000000000000e+01 4.189507290720939636e-02
7.200000000000000000e+01 4.078695923089981079e-02
7.300000000000000000e+01 3.926495835185050964e-02
7.400000000000000000e+01 3.709422796964645386e-02
7.500000000000000000e+01 3.522783890366554260e-02
7.600000000000000000e+01 3.325621783733367920e-02
7.700000000000000000e+01 3.129963576793670654e-02
7.800000000000000000e+01 2.943362481892108917e-02
7.900000000000000000e+01 2.750178985297679901e-02
8.000000000000000000e+01 2.594784088432788849e-02
8.100000000000000000e+01 2.441836707293987274e-02
8.200000000000000000e+01 2.258181013166904449e-02
8.300000000000000000e+01 2.060288004577159882e-02
8.400000000000000000e+01 1.828290335834026337e-02
8.500000000000000000e+01 1.634954847395420074e-02
8.600000000000000000e+01 1.460578292608261108e-02
8.700000000000000000e+01 1.191251631826162338e-02
8.800000000000000000e+01 9.707964025437831879e-03
8.900000000000000000e+01 7.501527201384305954e-03
9.000000000000000000e+01 5.052326247096061707e-03
9.100000000000000000e+01 3.211003262549638748e-03
9.200000000000000000e+01 2.722848439589142799e-04
9.300000000000000000e+01 -1.742279506288468838e-03
9.400000000000000000e+01 -2.805386437103152275e-03
9.500000000000000000e+01 -4.034073557704687119e-03
9.600000000000000000e+01 -4.657202865928411484e-03
9.700000000000000000e+01 -6.054218858480453491e-03
9.800000000000000000e+01 -8.411546237766742706e-03
9.900000000000000000e+01 -8.435774594545364380e-03
