1.000000000000000000e+00 1.000000000000000000e+00
2.000000000000000000e+00 8.666125535964965820e-01
3.000000000000000000e+00 7.667086720466613770e-01
4.000000000000000000e+00 6.828224658966064453e-01
5.000000000000000000e+00 6.082208156585693359e-01
6.000000000000000000e+00 5.403333902359008789e-01
7.000000000000000000e+00 4.780146181583404541e-01
8.000000000000000000e+00 4.201958775520324707e-01
9.000000000000000000e+00 3.664244115352630615e-01
1.000000000000000000e+01 3.161896169185638428e-01
1.100000000000000000e+01 2.687176167964935303e-01
1.200000000000000000e+01 2.237601727247238159e-01
1.300000000000000000e+01 1.810271739959716797e-01
1.400000000000000000e+01 1.406162530183792114e-01
1.500000000000000000e+01 1.020369082689285278e-01
1.600000000000000000e+01 6.549142301082611084e-02
1.700000000000000000e+01 3.081594966351985931e-02
1.800000000000000000e+01 -1.620404305867850780e-03
1.900000000000000000e+01 -3.205321356654167175e-02
2.000000000000000000e+01 -6.028641760349273682e-02
2.100000000000000000e+01 -8.605304360389709473e-02
2.200000000000000000e+01 -1.095449030399322510e-01
2.300000000000000000e+01 -1.307241916656494141e-01
2.400000000000000000e+01 -1.492744684219360352e-01
2.500000000000000000e+01 -1.651819944381713867e-01
2.600000000000000000e+01 -1.786484867334365845e-01
2.700000000000000000e+01 -1.894184499979019165e-01
2.800000000000000000e+01 -1.976775825023651123e-01
2.900000000000000000e+01 -2.035456597805023193e-01
3.000000000000000000e+01 -2.071495056152343750e-01
3.100000000000000000e+01 -2.085855454206466675e-01
3.200000000000000000e+01 -2.078958451747894287e-01
3.300000000000000000e+01 -2.056333720684051514e-01
3.400000000000000000e+01 -2.017132341861724854e-01
3.500000000000000000e+01 -1.961260586977005005e-01
3.600000000000000000e+01 -1.890256553888320923e-01
3.700000000000000000e+01 -1.809111237525939941e-01
3.800000000000000000e+01 -1.718055009841918945e-01
3.900000000000000000e+01 -1.621473431587219238e-01
4.000000000000000000e+01 -1.517011076211929321e-01
4.100000000000000000e+01 -1.409268081188201904e-01
4.200000000000000000e+01 -1.298885494470596313e-01
4.300000000000000000e+01 -1.186319068074226379e-01
4.400000000000000000e+01 -1.071298420429229736e-01
4.500000000000000000e+01 -9.588190913200378418e-02
4.600000000000000000e+01 -8.479663729667663574e-02
4.700000000000000000e+01 -7.416849583387374878e-02
4.800000000000000000e+01 -6.368178129196166992e-02
4.900000000000000000e+01 -5.349054932594299316e-02
5.000000000000000000e+01 -4.362881556153297424e-02
5.100000000000000000e+01 -3.408603370189666748e-02
5.200000000000000000e+01 -2.509627863764762878e-02
5.300000000000000000e+01 -1.650568842887878418e-02
5.400000000000000000e+01 -8.593449369072914124e-03
5.500000000000000000e+01 -1.125654787756502628e-03
5.600000000000000000e+01 5.965879652649164200e-03
5.700000000000000000e+01 1.265952736139297485e-02
5.800000000000000000e+01 1.883077062666416168e-02
5.900000000000000000e+01 2.439048141241073608e-02
6.000000000000000000e+01 2.929268218576908112e-02
6.100000000000000000e+01 3.333266824483871460e-02
6.200000000000000000e+01 3.682919591665267944e-02
6.300000000000000000e+01 3.969613462686538696e-02
6.400000000000000000e+01 4.166124761104583740e-02
6.500000000000000000e+01 4.354804009199142456e-02
6.600000000000000000e+01 4.491539672017097473e-02
6.700000000000000000e+01 4.564786329865455627e-02
6.800000000000000000e+01 4.617113992571830750e-02
6.900000000000000000e+01 4.597324132919311523e-02
7.000000000000000000e+01 4.525512084364891052e-02
7.100000000000000000e+01 4.434478655457496643e-02
7.200000000000000000e+01 4.289816692471504211e-02
7.300000000000000000e+01 4.114063084125518799e-02
7.400000000000000000e+01 3.938317671418190002e-02
7.500000000000000000e+01 3.720372542738914490e-02
7.600000000000000000e+01 3.514792025089263916e-02
7.700000000000000000e+01 3.333164751529693604e-02
7.800000000000000000e+01 3.171192109584808350e-02
7.900000000000000000e+01 3.011636994779109955e-02
8.000000000000000000e+01 2.847940474748611450e-02
8.100000000000000000e+01 2.658707834780216217e-02
8.200000000000000000e+01 2.486989833414554596e-02
8.300000000000000000e+01 2.249285764992237091e-02
8.400000000000000000e+01 2.064167149364948273e-02
8.500000000000000000e+01 1.906647160649299622e-02
8.600000000000000000e+01 1.723629981279373169e-02
8.700000000000000000e+01 1.540936622768640518e-02
8.800000000000000000e+01 1.328857149928808212e-02
8.900000000000000000e+01 1.111203432083129883e-02
9.000000000000000000e+01 9.499468840658664703e-03
9.100000000000000000e+01 8.046017028391361237e-03
9.200000000000000000e+01 6.139416713267564774e-03
9.300000000000000000e+01 4.715782590210437775e-03
9.400000000000000000e+01 3.350714221596717834e-03
9.500000000000000000e+01 2.294878475368022919e-03
9.600000000000000000e+01 9.656217298470437527e-04
9.700000000000000000e+01 -1.117197563871741295e-03
9.800000000000000000e+01 -2.482962794601917267e-03
9.900000000000000000e+01 -5.066797137260437012e-03
