1.000000000000000000e+00 1.000000000000000000e+00
2.000000000000000000e+00 8.524472117424011230e-01
3.000000000000000000e+00 7.424983382225036621e-01
4.000000000000000000e+00 6.506915092468261719e-01
5.000000000000000000e+00 5.702000260353088379e-01
6.000000000000000000e+00 4.978394210338592529e-01
7.000000000000000000e+00 4.319365620613098145e-01
8.000000000000000000e+00 3.716090619564056396e-01
9.000000000000000000e+00 3.161046504974365234e-01
1.000000000000000000e+01 2.647835612297058105e-01
1.100000000000000000e+01 2.169854640960693359e-01
1.200000000000000000e+01 1.721683442592620850e-01
1.300000000000000000e+01 1.303689777851104736e-01
1.400000000000000000e+01 9.138048440217971802e-02
1.500000000000000000e+01 5.508872121572494507e-02
1.600000000000000000e+01 2.118863724172115326e-02
1.700000000000000000e+01 -1.036958210170269012e-02
1.800000000000000000e+01 -3.908053785562515259e-02
1.900000000000000000e+01 -6.507262587547302246e-02
2.000000000000000000e+01 -8.827146142721176147e-02
2.100000000000000000e+01 -1.085744425654411316e-01
2.200000000000000000e+01 -1.264123171567916870e-01
2.300000000000000000e+01 -1.414603888988494873e-01
2.400000000000000000e+01 -1.535927951335906982e-01
2.500000000000000000e+01 -1.630432307720184326e-01
2.600000000000000000e+01 -1.699730604887008667e-01
2.700000000000000000e+01 -1.745488941669464111e-01
2.800000000000000000e+01 -1.766455024480819702e-01
2.900000000000000000e+01 -1.768919825553894043e-01
3.000000000000000000e+01 -1.749184131622314453e-01
3.100000000000000000e+01 -1.713217049837112427e-01
3.200000000000000000e+01 -1.659916639328002930e-01
3.300000000000000000e+01 -1.593976169824600220e-01
3.400000000000000000e+01 -1.519373208284378052e-01
3.500000000000000000e+01 -1.434052288532257080e-01
3.600000000000000000e+01 -1.342450976371765137e-01
3.700000000000000000e+01 -1.244124993681907654e-01
3.800000000000000000e+01 -1.143192127346992493e-01
3.900000000000000000e+01 -1.041527688503265381e-01
4.000000000000000000e+01 -9.388484060764312744e-02
4.100000000000000000e+01 -8.380137383937835693e-02
4.200000000000000000e+01 -7.350861281156539917e-02
4.300000000000000000e+01 -6.344041228294372559e-02
4.400000000000000000e+01 -5.387610197067260742e-02
4.500000000000000000e+01 -4.488186910748481750e-02
4.600000000000000000e+01 -3.641167283058166504e-02
4.700000000000000000e+01 -2.810429595410823822e-02
4.800000000000000000e+01 -2.061091177165508270e-02
4.900000000000000000e+01 -1.331423688679933548e-02
5.000000000000000000e+01 -6.606152746826410294e-03
5.100000000000000000e+01 -2.241949987364932895e-04
5.200000000000000000e+01 5.643909797072410583e-03
5.300000000000000000e+01 1.100323535501956940e-02
5.400000000000000000e+01 1.567563973367214203e-02
5.500000000000000000e+01 1.974724233150482178e-02
5.600000000000000000e+01 2.301872707903385162e-02
5.700000000000000000e+01 2.582741715013980865e-02
5.800000000000000000e+01 2.822286076843738556e-02
5.900000000000000000e+01 2.996579557657241821e-02
6.000000000000000000e+01 3.140166401863098145e-02
6.100000000000000000e+01 3.217296302318572998e-02
6.200000000000000000e+01 3.256373852491378784e-02
6.300000000000000000e+01 3.225321695208549500e-02
6.400000000000000000e+01 3.171592578291893005e-02
6.500000000000000000e+01 3.099492751061916351e-02
6.600000000000000000e+01 3.048423677682876587e-02
6.700000000000000000e+01 2.959108725190162659e-02
6.800000000000000000e+01 2.825425937771797180e-02
6.900000000000000000e+01 2.662733383476734161e-02
7.000000000000000000e+01 2.486889809370040894e-02
7.100000000000000000e+01 2.279399149119853973e-02
7.200000000000000000e+01 2.054925449192523956e-02
7.300000000000000000e+01 1.821679249405860901e-02
7.400000000000000000e+01 1.612708717584609985e-02
7.500000000000000000e+01 1.406527776271104813e-02
7.600000000000000000e+01 1.211635395884513855e-02
7.700000000000000000e+01 1.034217979758977890e-02
7.800000000000000000e+01 8.717112243175506592e-03
7.900000000000000000e+01 6.681291852146387100e-03
8.000000000000000000e+01 4.942030645906925201e-03
8.100000000000000000e+01 3.325995290651917458e-03
8.200000000000000000e+01 2.190994564443826675e-03
8.300000000000000000e+01 1.454740413464605808e-03
8.400000000000000000e+01 7.856432348489761353e-04
8.500000000000000000e+01 -2.575074904598295689e-04
8.600000000000000000e+01 -1.021321746520698071e-03
8.700000000000000000e+01 -1.804837491363286972e-03
8.800000000000000000e+01 -2.622013911604881287e-03
8.900000000000000000e+01 -2.676153089851140976e-03
9.000000000000000000e+01 -2.700712997466325760e-03
9.100000000000000000e+01 -2.911173738539218903e-03
9.200000000000000000e+01 -2.760805422440171242e-03
9.300000000000000000e+01 -3.036223817616701126e-03
9.400000000000000000e+01 -4.121425095945596695e-03
9.500000000000000000e+01 -5.065763369202613831e-03
9.600000000000000000e+01 -5.567378364503383636e-03
9.700000000000000000e+01 -5.057054571807384491e-03
9.800000000000000000e+01 -4.826494958251714706e-03
9.900000000000000000e+01 -6.239134818315505981e-03
