1.000000000000000000e+00 1.000000000000000000e+00
2.000000000000000000e+00 8.445909023284912109e-01
3.000000000000000000e+00 7.289452552795410156e-01
4.000000000000000000e+00 6.326977014541625977e-01
5.000000000000000000e+00 5.490253567695617676e-01
6.000000000000000000e+00 4.743774831295013428e-01
7.000000000000000000e+00 4.070660173892974854e-01
8.000000000000000000e+00 3.461515605449676514e-01
9.000000000000000000e+00 2.903289496898651123e-01
1.000000000000000000e+01 2.390198111534118652e-01
1.100000000000000000e+01 1.918170452117919922e-01
1.200000000000000000e+01 1.481550633907318115e-01
1.300000000000000000e+01 1.076525971293449402e-01
1.400000000000000000e+01 7.016583532094955444e-02
1.500000000000000000e+01 3.552587702870368958e-02
1.600000000000000000e+01 3.714913502335548401e-03
1.700000000000000000e+01 -2.496900409460067749e-02
1.800000000000000000e+01 -5.100328847765922546e-02
1.900000000000000000e+01 -7.416204363107681274e-02
2.000000000000000000e+01 -9.462456405162811279e-02
2.100000000000000000e+01 -1.121137067675590515e-01
2.200000000000000000e+01 -1.264444291591644287e-01
2.300000000000000000e+01 -1.382314711809158325e-01
2.400000000000000000e+01 -1.474896967411041260e-01
2.500000000000000000e+01 -1.539157480001449585e-01
2.600000000000000000e+01 -1.578946411609649658e-01
2.700000000000000000e+01 -1.594374626874923706e-01
2.800000000000000000e+01 -1.591757088899612427e-01
2.900000000000000000e+01 -1.568728387355804443e-01
3.000000000000000000e+01 -1.532210260629653931e-01
3.100000000000000000e+01 -1.482404172420501709e-01
3.200000000000000000e+01 -1.420212239027023315e-01
3.300000000000000000e+01 -1.349251866340637207e-01
3.400000000000000000e+01 -1.271502077579498291e-01
3.500000000000000000e+01 -1.186436563730239868e-01
3.600000000000000000e+01 -1.096138581633567810e-01
3.700000000000000000e+01 -1.003299355506896973e-01
3.800000000000000000e+01 -9.095399826765060425e-02
3.900000000000000000e+01 -8.138381689786911011e-02
4.000000000000000000e+01 -7.200600206851959229e-02
4.100000000000000000e+01 -6.295222789049148560e-02
4.200000000000000000e+01 -5.417893081903457642e-02
4.300000000000000000e+01 -4.558299109339714050e-02
4.400000000000000000e+01 -3.721979632973670959e-02
4.500000000000000000e+01 -2.936450392007827759e-02
4.600000000000000000e+01 -2.206610888242721558e-02
4.700000000000000000e+01 -1.561059523373842239e-02
4.800000000000000000e+01 -8.943477645516395569e-03
4.900000000000000000e+01 -2.713472349569201469e-03
5.000000000000000000e+01 2.612913260236382484e-03
5.100000000000000000e+01 7.623371668159961700e-03
5.200000000000000000e+01 1.194860227406024933e-02
5.300000000000000000e+01 1.563370600342750549e-02
5.400000000000000000e+01 1.879782788455486298e-02
5.500000000000000000e+01 2.151062339544296265e-02
5.600000000000000000e+01 2.349455840885639191e-02
5.700000000000000000e+01 2.514540962874889374e-02
5.800000000000000000e+01 2.655236423015594482e-02
5.900000000000000000e+01 2.755435928702354431e-02
6.000000000000000000e+01 2.824142388999462128e-02
6.100000000000000000e+01 2.852194942533969879e-02
6.200000000000000000e+01 2.823003381490707397e-02
6.300000000000000000e+01 2.765206992626190186e-02
6.400000000000000000e+01 2.659250795841217041e-02
6.500000000000000000e+01 2.562783472239971161e-02
6.600000000000000000e+01 2.419155836105346680e-02
6.700000000000000000e+01 2.246760763227939606e-02
6.800000000000000000e+01 2.088156156241893768e-02
6.900000000000000000e+01 1.909711025655269623e-02
7.000000000000000000e+01 1.702112331986427307e-02
7.100000000000000000e+01 1.518456172198057175e-02
7.200000000000000000e+01 1.309180166572332382e-02
7.300000000000000000e+01 1.117534097284078598e-02
7.400000000000000000e+01 9.449980221688747406e-03
7.500000000000000000e+01 7.648132275789976120e-03
7.600000000000000000e+01 5.770551506429910660e-03
7.700000000000000000e+01 4.141588229686021805e-03
7.800000000000000000e+01 2.434916561469435692e-03
7.900000000000000000e+01 1.062602386809885502e-03
8.000000000000000000e+01 -3.515220669214613736e-05
8.100000000000000000e+01 -1.461188076063990593e-03
8.200000000000000000e+01 -2.319270512089133263e-03
8.300000000000000000e+01 -3.167952876538038254e-03
8.400000000000000000e+01 -3.469375660642981529e-03
8.500000000000000000e+01 -3.833334194496273994e-03
8.600000000000000000e+01 -4.573095124214887619e-03
8.700000000000000000e+01 -5.370202008634805679e-03
8.800000000000000000e+01 -6.019615102559328079e-03
8.900000000000000000e+01 -6.368486210703849792e-03
9.000000000000000000e+01 -6.658532656729221344e-03
9.100000000000000000e+01 -6.880443543195724487e-03
9.200000000000000000e+01 -6.314822938293218613e-03
9.300000000000000000e+01 -6.570615340024232864e-03
9.400000000000000000e+01 -5.798818543553352356e-03
9.500000000000000000e+01 -5.571683403104543686e-03
9.600000000000000000e+01 -5.486642010509967804e-03
9.700000000000000000e+01 -5.805120337754487991e-03
9.800000000000000000e+01 -6.815054453909397125e-03
9.900000000000000000e+01 -7.981576025485992432e-03
