1.000000000000000000e+00 1.000000000000000000e+00
2.000000000000000000e+00 8.634556531906127930e-01
3.000000000000000000e+00 7.614462375640869141e-01
4.000000000000000000e+00 6.756141781806945801e-01
5.000000000000000000e+00 5.997395515441894531e-01
6.000000000000000000e+00 5.309426784515380859e-01
7.000000000000000000e+00 4.676335155963897705e-01
8.000000000000000000e+00 4.092358052730560303e-01
9.000000000000000000e+00 3.548160493373870850e-01
1.000000000000000000e+01 3.039353489875793457e-01
1.100000000000000000e+01 2.561021745204925537e-01
1.200000000000000000e+01 2.109732478857040405e-01
1.300000000000000000e+01 1.683346629142761230e-01
1.400000000000000000e+01 1.278854161500930786e-01
1.500000000000000000e+01 8.962554484605789185e-02
1.600000000000000000e+01 5.348432064056396484e-02
1.700000000000000000e+01 1.938707381486892700e-02
1.800000000000000000e+01 -1.259986683726310730e-02
1.900000000000000000e+01 -4.232783615589141846e-02
2.000000000000000000e+01 -6.943729519844055176e-02
2.100000000000000000e+01 -9.406883269548416138e-02
2.200000000000000000e+01 -1.163770407438278198e-01
2.300000000000000000e+01 -1.362428218126296997e-01
2.400000000000000000e+01 -1.533540636301040649e-01
2.500000000000000000e+01 -1.678000241518020630e-01
2.600000000000000000e+01 -1.797843575477600098e-01
2.700000000000000000e+01 -1.889690458774566650e-01
2.800000000000000000e+01 -1.956550329923629761e-01
2.900000000000000000e+01 -1.999556273221969604e-01
3.000000000000000000e+01 -2.017783522605895996e-01
3.100000000000000000e+01 -2.015583068132400513e-01
3.200000000000000000e+01 -1.994555145502090454e-01
3.300000000000000000e+01 -1.955063492059707642e-01
3.400000000000000000e+01 -1.901986598968505859e-01
3.500000000000000000e+01 -1.835767626762390137e-01
3.600000000000000000e+01 -1.757146865129470825e-01
3.700000000000000000e+01 -1.669012159109115601e-01
3.800000000000000000e+01 -1.572553068399429321e-01
3.900000000000000000e+01 -1.470815390348434448e-01
4.000000000000000000e+01 -1.363962888717651367e-01
4.100000000000000000e+01 -1.254045814275741577e-01
4.200000000000000000e+01 -1.141409873962402344e-01
4.300000000000000000e+01 -1.026773229241371155e-01
4.400000000000000000e+01 -9.169766306877136230e-02
4.500000000000000000e+01 -8.087415993213653564e-02
4.600000000000000000e+01 -7.038168609142303467e-02
4.700000000000000000e+01 -5.980631336569786072e-02
4.800000000000000000e+01 -4.965940490365028381e-02
4.900000000000000000e+01 -4.020933806896209717e-02
5.000000000000000000e+01 -3.100367262959480286e-02
5.100000000000000000e+01 -2.224769815802574158e-02
5.200000000000000000e+01 -1.418025046586990356e-02
5.300000000000000000e+01 -6.487447768449783325e-03
5.400000000000000000e+01 7.388612721115350723e-04
5.500000000000000000e+01 7.462205365300178528e-03
5.600000000000000000e+01 1.369258388876914978e-02
5.700000000000000000e+01 1.924877986311912537e-02
5.800000000000000000e+01 2.425743266940116882e-02
5.900000000000000000e+01 2.872215583920478821e-02
6.000000000000000000e+01 3.270046040415763855e-02
6.100000000000000000e+01 3.600572049617767334e-02
6.200000000000000000e+01 3.868419304490089417e-02
6.300000000000000000e+01 4.096725955605506897e-02
6.400000000000000000e+01 4.295568540692329407e-02
6.500000000000000000e+01 4.445053637027740479e-02
6.600000000000000000e+01 4.543622955679893494e-02
6.700000000000000000e+01 4.619564861059188843e-02
6.800000000000000000e+01 4.694434627890586853e-02
6.900000000000000000e+01 4.665069282054901123e-02
7.000000000000000000e+01 4.589140787720680237e-02
7.100000000000000000e+01 4.503837227821350098e-02
7.200000000000000000e+01 4.426360502839088440e-02
7.300000000000000000e+01 4.280566796660423279e-02
7.400000000000000000e+01 4.090154916048049927e-02
7.500000000000000000e+01 3.897927328944206238e-02
7.600000000000000000e+01 3.663608059287071228e-02
7.700000000000000000e+01 3.438515588641166687e-02
7.800000000000000000e+01 3.198735788464546204e-02
7.900000000000000000e+01 2.926923334598541260e-02
8.000000000000000000e+01 2.665797807276248932e-02
8.100000000000000000e+01 2.352230437099933624e-02
8.200000000000000000e+01 2.047982998192310333e-02
8.300000000000000000e+01 1.752244867384433746e-02
8.400000000000000000e+01 1.504847593605518341e-02
8.500000000000000000e+01 1.304182410240173340e-02
8.600000000000000000e+01 1.092217769473791122e-02
8.700000000000000000e+01 8.758647367358207703e-03
8.800000000000000000e+01 7.161137182265520096e-03
8.900000000000000000e+01 5.422256421297788620e-03
9.000000000000000000e+01 3.572085639461874962e-03
9.100000000000000000e+01 2.025994937866926193e-03
9.200000000000000000e+01 6.639799103140830994e-04
9.300000000000000000e+01 -4.283270973246544600e-04
9.400000000000000000e+01 -1.945727504789829254e-03
9.500000000000000000e+01 -3.192117903381586075e-03
9.600000000000000000e+01 -3.652876708656549454e-03
9.700000000000000000e+01 -4.132611211389303207e-03
9.800000000000000000e+01 -4.942289087921380997e-03
9.900000000000000000e+01 -7.763192523270845413e-03
