0.0, 0.008014024542950162
1200000.0, 0.04043186687814787
2400000.0, 0.11125024348164844
3600000.0, 0.18515735871107772
4800000.0, 0.24022595096975263
6000000.0, 0.2784316999193032
7200000.0, 0.3047555444249659
8400000.0, 0.32398363803322483
9600000.0, 0.3393995046887609
10800000.0, 0.3542310153880402
12000000.0, 0.3628293958872471
13200000.0, 0.3693964437766091
14400000.0, 0.377994824275816
15600000.0, 0.3818348777026463
16800000.0, 0.3891532403929098
18000000.0, 0.3939950468876089
19200000.0, 0.39930990344213485
20400000.0, 0.4019534184823441
21600000.0, 0.4047360658930907
22800000.0, 0.4110526755154854
24000000.0, 0.4104126666110137
25200000.0, 0.41561621726910986
26400000.0, 0.416701449759301
27600000.0, 0.4191223530066505
28800000.0, 0.421598909202215
30000000.0, 0.4239641595013496
31200000.0, 0.42593983916297967
32400000.0, 0.4279711717728247
33600000.0, 0.4302251161755294
34800000.0, 0.43033642207195927
36000000.0, 0.4323399282076968
37200000.0, 0.4347051785068314
38400000.0, 0.4354286668336255
39600000.0, 0.437849570080975
40800000.0, 0.43899045551938115
42000000.0, 0.4405765645435067
43200000.0, 0.44132787934440826
44400000.0, 0.4424131118345994
45600000.0, 0.4424409383087069
46800000.0, 0.4446948827114116
48000000.0, 0.44502880040070125
49200000.0, 0.44530706514177587
50400000.0, 0.4468375212176865
51600000.0, 0.44761666249269555
52800000.0, 0.4509836658596989
54000000.0, 0.4506775746445168
55200000.0, 0.44900798619806886
56400000.0, 0.4522358571945349
57600000.0, 0.4512341041266661
58800000.0, 0.4523193366168573
60000000.0, 0.4600411831816790631
6.000000000000000000e+07,4.667891031527395262e-01
6.120000000000000000e+07,4.673178061607813905e-01
6.240000000000000000e+07,4.679021621170381673e-01
6.360000000000000000e+07,4.699891476750980845e-01
6.480000000000000000e+07,4.716309096474385898e-01
6.600000000000000000e+07,4.719370008626206925e-01
6.720000000000000000e+07,4.708795948465370196e-01
6.840000000000000000e+07,4.718256949661908117e-01
6.960000000000000000e+07,4.719648273367281766e-01
7.080000000000000000e+07,4.712691654840415190e-01
7.200000000000000000e+07,4.721874391295878826e-01
7.320000000000000000e+07,4.747474747474747514e-01
7.440000000000000000e+07,4.754987895483763216e-01
7.560000000000000000e+07,4.765561955644600500e-01
7.680000000000000000e+07,4.749700865403344574e-01
7.800000000000000000e+07,4.767509808832122720e-01
7.920000000000000000e+07,4.782814369591228965e-01
8.040000000000000000e+07,4.756935748671285991e-01
8.160000000000000000e+07,4.780588251662631905e-01
8.280000000000000000e+07,4.768066338314272401e-01
8.400000000000000000e+07,4.779475192698333097e-01
8.520000000000000000e+07,4.815093079555889388e-01
8.640000000000000000e+07,4.812310432145142647e-01
8.760000000000000000e+07,4.814536550073740262e-01
8.880000000000000000e+07,4.823162757047054772e-01
9.000000000000000000e+07,4.836241199877563401e-01
9.120000000000000000e+07,4.808692990511172494e-01
9.240000000000000000e+07,4.808414725770097653e-01
9.360000000000000000e+07,4.824832345493502705e-01
9.480000000000000000e+07,4.845702201074101878e-01
9.600000000000000000e+07,4.848206583743773779e-01
9.720000000000000000e+07,4.856832790717088288e-01
9.840000000000000000e+07,4.854050143306341547e-01
9.960000000000000000e+07,4.854606672788491228e-01
1.008000000000000000e+08,4.871024292511895726e-01
1.020000000000000000e+08,4.874641734145866434e-01
1.032000000000000000e+08,4.878259175779837142e-01
1.044000000000000000e+08,4.863789409243954864e-01
1.056000000000000000e+08,4.905807385146228050e-01
1.068000000000000000e+08,4.869076439324372951e-01
1.080000000000000000e+08,4.898015972396137507e-01
1.092000000000000000e+08,4.884937529565628878e-01
1.104000000000000000e+08,4.905529120405153209e-01
1.116000000000000000e+08,4.898572501878287189e-01
1.128000000000000000e+08,4.911929209449870659e-01
1.140000000000000000e+08,4.886607118012076811e-01
1.152000000000000000e+08,4.909424826780198758e-01
1.164000000000000000e+08,4.896346383949689574e-01
1.176000000000000000e+08,4.930851211842947612e-01
1.188000000000000000e+08,4.934746918217992606e-01
