0 0.0034226563152182986
1200000 0.027047332832456798
2400000 0.046971088293402345
3600000 0.0654200406266522
4800000 0.0834237693741826
6000000 0.0992292066672232
7200000 0.11311461724684865
8400000 0.12385563625233047
9600000 0.13378968750869577
10800000 0.1443637476695328
12000000 0.1541308400812533
13200000 0.1652892561983471
14400000 0.17207891588056878
15600000 0.17864596376993072
16800000 0.18724434426913766
18000000 0.19097309179953809
19200000 0.20087931658179592
20400000 0.20527589949077552
21600000 0.2104237972006567
22800000 0.2148203801096363
24000000 0.2184934746918218
25200000 0.22400311656510002
26400000 0.22787099646603778
27600000 0.2327406294348443
28800000 0.23883462726437932
30000000 0.24273033363942456
31200000 0.24570776636892339
32400000 0.24787823134930573
33600000 0.2533600467484765
34800000 0.2555583382029663
36000000 0.2604279711717728
37200000 0.2642958510727106
38400000 0.26568717477808385
39600000 0.2678576397584662
40800000 0.2679132927066811
42000000 0.2722820491415533
43200000 0.27645602025767313
44400000 0.279433452987172
45600000 0.28185435623452154
46800000 0.28388568884436655
48000000 0.2854439713943846
49200000 0.28566658318724436
50400000 0.2886996688649581
51600000 0.29073100147480313
52800000 0.2932632106185825
54000000 0.29432061663466624
55200000 0.2931797311962601
56400000 0.29459888137574086
57600000 0.29874502601775327
58800000 0.30049809388652365
60000000 0.3001920026713415
61200000 0.3019728970142193
62400000 0.3058686033892645
63600000 0.3061190416562317
64800000 0.30687035645713334
66000000 0.30706514177588556
67200000 0.30901299496340817
68400000 0.31318696607952806
69600000 0.31121128641789797
70800000 0.31343740434649525
72000000 0.3163870106018866
73200000 0.31736093719564795
74400000 0.3170826724545733
75600000 0.318140078470657
76800000 0.3205609817180065
78000000 0.3172218048251106
79200000 0.3190026991679884
80400000 0.320588808192114
81600000 0.32192447894927234
82800000 0.32437320867072933
84000000 0.32729498845201327
85200000 0.32640454128057433
86400000 0.32551409410913545
87600000 0.32857500626095665
88800000 0.3287697915797089
90000000 0.3296324122770404
91200000 0.3335281186520856
92400000 0.3314967860422406
93600000 0.3236083984375
94800000 0.32440185546875
96000000 0.32470703125
97200000 0.324554443359375
98400000 0.32745361328125
99600000 0.326873779296875
100800000 0.328460693359375
102000000 0.3291015625
103200000 0.329742431640625
104400000 0.33074951171875
105600000 0.33197021484375
106800000 0.331817626953125
108000000 0.332489013671875
109200000 0.333953857421875
110400000 0.333740234375
111600000 0.332763671875
112800000 0.33502197265625
114000000 0.332427978515625
115200000 0.332733154296875
116400000 0.335479736328125
117600000 0.33551025390625
118800000 0.337554931640625
120000000 0.337371826171875
121200000 0.338653564453125
122400000 0.3404541015625
123600000 0.340087890625
124800000 0.34075927734375
126000000 0.342071533203125
127200000 0.342437744140625
128400000 0.343292236328125
129600000 0.345367431640625
130800000 0.346588134765625
132000000 0.346893310546875
133200000 0.346466064453125
134400000 0.34661865234375
135600000 0.348175048828125
136800000 0.3482666015625
138000000 0.34844970703125
139200000 0.34979248046875
140400000 0.350006103515625
141600000 0.3494873046875
142800000 0.349609375
144000000 0.351837158203125
145200000 0.350830078125
146400000 0.3515625
147600000 0.349700927734375
148800000 0.34912109375
150000000 0.353607177734375
151200000 0.352752685546875
