 time crystallinity "clusters w/ >= 2 members" "   independent clusters" "mean size cryst domains" "crystalline grid elements" "total volume"
0 0.0 0.0006339834966171 1.0 64.0 1.0 64.0 838950.4895049192
1 1200000.0 0.0110055572615875 96.0 969.0 1.1465428276573788 1111.0 835165.7906890626
2 2400000.0 0.0397626524284539 475.0 2199.0 1.82537517053206 4014.0 832077.4623287678
3 3600000.0 0.0875986884466413 769.0 2824.0 3.1313739376770537 8843.0 827774.2692703195
4 4800000.0 0.135454536449098 868.0 2931.0 4.665301944728761 13674.0 823304.354716993
5 6000000.0 0.1719627701012751 841.0 2606.0 6.437452033768227 16776.0 819781.4128993644
6 7200000.0 0.2023453196113001 855.0 2502.0 7.889688249400479 19740.0 817217.2731356851
7 8400000.0 0.2222928369346836 817.0 2469.0 8.783313082219522 21686.0 815456.8360841426
8 9600000.0 0.2386219197179056 810.0 2364.0 9.847292724196278 23279.0 813918.4223710266
9 10800000.0 0.2503587682971832 734.0 2248.0 10.864768683274022 24424.0 812806.7817222524
10 12000000.0 0.259450982000082 695.0 2119.0 11.94478527607362 25311.0 812137.4609941927
11 13200000.0 0.2676719012669646 681.0 2073.0 12.596719729860109 26113.0 811360.1526964363
12 14400000.0 0.2731354299069252 666.0 2063.0 12.916141541444498 26646.0 810807.4860148696
13 15600000.0 0.2792037393907089 657.0 1907.0 14.283167278447824 27238.0 810304.2953802659
14 16800000.0 0.2846365164623395 651.0 1919.0 14.470036477331943 27768.0 809955.3167648616
15 18000000.0 0.2890954938701874 591.0 1874.0 15.049626467449306 28203.0 809498.9855263268
16 19200000.0 0.2932777071630653 601.0 1874.0 15.267342582710778 28611.0 809127.6374611813
17 20400000.0 0.2972446594776333 589.0 1818.0 15.950495049504951 28998.0 808854.3219999817
18 21600000.0 0.3004735741522817 574.0 1771.0 16.55166572557877 29313.0 808524.9431349473
19 22800000.0 0.3028721964820206 573.0 1843.0 16.03201302224634 29547.0 808367.3129193808
20 24000000.0 0.306101111156669 551.0 1774.0 16.83314543404735 29862.0 808137.9196742696
21 25200000.0 0.3083562261675345 547.0 1687.0 17.83165382335507 30082.0 807893.1377977284
22 26400000.0 0.3110623641805732 523.0 1689.0 17.966844286560093 30346.0 807593.820889855
23 27600000.0 0.3125384394604125 506.0 1625.0 18.763076923076923 30490.0 807447.9896840646
24 28800000.0 0.3145885440157448 503.0 1617.0 18.97959183673469 30690.0 807276.2535973944
25 30000000.0 0.3154495879289843 537.0 1644.0 18.71897810218978 30774.0 807154.6839379526
26 31200000.0 0.3175919471893066 531.0 1619.0 19.13712168004941 30983.0 807000.8061753805
27 32400000.0 0.3196625527901923 515.0 1708.0 18.258196721311474 31185.0 806948.0140103819
28 33600000.0 0.3203288367706753 505.0 1634.0 19.12484700122399 31250.0 806729.5159619335
29 34800000.0 0.3223789413260076 508.0 1592.0 19.75502512562814 31450.0 806730.4725693708
30 36000000.0 0.3235577514453237 494.0 1613.0 19.56912585244885 31565.0 806469.7371873327
31 37200000.0 0.3259051211611792 506.0 1610.0 19.74782608695652 31794.0 806343.3872526727
32 38400000.0 0.3255873549551027 481.0 1611.0 19.716325263811296 31763.0 806430.0232289217
33 39600000.0 0.3253515929312395 485.0 1556.0 20.39845758354756 31740.0 806305.2860809483
34 40800000.0 0.3274221985321251 502.0 1580.0 20.21645569620253 31942.0 806199.600270352
35 42000000.0 0.3289495264258477 485.0 1519.0 21.126398946675444 32091.0 806083.062448422
36 43200000.0 0.3286830128336545 500.0 1586.0 20.21752837326608 32065.0 806029.4366943962
37 44400000.0 0.3302103407273771 480.0 1538.0 20.945383615084527 32214.0 806090.1055157129
38 45600000.0 0.3312251424822666 461.0 1567.0 20.62093171665603 32313.0 805974.2683231931
39 46800000.0 0.3318094222805363 455.0 1521.0 21.28205128205128 32370.0 805748.5739004088
40 48000000.0 0.3330087334454057 461.0 1468.0 22.13010899182561 32487.0 805722.7399680797
41 49200000.0 0.3340850383369552 447.0 1492.0 21.84450402144772 32592.0 805514.3093712493
42 50400000.0 0.3356021157079011 473.0 1494.0 21.914323962516733 32740.0 805470.0845983524
43 51600000.0 0.3353868547295912 447.0 1407.0 23.2544420753376 32719.0 805351.7430266538
44 52800000.0 0.3378777317643199 447.0 1522.0 21.65703022339028 32962.0 805193.1535386412
45 54000000.0 0.3377444749682234 449.0 1479.0 22.27789046653144 32949.0 805330.0097962705
46 55200000.0 0.3393025544302759 462.0 1522.0 21.74835742444153 33101.0 805260.1240748343
47 56400000.0 0.3397125753413424 457.0 1418.0 23.371650211565587 33141.0 805175.6270760074
48 57600000.0 0.3394768133174792 452.0 1494.0 22.167336010709505 33118.0 805193.6433433255
49 58800000.0 0.3406761244823486 441.0 1425.0 23.32280701754386 33235.0 805169.033680946
50 60000000.0 0.3422034523760712 449.0 1453.0 22.97591190640055 33384.0 805142.7285724508
51 61200000.0 0.3421009471483046 452.0 1432.0 23.30586592178771 33374.0 804888.5772809023
52 62400000.0 0.3421111976710812 447.0 1483.0 22.50505731625084 33375.0 804872.9396120745
53 63600000.0 0.3434642666776005 450.0 1484.0 22.57884097035041 33507.0 804895.0673061396
54 64800000.0 0.3439562917708803 458.0 1442.0 23.26976421636616 33555.0 804730.4472199315
55 66000000.0 0.3442330558858502 444.0 1452.0 23.12809917355372 33582.0 804743.686107178
56 67200000.0 0.34454057156915 438.0 1421.0 23.653764954257564 33612.0 804709.3274819488
57 68400000.0 0.3450735987535364 439.0 1452.0 23.18457300275482 33664.0 804666.9488264039
58 69600000.0 0.3458321374390093 432.0 1404.0 24.02991452991453 33738.0 804616.6717549145
59 70800000.0 0.3463139120095125 439.0 1418.0 23.82581100141044 33785.0 804613.3791052717
60 72000000.0 0.3461909057361925 442.0 1371.0 24.63384390955507 33773.0 804501.657218763
61 73200000.0 0.3491533068186477 419.0 1385.0 24.593501805054157 34062.0 804379.5914574519
62 74400000.0 0.3475029726516052 425.0 1379.0 24.583756345177665 33901.0 804323.7330894216
63 75600000.0 0.34882529008979457 431.0 1335.0 25.49063670411985 34030.0 804338.277106039
64 76800000.0 0.34948132354750094 431.0 1367.0 24.9407461594733 34094.0 804331.4197888988
65 78000000.0 0.35033211693796384 428.0 1368.0 24.983187134502923 34177.0 804311.2395942841
66 79200000.0 0.3498810939357907 420.0 1404.0 24.31125356125356 34133.0 804208.1647305199
67 80400000.0 0.35163393333059983 424.0 1349.0 25.429206819866568 34304.0 804123.6887391375
68 81600000.0 0.35091639673623354 422.0 1328.0 25.778614457831324 34234.0 804054.1605976108
69 82800000.0 0.3511931608512034 398.0 1310.0 26.153435114503818 34261.0 804079.5682496689
70 84000000.0 0.3532330148837591 394.0 1325.0 26.00754716981132 34460.0 804025.6172314921
71 85200000.0 0.35246422567550945 414.0 1380.0 24.916666666666668 34385.0 803947.9662800789
72 86400000.0 0.35210545737832627 394.0 1306.0 26.301684532924963 34350.0 804024.7993953945
73 87600000.0 0.3530997580876625 381.0 1319.0 26.115996967399546 34447.0 803911.1113214169
74 88800000.0 0.35411455984255197 401.0 1338.0 25.81913303437967 34546.0 803898.3954348427
75 90000000.0 0.35347902743039894 399.0 1297.0 26.58750963762529 34484.0 803919.3805605196
76 91200000.0 0.354780843823035 392.0 1303.0 26.562547966231772 34611.0 803881.5988093552
77 92400000.0 0.35565213825905123 412.0 1378.0 25.178519593613935 34696.0 803763.1258438041
78 93600000.0 0.35561113616794454 410.0 1329.0 26.103837471783297 34692.0 803778.8308350987
79 94800000.0 0.35611341178400097 411.0 1346.0 25.810549777117384 34741.0 803780.6975479348
80 96000000.0 0.35486284800524825 397.0 1239.0 27.941081517352703 34619.0 803703.7748984315
81 97200000.0 0.35689245151502724 388.0 1279.0 27.222048475371384 34817.0 803640.7439730624
82 98400000.0 0.3561851654434376 408.0 1303.0 26.66768994627782 34748.0 803605.8060410141
83 99600000.0 0.3568822009922506 392.0 1327.0 26.236623963828183 34816.0 803604.073468219
84 100800000.0 0.35729222190331705 395.0 1284.0 27.146417445482864 34856.0 803559.2808259465
85 102000000.0 0.35710771249333717 384.0 1295.0 26.9019305019305 34838.0 803555.0398433269
86 103200000.0 0.3568309483783673 383.0 1275.0 27.302745098039217 34811.0 803641.2538469333
87 104400000.0 0.3589835581614662 403.0 1314.0 26.65220700152207 35021.0 803484.4082761441
88 105600000.0 0.3589835581614662 384.0 1255.0 27.905179282868527 35021.0 803352.0620083204
89 106800000.0 0.35903481077534954 417.0 1280.0 27.3640625 35026.0 803531.886516468
90 108000000.0 0.3602443724629956 395.0 1277.0 27.52075176194205 35144.0 803467.0094006791
91 109200000.0 0.3596498421419492 380.0 1267.0 27.692186266771902 35086.0 803453.7104283851
92 110400000.0 0.35923982123088277 383.0 1225.0 28.608979591836736 35046.0 803335.7123215517
93 111600000.0 0.35982410102915247 390.0 1257.0 27.92601431980907 35103.0 803509.9903727941
