0 0.0006240775044824615
1200000 0.011104617182933957
2400000 0.03993105429474289
3600000 0.08764821840731458
4800000 0.13547434843336734
6000000 0.17222928369346838
7200000 0.20243757431629014
8400000 0.22225183484357702
9600000 0.2386219197179056
10800000 0.25057402927549305
12000000 0.2596662429783919
13200000 0.2678359096313912
14400000 0.27329943827135184
15600000 0.2791832383451556
16800000 0.2847492722128829
18000000 0.2891467464840707
19200000 0.29326745664028864
20400000 0.29737791627372995
21600000 0.3007605887900283
22800000 0.3029542006642339
24000000 0.3062343679527656
25200000 0.3084484808725245
26400000 0.3110931157489032
27600000 0.3124769363237525
28800000 0.31462954610685145
30000000 0.3156545983845176
31200000 0.31762269875763666
32400000 0.3197343064496289
33600000 0.3204210914756653
34800000 0.3225634507359875
36000000 0.32356800196810037
37200000 0.3258538685472959
38400000 0.3255873549551027
39600000 0.32544384763622947
40800000 0.32762720898765835
42000000 0.329123785313051
43200000 0.3289905285169544
44400000 0.3302103407273771
45600000 0.33134814875558655
46800000 0.3319734306449629
48000000 0.3333059986059289
49200000 0.33433105088359505
50400000 0.33567386936733773
51600000 0.3355406125712411
52800000 0.3378674812415433
54000000 0.3379597359465333
55200000 0.33920004920250935
56400000 0.339845832137439
57600000 0.33956906802246917
58800000 0.3408298823239985
60000000 0.3421111976710812
61200000 0.34221370289884784
62400000 0.34241871335438107
63600000 0.3436385255648038
64800000 0.343935790725327
66000000 0.34459182418303336
67200000 0.3449198409118865
68400000 0.34511460084464307
69600000 0.3460371478945426
70800000 0.34635491410061914
72000000 0.3464061667145024
73200000 0.34921480995530774
74400000 0.34757472631104186
75600000 0.34888679322645455
76800000 0.34971708557136416
78000000 0.3502501127557505
79200000 0.35000410020911066
80400000 0.35163393333059983
81600000 0.35091639673623354
82800000 0.3515211775800566
84000000 0.3533662716798557
85200000 0.2716798556726393
86400000 0.35226946574275286
87600000 0.3532022633154291
88800000 0.3542170650703186
90000000 0.35342777481651566
91200000 0.35470909016359836
92400000 0.3557341424412645
93600000 0.35571364139571116
94800000 0.35601090655623435
96000000 0.3552831194390914
97200000 0.35702570831112385
98400000 0.3564209274673008
99600000 0.35684119890114396
100800000 0.3573639755627537
102000000 0.35732297347164704
103200000 0.35700520726557056
104400000 0.3591168149575628
105600000 0.35946533273196934
106800000 0.3591168149575628
108000000 0.3603776292590922
109200000 0.3596498421419492
110400000 0.35930132436754275
111600000 0.3600598630530157
112800000 0.36086965435237195
114000000 0.3610541637623519
115200000 0.35975234736971584
116400000 0.36048013448685884
117600000 0.36133092787732174
118800000 0.3612899257862151
120000000 0.36202796342613475
121200000 0.36186395506170815
122400000 0.3619562097666981
123600000 0.3620689655172414
124800000 0.3630222641354709
126000000 0.36316577145434414
127200000 0.36317602197712084
128400000 0.36320677354545083
129600000 0.36340153347820736
130800000 0.36316577145434414
132000000 0.36366804707040057
133200000 0.36472385091639675
134400000 0.36373980072983725
135600000 0.3641498216409037
136800000 0.3645700930747468
138000000 0.3644163352330969
139200000 0.3654003854196564
140400000 0.36554389273852966
141600000 0.36504161712247324
142800000 0.36603591783180944
