,time,b_0,persistence_length,persistence_length_err
0,0.0,0.4967849552631378,1.995245071842685,0.15255751563119435
1,1200000.0,0.49683448672294617,2.2218275622752137,0.16827958434692986
2,2400000.0,0.49685952067375183,2.375641775228999,0.17184141145281046
3,3600000.0,0.4969145655632019,2.589301616452366,0.17602913597506015
4,4800000.0,0.4969640076160431,2.815249586861635,0.18040657187727493
5,6000000.0,0.4970180094242096,3.007193652775273,0.18503484649383783
6,7200000.0,0.49702802300453186,3.1613509048874215,0.18699452590125634
7,8400000.0,0.4970646798610687,3.278605434231456,0.18949410543750642
8,9600000.0,0.49707695841789246,3.37764019134279,0.19239874435054227
9,10800000.0,0.49709251523017883,3.4515469167219304,0.19370898928198693
10,12000000.0,0.49709534645080566,3.507354346477271,0.1948710183665164
11,13200000.0,0.49708566069602966,3.561007364357975,0.19619165129457256
12,14400000.0,0.49708354473114014,3.6040260892715326,0.197048481727151
13,15600000.0,0.49710243940353394,3.6409328075127783,0.19714026262161843
14,16800000.0,0.49709510803222656,3.6784002259092787,0.19809475544528599
15,18000000.0,0.4971185624599457,3.7083520792337565,0.19880436874079768
16,19200000.0,0.49711209535598755,3.738896718175163,0.1991134551415266
17,20400000.0,0.4971226751804352,3.762605639515684,0.1991228289488878
18,21600000.0,0.49714165925979614,3.7872215181622684,0.1992981170414914
19,22800000.0,0.49712297320365906,3.8088058949411097,0.2000529739656463
20,24000000.0,0.4971373379230499,3.8312961315078238,0.19882313488849104
21,25200000.0,0.4971201419830322,3.844043825866155,0.19899144635171637
22,26400000.0,0.49714866280555725,3.863915516331778,0.19908016394755393
23,27600000.0,0.4971300959587097,3.876664376494591,0.1985308325266798
24,28800000.0,0.4971231520175934,3.892839743054097,0.19833223491703006
25,30000000.0,0.497150182723999,3.9062959143291986,0.1990685278731402
26,31200000.0,0.49713557958602905,3.921259825698292,0.19894801397519019
27,32400000.0,0.4971437454223633,3.933873816088271,0.19887635334372913
28,33600000.0,0.4971431791782379,3.9470925172875773,0.19865700351755838
29,34800000.0,0.497138649225235,3.9642108058629533,0.19821507562079518
30,36000000.0,0.49712830781936646,3.9761223166495823,0.19928781574070492
31,37200000.0,0.49713656306266785,3.9856906029307626,0.19880734311893317
32,38400000.0,0.49714580178260803,3.987649663914653,0.19866149200787042
33,39600000.0,0.49714088439941406,3.9921550584043906,0.1990079382455063
34,40800000.0,0.49714431166648865,4.003644626219403,0.19896676778891134
35,42000000.0,0.4971609115600586,4.00896263477143,0.19895936744510995
36,43200000.0,0.4971363842487335,4.021341478992588,0.1988351405402713
37,44400000.0,0.49713751673698425,4.0297264135174204,0.19836611082651107
38,45600000.0,0.49717429280281067,4.03724261441441,0.1984597358431937
39,46800000.0,0.4971561133861542,4.044271447243246,0.1982522480868617
40,48000000.0,0.49714985489845276,4.056622950743374,0.19857782005313176
41,49200000.0,0.497171014547348,4.058512661136473,0.19867348150064287
42,50400000.0,0.4971522390842438,4.061773875612053,0.199126046542081
43,51600000.0,0.4971597194671631,4.07647600302563,0.19911536511915168
44,52800000.0,0.4971525967121124,4.08683010547902,0.19817672031887382
45,54000000.0,0.4971484839916229,4.0915298351536284,0.1980220634041969
46,55200000.0,0.4971586763858795,4.09563236775459,0.19819605862234113
47,56400000.0,0.49716296792030334,4.102386268731944,0.19883399109982758
48,57600000.0,0.4971402585506439,4.106766345658795,0.19794244445699044
49,58800000.0,0.49716052412986755,4.115776765444906,0.197895637041124
50,60000000.0,0.4971509575843811,4.121877057213307,0.19805684556173123
51,61200000.0,0.49714693427085876,4.122322514854013,0.1986239804750254
52,62400000.0,0.4971473217010498,4.133756913737722,0.1985389235238546
53,63600000.0,0.49714308977127075,4.135424216557927,0.1979456996430409
54,64800000.0,0.49717599153518677,4.142760993793229,0.1985868121864655
55,66000000.0,0.4971480369567871,4.146970309000623,0.19873225279746673
56,67200000.0,0.49715083837509155,4.152241865736052,0.1988868575829453
57,68400000.0,0.49715733528137207,4.160086457949486,0.1981408322544254
58,69600000.0,0.49715518951416016,4.163907414997173,0.19825244667325223
59,70800000.0,0.49716252088546753,4.168890351327268,0.1979403067010927
60,72000000.0,0.49714764952659607,4.172586090283231,0.19751809241139934
61,73200000.0,0.4971473217010498,4.177654114397411,0.1974860258057397
62,74400000.0,0.4971690773963928,4.18177332563126,0.19774627630245512
63,75600000.0,0.49713727831840515,4.182443755713396,0.19755124138762095
64,76800000.0,0.49716705083847046,4.19125015516181,0.19759741099900643
65,78000000.0,0.49715951085090637,4.195846332772659,0.19865181196208678
66,79200000.0,0.4971649944782257,4.197295491034129,0.197898584371377
67,80400000.0,0.49715039134025574,4.200958436756961,0.19796787495315563
68,81600000.0,0.4971558153629303,4.210506605004619,0.19846263295352906
69,82800000.0,0.4971802532672882,4.214531112588435,0.19745550024407507
70,84000000.0,0.4971637427806854,4.218643559463981,0.19750602690712932
71,85200000.0,0.5966214537620544,4.820306552265839,0.23213580634699618
72,86400000.0,0.49716511368751526,4.229479613255671,0.1975263433148814
73,87600000.0,0.4971601963043213,4.226885625395903,0.1987290052734137
74,88800000.0,0.49716097116470337,4.230610024743759,0.19892359431896042
75,90000000.0,0.49717235565185547,4.228386077769516,0.19793786529668878
76,91200000.0,0.49715641140937805,4.235485499979283,0.19837423573952753
77,92400000.0,0.49714353680610657,4.2446599884705405,0.19815430689190658
78,93600000.0,0.4971621632575989,4.247285377428386,0.19800779492757706
79,94800000.0,0.49716639518737793,4.247670025644317,0.1971627112089865
80,96000000.0,0.4971703290939331,4.253470612950869,0.19775897612345317
81,97200000.0,0.49716565012931824,4.254614698475745,0.197830252186004
82,98400000.0,0.49718204140663147,4.2552924567973305,0.19767496334823265
83,99600000.0,0.49716916680336,4.264830153107553,0.19749460459510557
84,100800000.0,0.4971762001514435,4.261578543382431,0.19753905295729615
85,102000000.0,0.4971659779548645,4.268230506194514,0.197477574208507
86,103200000.0,0.4971609115600586,4.266018348940211,0.19755274465621273
87,104400000.0,0.4971505403518677,4.274388081362908,0.19700006669080883
88,105600000.0,0.49716654419898987,4.28077105887867,0.1972988760392335
89,106800000.0,0.49717313051223755,4.2824391261839585,0.19750788616763404
90,108000000.0,0.49715477228164673,4.282778433880764,0.1974762725379995
91,109200000.0,0.49715328216552734,4.287773751216441,0.19708582497727636
92,110400000.0,0.4971574544906616,4.290614275054737,0.19669917480065796
93,111600000.0,0.4971715211868286,4.29421018873217,0.19732163549452109
94,112800000.0,0.49718526005744934,4.294028932162443,0.1974626527222101
95,114000000.0,0.4971519708633423,4.297483503879974,0.1969943757073909
96,115200000.0,0.4971756637096405,4.300778828361295,0.19675897684549423
97,116400000.0,0.49716827273368835,4.298994648725381,0.19701147486179824
98,117600000.0,0.4971740245819092,4.306139744295435,0.19687944264133556
99,118800000.0,0.4971819818019867,4.3060259683823,0.1966841527569557
100,120000000.0,0.4971817135810852,4.310342710959777,0.1970026428621177
101,121200000.0,0.4971819818019867,4.316430235359474,0.196520897257886
102,122400000.0,0.4971509277820587,4.3148286561995395,0.19700085970132075
103,123600000.0,0.4971792697906494,4.316788686072536,0.1962429652393505
104,124800000.0,0.4971800148487091,4.317874721656831,0.1967150043651544
105,126000000.0,0.4971720278263092,4.323123876240748,0.19591714766762325
106,127200000.0,0.4971700608730316,4.325953085987777,0.1963830711958117
107,128400000.0,0.497160404920578,4.325920902724585,0.19536258092119607
108,129600000.0,0.4971678555011749,4.324694127217651,0.1964626466676037
109,130800000.0,0.49715813994407654,4.328326114827936,0.19577564735515693
110,132000000.0,0.49717360734939575,4.329608267926475,0.19667761190721955
111,133200000.0,0.49717268347740173,4.332649700753871,0.19719533893281477
112,134400000.0,0.49716517329216003,4.330313243129583,0.19664941078658457
113,135600000.0,0.4971582591533661,4.334499828102237,0.19679206366685698
114,136800000.0,0.49717897176742554,4.334228039266655,0.1960149680842703
115,138000000.0,0.49719202518463135,4.34224181197167,0.1959154651523042
116,139200000.0,0.4971638023853302,4.3384620470624276,0.19676686782742173
117,140400000.0,0.49717971682548523,4.3400109745266775,0.19602289543545354
118,141600000.0,0.4971719980239868,4.346844243957698,0.19616117739600247
119,142800000.0,0.49717479944229126,4.345168489464175,0.19617099027886556
