 time crystallinity "clusters w/ >= 2 members" "   independent clusters" "mean size cryst domains" "crystalline grid elements" "total volume"
0 0.0 0.00030483158055174517 1.0 6.0 1.0 6.0 169941.86088498225
1 1200000.0 0.00650307371843723 9.0 102.0 1.2549019607843137 128.0 169328.38299231598
2 2400000.0 0.03551287913427831 75.0 326.0 2.144171779141104 699.0 168617.93782400302
3 3600000.0 0.11725854798557131 146.0 478.0 4.828451882845188 2308.0 167130.62486409396
4 4800000.0 0.21643042219173905 168.0 476.0 8.949579831932773 4260.0 165231.76877115856
5 6000000.0 0.3085911700452167 162.0 438.0 13.867579908675799 6074.0 163596.74451333802
6 7200000.0 0.36981151247269217 157.0 451.0 16.13968957871397 7279.0 162554.9302064641
7 8400000.0 0.4095412284712696 152.0 403.0 20.002481389578165 8061.0 161952.00177709758
8 9600000.0 0.43570593913529443 146.0 398.0 21.547738693467338 8576.0 161430.06393627994
9 10800000.0 0.4557740181882843 130.0 375.0 23.922666666666668 8971.0 161108.47439766626
10 12000000.0 0.4708123761621704 132.0 370.0 25.045945945945945 9267.0 160862.99689494463
11 13200000.0 0.4859523446629071 119.0 347.0 27.564841498559076 9565.0 160685.00214001574
12 14400000.0 0.49215058680079254 130.0 333.0 29.09009009009009 9687.0 160552.4623654498
13 15600000.0 0.501295534217345 121.0 335.0 29.453731343283582 9867.0 160387.44259336637
14 16800000.0 0.5073921658283799 116.0 317.0 31.50473186119874 9987.0 160345.73490771055
15 18000000.0 0.5081034395163339 107.0 290.0 34.48620689655172 10001.0 160205.67601106392
16 19200000.0 0.5157242290301275 112.0 314.0 32.32802547770701 10151.0 160116.49108566347
17 20400000.0 0.5189757658893461 106.0 302.0 33.824503311258276 10215.0 159993.7201089127
18 21600000.0 0.5234466290707718 101.0 302.0 34.115894039735096 10303.0 160015.7307235998
19 22800000.0 0.5243103185490017 111.0 295.0 34.983050847457626 10320.0 159954.19900151144
20 24000000.0 0.5286287659401514 102.0 293.0 35.51194539249147 10405.0 159876.53229127335
21 25200000.0 0.5345729817609104 91.0 305.0 34.498360655737706 10522.0 159831.4424013178
22 26400000.0 0.5361479449270945 109.0 326.0 32.37116564417178 10553.0 159779.5784569534
23 27600000.0 0.537976934410405 100.0 310.0 34.15806451612903 10589.0 159795.12949116935
24 28800000.0 0.5372656607224509 102.0 284.0 37.235915492957744 10575.0 159728.2611817059
25 30000000.0 0.5413300817964741 103.0 291.0 36.61512027491409 10655.0 159735.7682617977
26 31200000.0 0.540771223898796 101.0 297.0 35.83838383838384 10644.0 159661.81814675915
27 32400000.0 0.545851750241325 106.0 309.0 34.77022653721683 10744.0 159656.67693701378
28 33600000.0 0.5443275923385663 104.0 276.0 38.81884057971015 10714.0 159598.73423761598
29 34800000.0 0.549154092363969 109.0 286.0 37.79370629370629 10809.0 159569.85638797932
30 36000000.0 0.5473251028806584 105.0 327.0 32.944954128440365 10773.0 159551.81987766435
31 37200000.0 0.550576639739877 112.0 304.0 35.64802631578947 10837.0 159533.6488777305
32 38400000.0 0.5502210028959 96.0 271.0 39.96309963099631 10830.0 159518.4974253215
33 39600000.0 0.5518467713255093 99.0 297.0 36.572390572390574 10862.0 159517.17424052453
34 40800000.0 0.5513387186912564 94.0 291.0 37.292096219931274 10852.0 159496.95363993995
35 42000000.0 0.5545394502870498 96.0 280.0 38.982142857142854 10915.0 159498.54238145947
36 43200000.0 0.557384545038866 90.0 299.0 36.69230769230769 10971.0 159443.0187845268
37 44400000.0 0.5576893766194178 95.0 270.0 40.65555555555556 10977.0 159397.1580678892
38 45600000.0 0.560178834527257 92.0 310.0 35.56774193548387 11026.0 159450.7167783971
39 46800000.0 0.5592643397856017 106.0 290.0 37.95862068965517 11008.0 159382.07434863359
40 48000000.0 0.5589087029416248 108.0 294.0 37.41836734693877 11001.0 159332.18675113184
41 49200000.0 0.5612965503226134 95.0 294.0 37.57823129251701 11048.0 159310.18219891543
42 50400000.0 0.5624650713813951 96.0 292.0 37.91438356164384 11071.0 159337.4231925468
43 51600000.0 0.5615505766397398 97.0 309.0 35.77022653721683 11053.0 159330.5240941339
44 52800000.0 0.5620586292739927 102.0 305.0 36.27213114754098 11063.0 159303.72650514106
45 54000000.0 0.5627190976985216 100.0 304.0 36.43421052631579 11076.0 159257.42501530415
46 55200000.0 0.5625666819082457 107.0 312.0 35.49038461538461 11073.0 159313.20740436026
47 56400000.0 0.5637352029670274 101.0 285.0 38.93333333333333 11096.0 159263.00483596802
48 57600000.0 0.5668343240359701 105.0 291.0 38.34020618556701 11157.0 159266.4798976752
49 58800000.0 0.5677488187776254 99.0 292.0 38.27054794520548 11175.0 159244.24215050612
50 60000000.0 0.5682568714118783 104.0 296.0 37.78716216216216 11185.0 159277.6039212744
51 61200000.0 0.5659198292943148 99.0 306.0 36.40196078431372 11139.0 159275.74835239814
52 62400000.0 0.5687141187827058 101.0 280.0 39.97857142857143 11194.0 159210.02326971444
53 63600000.0 0.568917339836407 100.0 271.0 41.321033210332104 11198.0 159213.52947897412
54 64800000.0 0.5725245135396027 101.0 317.0 35.548895899053626 11269.0 159205.48474747225
55 66000000.0 0.5718640451150739 104.0 291.0 38.68041237113402 11256.0 159216.3407784863
56 67200000.0 0.5700858608951888 96.0 272.0 41.25367647058823 11221.0 159210.34756166773
57 68400000.0 0.5683076766753036 106.0 271.0 41.276752767527675 11186.0 159240.5480670695
58 69600000.0 0.5696286135243611 102.0 264.0 42.46969696969697 11212.0 159175.4029273245
59 70800000.0 0.5712035766905451 96.0 310.0 36.26774193548387 11243.0 159230.68829805608
60 72000000.0 0.5716100187979475 93.0 292.0 38.53082191780822 11251.0 159187.91550898392
61 73200000.0 0.5734898135446832 98.0 288.0 39.19444444444444 11288.0 159143.7334428541
62 74400000.0 0.5725245135396027 96.0 285.0 39.540350877192985 11269.0 159141.31432331903
63 75600000.0 0.5693237819438094 97.0 298.0 37.604026845637584 11206.0 159137.68629448453
64 76800000.0 0.5707463293197175 97.0 274.0 41.0 11234.0 159142.59310707296
65 78000000.0 0.5690697556266829 106.0 290.0 38.62413793103448 11201.0 159169.36151706643
66 79200000.0 0.5742010872326373 102.0 263.0 42.97338403041825 11302.0 159199.6751705272
67 80400000.0 0.5747599451303155 100.0 299.0 37.836120401337794 11313.0 159158.28624605248
68 81600000.0 0.5754204135548443 113.0 278.0 40.7410071942446 11326.0 159186.61017343035
69 82800000.0 0.5739978661789361 98.0 273.0 41.38461538461539 11298.0 159148.08742706623
70 84000000.0 0.5758776609256719 100.0 271.0 41.82656826568266 11335.0 159143.90571103638
71 85200000.0 0.5736422293349591 103.0 283.0 39.897526501766784 11291.0 159162.67087829433
72 86400000.0 0.572930955647005 105.0 263.0 42.87832699619772 11277.0 159136.3251745802
73 87600000.0 0.5715084082710968 101.0 266.0 42.28947368421053 11249.0 159119.06823718036
74 88800000.0 0.5755220240816948 95.0 265.0 42.74716981132075 11328.0 159133.06886330163
75 90000000.0 0.575369608291419 96.0 276.0 41.03260869565217 11325.0 159099.79211593806
76 91200000.0 0.575725245135396 98.0 292.0 38.80821917808219 11332.0 159089.6045607394
77 92400000.0 0.5780622872529594 96.0 278.0 40.92805755395683 11378.0 159122.2141495858
78 93600000.0 0.5794340293654423 92.0 277.0 41.17328519855596 11405.0 159073.75893622774
79 94800000.0 0.5777574556724077 101.0 279.0 40.75985663082437 11372.0 159093.54716653452
80 96000000.0 0.5765381293502007 91.0 284.0 39.95774647887324 11348.0 159106.7287672413
81 97200000.0 0.5763857135599249 94.0 267.0 42.49063670411985 11345.0 159081.69231068515
82 98400000.0 0.5787227556774882 95.0 284.0 40.109154929577464 11391.0 159061.17247644704
83 99600000.0 0.5805517451607987 101.0 283.0 40.37809187279152 11427.0 159039.96701504558
84 100800000.0 0.5799420819996952 98.0 293.0 38.95904436860068 11415.0 159081.73145649835
85 102000000.0 0.5770969872478788 94.0 264.0 43.02651515151515 11359.0 159097.77198410837
86 103200000.0 0.5824315399075344 103.0 264.0 43.42424242424242 11464.0 159013.79686558835
87 104400000.0 0.5804501346339481 91.0 261.0 43.77394636015325 11425.0 159013.14072364455
88 105600000.0 0.5808057714779251 89.0 243.0 47.04526748971193 11432.0 159024.3796303698
89 106800000.0 0.5820250978001321 91.0 259.0 44.23166023166023 11456.0 159020.8604994495
90 108000000.0 0.5820250978001321 92.0 259.0 44.23166023166023 11456.0 159049.916875089
91 109200000.0 0.5807549662144998 89.0 272.0 42.025735294117645 11431.0 158989.75466277136
92 110400000.0 0.5864959609815577 89.0 285.0 40.50526315789474 11544.0 158971.4621586536
93 111600000.0 0.5863943504547071 83.0 296.0 38.99324324324324 11542.0 158979.970164925
94 112800000.0 0.5827871767515115 90.0 292.0 39.284246575342465 11471.0 158972.44074358197
95 114000000.0 0.5817710714830057 94.0 274.0 41.79197080291971 11451.0 158962.54730856582
96 115200000.0 0.5801453030533963 88.0 288.0 39.64930555555556 11419.0 158995.8879004126
97 116400000.0 0.5846161662348219 96.0 273.0 42.15018315018315 11507.0 159013.39219577672
98 117600000.0 0.5850734136056496 90.0 287.0 40.12543554006969 11516.0 158967.612401839
99 118800000.0 0.5843113346542702 94.0 280.0 41.075 11501.0 158977.90369174836
100 120000000.0 0.5824315399075344 91.0 296.0 38.729729729729726 11464.0 158993.70048706234
101 121200000.0 0.5851242188690748 88.0 285.0 40.410526315789475 11517.0 158967.05329499757
102 122400000.0 0.5839048925468678 88.0 258.0 44.54651162790697 11493.0 158962.58538287188
103 123600000.0 0.584463750444546 97.0 291.0 39.53264604810997 11504.0 158965.2631966646
104 124800000.0 0.5894934715236498 88.0 277.0 41.888086642599276 11603.0 158910.51117829187
105 126000000.0 0.5872072346695117 102.0 292.0 39.582191780821915 11558.0 158929.05764506376
106 127200000.0 0.5855814662399025 91.0 290.0 39.744827586206895 11526.0 158971.07060102743
107 128400000.0 0.5850734136056496 87.0 265.0 43.4566037735849 11516.0 158937.48891008258
108 129600000.0 0.5849718030787989 86.0 277.0 41.56678700361011 11514.0 158962.3627179902
109 130800000.0 0.5866483767718336 89.0 288.0 40.09375 11547.0 158918.5499389793
110 132000000.0 0.5867499872986841 90.0 250.0 46.196 11549.0 158921.6459999016
111 133200000.0 0.5808057714779251 95.0 273.0 41.875457875457876 11432.0 158943.4999939641
112 134400000.0 0.5857846872936037 99.0 314.0 36.71974522292994 11530.0 158909.32805509804
113 135600000.0 0.588121729411167 85.0 280.0 41.34285714285714 11576.0 158973.58076861638
114 136800000.0 0.5847685820250978 89.0 288.0 39.96527777777778 11510.0 158937.76648498094
115 138000000.0 0.585327439922776 92.0 278.0 41.44244604316547 11521.0 158931.298709676
116 139200000.0 0.5860895188741554 92.0 277.0 41.64620938628159 11536.0 158902.52795227437
117 140400000.0 0.5881725346745923 92.0 289.0 40.05882352941177 11577.0 158927.80266664881
118 141600000.0 0.5865975715084083 88.0 268.0 43.082089552238806 11546.0 158847.11954799463
119 142800000.0 0.5876644820403394 96.0 265.0 43.64905660377359 11567.0 158914.82088433133
120 144000000.0 0.5850734136056496 86.0 289.0 39.8477508650519 11516.0 158924.3076221945
121 145200000.0 0.586546766244983 89.0 254.0 45.45275590551181 11545.0 158938.12129454297
122 146400000.0 0.5912208504801097 91.0 286.0 40.68881118881119 11637.0 158919.66456987124
123 147600000.0 0.5886805873088452 95.0 291.0 39.81786941580756 11587.0 158904.93383278957
124 148800000.0 0.5895442767870751 81.0 276.0 42.04347826086956 11604.0 158895.33211306165
125 150000000.0 0.5889346136259717 88.0 232.0 49.96551724137931 11592.0 158866.8036251832
126 151200000.0 0.5859879083473047 89.0 292.0 39.5 11534.0 158917.0754834005
127 152400000.0 0.5887313925722705 88.0 283.0 40.946996466431095 11588.0 158885.36366879163
128 153600000.0 0.5877152873037647 88.0 263.0 43.98479087452471 11568.0 158910.63515208257
129 154800000.0 0.5878677030940406 86.0 278.0 41.62230215827338 11571.0 158863.11027732256
130 156000000.0 0.5891378346796728 93.0 283.0 40.975265017667844 11596.0 158885.52163869506
131 157200000.0 0.585683076766753 79.0 273.0 42.227106227106226 11528.0 158887.4535190515
132 158400000.0 0.5907636031092821 87.0 278.0 41.827338129496404 11628.0 158849.73037191166
133 159600000.0 0.5889346136259717 91.0 283.0 40.96113074204947 11592.0 158846.86316460048
134 160800000.0 0.5887821978356957 97.0 260.0 44.573076923076925 11589.0 158911.81127887822
135 162000000.0 0.5884265609917188 93.0 277.0 41.812274368231044 11582.0 158871.3239947
136 163200000.0 0.5891886399430981 84.0 298.0 38.91610738255034 11597.0 158869.77592082764
137 164400000.0 0.5913732662703857 83.0 271.0 42.952029520295206 11640.0 158843.71674483246
138 165600000.0 0.5911192399532592 88.0 282.0 41.258865248226954 11635.0 158869.99591996064
139 166800000.0 0.5886805873088452 100.0 278.0 41.67985611510792 11587.0 158891.96654206456
140 168000000.0 0.5915764873240867 94.0 288.0 40.43055555555556 11644.0 158823.7210091041
141 169200000.0 0.5903063557384545 93.0 288.0 40.34375 11619.0 158854.0255160195
142 170400000.0 0.5898491083676269 94.0 294.0 39.48979591836735 11610.0 158819.0546969828
143 171600000.0 0.590916018899558 87.0 284.0 40.95422535211268 11631.0 158876.6424956582
144 172800000.0 0.5899507188944775 89.0 277.0 41.92057761732852 11612.0 158905.4013634358
145 174000000.0 0.5939643347050755 91.0 290.0 40.313793103448276 11691.0 158853.1347888554
146 175200000.0 0.5938119189147996 96.0 283.0 41.30035335689046 11688.0 158819.53342042168
147 176400000.0 0.5932530610171214 98.0 277.0 42.15523465703971 11677.0 158877.33456210274
148 177600000.0 0.5910684346898338 99.0 282.0 41.255319148936174 11634.0 158843.76703427787
149 178800000.0 0.5917289031143627 100.0 294.0 39.6156462585034 11647.0 158814.97909245227
150 180000000.0 0.5903571610018798 93.0 274.0 42.40875912408759 11620.0 158810.31174395268
151 181200000.0 0.590916018899558 97.0 292.0 39.832191780821915 11631.0 158813.3978977851
152 182400000.0 0.594065945231926 82.0 284.0 41.17253521126761 11693.0 158862.32061117177
153 183600000.0 0.5916272925875121 98.0 271.0 42.97047970479705 11645.0 158803.11882452903
154 184800000.0 0.5914748767972362 87.0 273.0 42.64468864468864 11642.0 158831.59254227104
155 186000000.0 0.5913732662703857 87.0 290.0 40.13793103448276 11640.0 158860.02523928296
156 187200000.0 0.5944723873393284 80.0 280.0 41.78928571428571 11701.0 158780.40633649362
157 188400000.0 0.5929990346999949 89.0 288.0 40.52777777777778 11672.0 158824.87124241996
158 189600000.0 0.5927958136462937 94.0 282.0 41.3758865248227 11668.0 158881.64937909815
159 190800000.0 0.5919321241680638 93.0 268.0 43.473880597014926 11651.0 158873.92221297685
160 192000000.0 0.5934054768073972 89.0 309.0 37.799352750809064 11680.0 158787.0158977508
161 193200000.0 0.5905095767921557 94.0 291.0 39.94158075601374 11623.0 158783.2528330872
162 194400000.0 0.5921353452217649 102.0 288.0 40.46875 11655.0 158850.4248085255
163 195600000.0 0.592846618909719 86.0 290.0 40.237931034482756 11669.0 158806.59452517514
164 196800000.0 0.5933546715439719 91.0 273.0 42.78021978021978 11679.0 158802.9209750879
165 198000000.0 0.5933038662805467 86.0 283.0 41.265017667844525 11678.0 158808.86267482507
166 199200000.0 0.5921353452217649 86.0 270.0 43.166666666666664 11655.0 158806.63679204098
167 200400000.0 0.5951836610272824 85.0 287.0 40.818815331010455 11715.0 158803.79707412166
168 201600000.0 0.5921353452217649 87.0 292.0 39.91438356164384 11655.0 158860.90406339074
169 202800000.0 0.5905095767921557 88.0 287.0 40.498257839721255 11623.0 158844.6168037983
170 204000000.0 0.5913224610069603 99.0 285.0 40.83859649122807 11639.0 158811.07947677647
171 205200000.0 0.594065945231926 91.0 256.0 45.67578125 11693.0 158804.49598721717
172 206400000.0 0.5908652136361328 91.0 286.0 40.66433566433567 11630.0 158782.67303079195
173 207600000.0 0.5936595031245236 96.0 256.0 45.64453125 11685.0 158763.5350232493
174 208800000.0 0.5933038662805467 96.0 271.0 43.09225092250922 11678.0 158783.81508923147
175 210000000.0 0.5924401768023168 85.0 275.0 42.403636363636366 11661.0 158853.77469333925
