0 0.00030483158055174517
1200000 0.00650307371843723
2400000 0.03551287913427831
3600000 0.11725854798557131
4800000 0.21643042219173905
6000000 0.3085911700452167
7200000 0.36981151247269217
8400000 0.4095412284712696
9600000 0.43570593913529443
10800000 0.4557740181882843
12000000 0.4708123761621704
13200000 0.4859523446629071
14400000 0.49215058680079254
15600000 0.501295534217345
16800000 0.5073921658283799
18000000 0.5081034395163339
19200000 0.5157242290301275
20400000 0.5189757658893461
21600000 0.5234466290707718
22800000 0.5243103185490017
24000000 0.5286287659401514
25200000 0.5345729817609104
26400000 0.5361479449270945
27600000 0.537976934410405
28800000 0.5372656607224509
30000000 0.5413300817964741
31200000 0.540771223898796
32400000 0.545851750241325
33600000 0.5443275923385663
34800000 0.549154092363969
36000000 0.5473251028806584
37200000 0.550576639739877
38400000 0.5502210028959
39600000 0.5518467713255093
40800000 0.5513387186912564
42000000 0.5545394502870498
43200000 0.557384545038866
44400000 0.5576893766194178
45600000 0.560178834527257
46800000 0.5592643397856017
48000000 0.5589087029416248
49200000 0.5612965503226134
50400000 0.5624650713813951
51600000 0.5615505766397398
52800000 0.5620586292739927
54000000 0.5627190976985216
55200000 0.5625666819082457
56400000 0.5637352029670274
57600000 0.5668343240359701
58800000 0.5677488187776254
60000000 0.5682568714118783
61200000 0.5659198292943148
62400000 0.5687141187827058
63600000 0.568917339836407
64800000 0.5725245135396027
66000000 0.5718640451150739
67200000 0.5700858608951888
68400000 0.5683076766753036
69600000 0.5696286135243611
70800000 0.5712035766905451
72000000 0.5716100187979475
73200000 0.5734898135446832
74400000 0.5725245135396027
75600000 0.5693237819438094
76800000 0.5707463293197175
78000000 0.5690697556266829
79200000 0.5742010872326373
80400000 0.5747599451303155
81600000 0.5754204135548443
82800000 0.5739978661789361
84000000 0.5758776609256719
85200000 0.5736422293349591
86400000 0.572930955647005
87600000 0.5715084082710968
88800000 0.5755220240816948
90000000 0.575369608291419
91200000 0.575725245135396
92400000 0.5780622872529594
93600000 0.5794340293654423
94800000 0.5777574556724077
96000000 0.5765381293502007
97200000 0.5763857135599249
98400000 0.5787227556774882
99600000 0.5805517451607987
100800000 0.5799420819996952
102000000 0.5770969872478788
103200000 0.5824315399075344
104400000 0.5804501346339481
105600000 0.5808057714779251
106800000 0.5820250978001321
108000000 0.5820250978001321
109200000 0.5807549662144998
110400000 0.5864959609815577
111600000 0.5863943504547071
112800000 0.5827871767515115
114000000 0.5817710714830057
115200000 0.5801453030533963
116400000 0.5846161662348219
117600000 0.5850734136056496
118800000 0.5843113346542702
120000000 0.5824315399075344
121200000 0.5851242188690748
122400000 0.5839048925468678
123600000 0.584463750444546
124800000 0.5894934715236498
126000000 0.5872072346695117
127200000 0.5855814662399025
128400000 0.5850734136056496
129600000 0.5849718030787989
130800000 0.5866483767718336
132000000 0.5867499872986841
133200000 0.5808057714779251
134400000 0.5857846872936037
135600000 0.588121729411167
136800000 0.5847685820250978
138000000 0.585327439922776
139200000 0.5860895188741554
140400000 0.5881725346745923
141600000 0.5865975715084083
142800000 0.5876644820403394
144000000 0.5850734136056496
145200000 0.586546766244983
146400000 0.5912208504801097
147600000 0.5886805873088452
148800000 0.5895442767870751
150000000 0.5889346136259717
151200000 0.5859879083473047
152400000 0.5887313925722705
153600000 0.5877152873037647
154800000 0.5878677030940406
156000000 0.5891378346796728
157200000 0.585683076766753
158400000 0.5907636031092821
159600000 0.5889346136259717
160800000 0.5887821978356957
162000000 0.5884265609917188
163200000 0.5891886399430981
164400000 0.5913732662703857
165600000 0.5911192399532592
166800000 0.5886805873088452
168000000 0.5915764873240867
169200000 0.5903063557384545
170400000 0.5898491083676269
171600000 0.590916018899558
172800000 0.5899507188944775
174000000 0.5939643347050755
175200000 0.5938119189147996
176400000 0.5932530610171214
177600000 0.5910684346898338
178800000 0.5917289031143627
180000000 0.5903571610018798
