,time,b_0,persistence_length,persistence_length_err
0,0.0,1.2637866735458374,4.891607375002189,0.15175023119896408
1,1200000.0,1.2627248764038086,5.642361357693565,0.1512955537866479
2,2400000.0,1.262075662612915,6.09593009027808,0.15607008241367593
3,3600000.0,1.260811686515808,6.760705874047011,0.20014506459128548
4,4800000.0,1.2586756944656372,7.609157375895024,0.28466708697896226
5,6000000.0,1.257379412651062,8.30523284555771,0.38963710693555503
6,7200000.0,1.256097435951233,8.712780164183824,0.4684870406488255
7,8400000.0,1.2551099061965942,8.995255339463725,0.5203457695424135
8,9600000.0,1.2544656991958618,9.227125304500586,0.553993469252398
9,10800000.0,1.2543652057647705,9.369479722799245,0.585447552863376
10,12000000.0,1.2542386054992676,9.481124711241545,0.6100632476876654
11,13200000.0,1.2547160387039185,9.572947112068167,0.6300750691548149
12,14400000.0,1.2540568113327026,9.638553726372827,0.6402644143836114
13,15600000.0,1.2538186311721802,9.723025985785226,0.6495011162336948
14,16800000.0,1.2538321018218994,9.785911108862978,0.6583514085894335
15,18000000.0,1.2537312507629395,9.848240431556533,0.6665255166718967
16,19200000.0,1.2537586688995361,9.894761792612831,0.6732723840069051
17,20400000.0,1.2535821199417114,9.92084612077432,0.6827884861309463
18,21600000.0,1.2535079717636108,9.95449069601687,0.6854487640334266
19,22800000.0,1.2533360719680786,9.999415717314541,0.689181563268775
20,24000000.0,1.2532577514648438,10.008945103010918,0.693952741657841
21,25200000.0,1.2527912855148315,10.034419444130702,0.695844953925476
22,26400000.0,1.2529876232147217,10.062304357895076,0.7051840343275464
23,27600000.0,1.2533131837844849,10.088556473197691,0.7119010308329722
24,28800000.0,1.2533268928527832,10.113404248720641,0.7119259241182712
25,30000000.0,1.2530900239944458,10.143795468774002,0.722117610087432
26,31200000.0,1.2532365322113037,10.178592426461016,0.7190675981688212
27,32400000.0,1.2533913850784302,10.198355709514852,0.7201082913406591
28,33600000.0,1.2534421682357788,10.232309537256079,0.7230169990732076
29,34800000.0,1.2531088590621948,10.256550524208016,0.7242391929242671
30,36000000.0,1.253239631652832,10.262459883277455,0.728047385327134
31,37200000.0,1.253123164176941,10.29344162173577,0.7305874407261179
32,38400000.0,1.2533563375473022,10.291533423517905,0.7322065375244833
33,39600000.0,1.2533056735992432,10.293210547800138,0.7356631374193432
34,40800000.0,1.253699541091919,10.292661707988804,0.7387643468278284
35,42000000.0,1.2536600828170776,10.316809170346744,0.7398502056073702
36,43200000.0,1.253308653831482,10.321163157698166,0.7441103703096291
37,44400000.0,1.2534209489822388,10.329976008192723,0.7418821202387939
38,45600000.0,1.2534877061843872,10.325615392661522,0.7433176855943506
39,46800000.0,1.2531054019927979,10.326116195740706,0.7458081258738718
40,48000000.0,1.253017544746399,10.377579857713734,0.7515719313225161
41,49200000.0,1.2531002759933472,10.396506409450664,0.7527026107730836
42,50400000.0,1.2532806396484375,10.395200576726427,0.7534139740879882
43,51600000.0,1.2530677318572998,10.417402107924534,0.7543693819674319
44,52800000.0,1.2533178329467773,10.437804658005602,0.7489696690757277
45,54000000.0,1.2531344890594482,10.457973846805078,0.7527246983859419
46,55200000.0,1.2534857988357544,10.457058073713412,0.7533313593877118
47,56400000.0,1.2532846927642822,10.434789140492965,0.7547348026286362
48,57600000.0,1.253281831741333,10.45996795145625,0.7602379543187137
49,58800000.0,1.253173589706421,10.46598020422125,0.7561904365789796
50,60000000.0,1.2531501054763794,10.491850936627252,0.7586416789615323
51,61200000.0,1.2532262802124023,10.49188959324598,0.7588411142629122
52,62400000.0,1.25352144241333,10.50129936670101,0.7573350267600715
53,63600000.0,1.2535319328308105,10.499155409816309,0.7618428765015971
54,64800000.0,1.2535109519958496,10.504659207164563,0.7601057863188098
55,66000000.0,1.2533771991729736,10.514479310099055,0.7657574760754423
56,67200000.0,1.2534782886505127,10.49938888187657,0.7649601387466819
57,68400000.0,1.2539751529693604,10.526513148049974,0.7658515862606519
58,69600000.0,1.253468632698059,10.530286084648381,0.7644220232769015
59,70800000.0,1.2539857625961304,10.564342365573491,0.7647844066584754
60,72000000.0,1.2540262937545776,10.568676527152565,0.7658690422131682
61,73200000.0,1.254090666770935,10.565426422226972,0.7680673406175853
62,74400000.0,1.2540124654769897,10.590084937553128,0.7665127610867659
63,75600000.0,1.2540311813354492,10.587074851168037,0.7678032438614595
64,76800000.0,1.2542403936386108,10.598037349056876,0.7639302083389375
65,78000000.0,1.254425048828125,10.58649288405807,0.7662448737277563
66,79200000.0,1.2545995712280273,10.60052466365593,0.7646734933752697
67,80400000.0,1.2544856071472168,10.608182282784801,0.7665005450939144
68,81600000.0,1.2546863555908203,10.604432330250898,0.7693293818288199
69,82800000.0,1.2542446851730347,10.617168220336447,0.7729509072521903
70,84000000.0,1.254067063331604,10.619416458507645,0.7706732063034386
71,85200000.0,1.2541738748550415,10.622593818040666,0.7737617872054312
72,86400000.0,1.2543991804122925,10.643290257443955,0.7738698228712836
73,87600000.0,1.254151701927185,10.637686421675925,0.7745333897133061
74,88800000.0,1.2541500329971313,10.627922231475093,0.7730381848514375
75,90000000.0,1.254041314125061,10.670296348347518,0.7757386960422099
76,91200000.0,1.25386643409729,10.64524119370778,0.7779487205150102
77,92400000.0,1.2537922859191895,10.643958638361468,0.7793980555803988
78,93600000.0,1.2540875673294067,10.656369490674052,0.78016654744029
79,94800000.0,1.253926157951355,10.668018527477761,0.7757308122169531
80,96000000.0,1.2542003393173218,10.702355311907786,0.7764957792049405
81,97200000.0,1.2539353370666504,10.70180466800284,0.7803742016980016
82,98400000.0,1.253997564315796,10.7143361922587,0.7785636820189179
83,99600000.0,1.253921627998352,10.70577342454659,0.7776302535294849
84,100800000.0,1.2539948225021362,10.704319916076356,0.7798445272920649
85,102000000.0,1.254089593887329,10.708315038126276,0.7770270146590184
86,103200000.0,1.2540814876556396,10.721236608861243,0.7821668629539054
87,104400000.0,1.2541542053222656,10.71833324208036,0.7806877382645606
88,105600000.0,1.2543609142303467,10.73730533364079,0.7823126066472632
89,106800000.0,1.2542564868927002,10.718592342822694,0.7854553291163228
90,108000000.0,1.2544881105422974,10.74266466339967,0.7871123458434064
91,109200000.0,1.2543225288391113,10.745828099356615,0.7852744340872593
92,110400000.0,1.254501461982727,10.743871282817624,0.7862468130414554
93,111600000.0,1.254347324371338,10.760533630585874,0.7878425723069141
94,112800000.0,1.2542012929916382,10.751606730418153,0.7873582782802765
95,114000000.0,1.2540977001190186,10.758436984096955,0.7841601077660719
96,115200000.0,1.2543344497680664,10.757156419024943,0.7865205866993904
97,116400000.0,1.2544418573379517,10.765119411105614,0.7852833671792568
98,117600000.0,1.2542319297790527,10.768262053533286,0.783039485446597
99,118800000.0,1.2542537450790405,10.781589600668879,0.785483154169385
100,120000000.0,1.2542729377746582,10.788882789561416,0.7841684243734917
101,121200000.0,1.2542736530303955,10.787269984484961,0.7825400583219059
102,122400000.0,1.2542295455932617,10.79276264774415,0.7836111656833238
103,123600000.0,1.2540593147277832,10.796314108064903,0.7820346542988255
104,124800000.0,1.2542320489883423,10.814705178364761,0.7821227899251231
105,126000000.0,1.2543058395385742,10.821231432624247,0.783238093244771
106,127200000.0,1.254167079925537,10.819394285660286,0.7810750820376138
107,128400000.0,1.25432288646698,10.825723314797061,0.78642423301608
108,129600000.0,1.2542927265167236,10.832994251738503,0.7850506354749893
109,130800000.0,1.2542556524276733,10.854226307317727,0.7833992139979936
110,132000000.0,1.2540619373321533,10.826910958759253,0.7830404793268348
111,133200000.0,1.2541205883026123,10.85050346878707,0.783699486767263
112,134400000.0,1.2541707754135132,10.846957655153199,0.7802829398530309
113,135600000.0,1.2542117834091187,10.841608453657916,0.7826423277672307
114,136800000.0,1.2539918422698975,10.847301172572921,0.7801307787785376
115,138000000.0,1.2541548013687134,10.869169636420358,0.7774362188000772
116,139200000.0,1.2540093660354614,10.84879445282915,0.7781279186723101
117,140400000.0,1.2540082931518555,10.859911577281062,0.7800821148257596
118,141600000.0,1.2540905475616455,10.88238300514705,0.7860364786060585
119,142800000.0,1.254035234451294,10.893552074257132,0.7827141485771709
120,144000000.0,1.2540496587753296,10.875638310562785,0.7825762918224036
121,145200000.0,1.2540347576141357,10.882778366368793,0.7851425925538533
122,146400000.0,1.2538412809371948,10.88841914052325,0.7794364406026618
123,147600000.0,1.2540282011032104,10.890093519450255,0.7832567521802647
124,148800000.0,1.2539039850234985,10.88990550985061,0.779439502040317
125,150000000.0,1.2536245584487915,10.8866266839804,0.7862972889270642
126,151200000.0,1.253790259361267,10.888323098254345,0.7825768663645699
127,152400000.0,1.2538530826568604,10.880742202135366,0.7875213767890689
128,153600000.0,1.2539658546447754,10.920514176128274,0.7874788832731393
129,154800000.0,1.2537083625793457,10.901856070091506,0.7852465723642419
130,156000000.0,1.2538193464279175,10.90683257603171,0.7868591924305286
131,157200000.0,1.2540098428726196,10.91666308515202,0.7865637405067483
132,158400000.0,1.2538692951202393,10.905676589275895,0.7868056846296483
133,159600000.0,1.254044532775879,10.941473796326731,0.7866596789504544
134,160800000.0,1.2543489933013916,10.91880399688788,0.7899966213583152
135,162000000.0,1.2542985677719116,10.927207363070252,0.7886410954831888
136,163200000.0,1.2542632818222046,10.920463158999944,0.7894806522871998
137,164400000.0,1.2540074586868286,10.92115019856682,0.7888177472699824
138,165600000.0,1.2541234493255615,10.932745401836256,0.789369630444201
139,166800000.0,1.2545303106307983,10.929100056627998,0.7859086174263504
140,168000000.0,1.254104495048523,10.920971781267939,0.7912042251054217
141,169200000.0,1.2543424367904663,10.93756752494594,0.7928005085731127
142,170400000.0,1.2540639638900757,10.934050974635463,0.7903668035021326
143,171600000.0,1.2544618844985962,10.941252119862156,0.7886449359398706
144,172800000.0,1.2544807195663452,10.937474456044534,0.793783837935708
145,174000000.0,1.254561185836792,10.958767483953165,0.7947491918887929
146,175200000.0,1.254435658454895,10.967506386829022,0.7971064678409211
147,176400000.0,1.254570484161377,10.958470794605281,0.7928013733822405
148,177600000.0,1.2544735670089722,10.969151623846091,0.792150877661471
149,178800000.0,1.2548145055770874,10.997306116114938,0.789182702045301
150,180000000.0,1.2546894550323486,10.99358495410244,0.7890562553733108
151,181200000.0,1.2546474933624268,10.971761066655773,0.7926833155215753
152,182400000.0,1.2545523643493652,10.975869837898138,0.7923933726568927
153,183600000.0,1.2544350624084473,10.960688250565985,0.7929878392968286
154,184800000.0,1.254356026649475,10.980526900218354,0.7956023062908578
155,186000000.0,1.2546231746673584,10.990908077331241,0.7956446199029258
156,187200000.0,1.254497766494751,10.979160114698955,0.7919298781783409
157,188400000.0,1.254365086555481,10.989052708689977,0.792064783337083
158,189600000.0,1.254326581954956,11.003064944933334,0.7929505883854076
159,190800000.0,1.254125714302063,10.99075935829214,0.7921434140133647
160,192000000.0,1.2544302940368652,10.998741612145135,0.7937243819787845
161,193200000.0,1.2543163299560547,11.006263748598998,0.7951947079174152
162,194400000.0,1.254237174987793,11.011641038409133,0.7915028125868865
163,195600000.0,1.2545605897903442,10.991808598795863,0.7959523659086477
164,196800000.0,1.254472255706787,11.001343193592579,0.7952650243615326
165,198000000.0,1.2547687292099,11.018916275305404,0.7950158028486696
166,199200000.0,1.2546802759170532,11.014074479022087,0.7952356919414858
167,200400000.0,1.2546701431274414,11.017299345322908,0.7928045003309191
168,201600000.0,1.2545409202575684,11.021728295571402,0.7913443956257926
169,202800000.0,1.2545568943023682,11.014593542648011,0.7892371734010983
170,204000000.0,1.2545769214630127,11.021732570355336,0.7908833490267501
171,205200000.0,1.254676342010498,11.033745932841345,0.7920098951384964
172,206400000.0,1.2546696662902832,11.024943911769,0.7930636472923762
173,207600000.0,1.2548189163208008,11.045146102236314,0.7903720713694204
174,208800000.0,1.2547451257705688,11.021042260242444,0.7943162038738488
175,210000000.0,1.2548097372055054,11.037131145816762,0.7979758561106699
