0.0 0.000361744163397056
1200000.0 0.009934051256365307
2400000.0 0.04677630297465008
3600000.0 0.11456159390043688
4800000.0 0.19244789492723377
6000000.0 0.2558644294181484
7200000.0 0.299802432033837
8400000.0 0.332776803851184
9600000.0 0.3545092801291148
10800000.0 0.3732086707293319
12000000.0 0.38497926927678994
13200000.0 0.39730639730639733
14400000.0 0.4086874252163508
15600000.0 0.41355705818515737
16800000.0 0.4215432562540001
18000000.0 0.4256059214736901
19200000.0 0.4319225310960848
20400000.0 0.4361799816345271
21600000.0 0.4374599994434705
22800000.0 0.4441661797033698
24000000.0 0.4483123243453822
25200000.0 0.44939755683557336
26400000.0 0.4527367337284693
27600000.0 0.45407240448562763
28800000.0 0.4565489606811921
30000000.0 0.45827420207585495
31200000.0 0.46024988173748504
32400000.0 0.46016640231516265
33600000.0 0.46383949689734816
34800000.0 0.4660656148259454
36000000.0 0.46781868269471577
37200000.0 0.47107438016528924
38400000.0 0.46993349472688317
39600000.0 0.4719926538108356
40800000.0 0.47271614213762975
42000000.0 0.4735787628349612
43200000.0 0.4775579486323288
44400000.0 0.4765840220385675
45600000.0 0.47750229568411384
46800000.0 0.4797562400868186
