0.0 1.0
1200000.0 1.4691358024691359
2400000.0 3.3552894211576847
3600000.0 7.978682170542636
4800000.0 15.26710816777042
6000000.0 24.19736842105263
7200000.0 35.09446254071661
8400000.0 40.402027027027025
9600000.0 49.57198443579767
10800000.0 55.88333333333333
12000000.0 62.04035874439462
13200000.0 68.64423076923077
14400000.0 78.96236559139786
15600000.0 75.8265306122449
16800000.0 84.63128491620111
18000000.0 77.24747474747475
19200000.0 94.64634146341463
20400000.0 100.48076923076923
21600000.0 106.22297297297297
22800000.0 98.53086419753086
24000000.0 108.85810810810811
25200000.0 104.87012987012987
26400000.0 112.98611111111111
27600000.0 113.31944444444444
28800000.0 110.11409395973155
30000000.0 110.53020134228188
31200000.0 108.10457516339869
32400000.0 110.24666666666667
33600000.0 127.2442748091603
34800000.0 122.25547445255475
36000000.0 124.53333333333333
37200000.0 120.92142857142858
38400000.0 146.8521739130435
39600000.0 135.696
40800000.0 126.77611940298507
42000000.0 150.61061946902655
43200000.0 141.83471074380165
44400000.0 142.725
45600000.0 154.59459459459458
46800000.0 156.73636363636365
