0.0 0.0005843559562567827
1200000.0 0.01291148398586415
2400000.0 0.04527367337284693
3600000.0 0.10165010991457273
4800000.0 0.15560564320894898
6000000.0 0.20074018421125858
7200000.0 0.23435456493307733
8400000.0 0.258229679717283
9600000.0 0.2761777555165985
10800000.0 0.29390321952305426
12000000.0 0.30545120627765254
13200000.0 0.3145226368366864
14400000.0 0.3226757937501739
15600000.0 0.32746194729665806
16800000.0 0.33283245679939893
18000000.0 0.33864818988785933
19200000.0 0.3432952110638061
20400000.0 0.34838745582547237
21600000.0 0.3518379386147981
22800000.0 0.3521440298299802
24000000.0 0.35757019228093606
25200000.0 0.3602971867434677
26400000.0 0.36338592536939646
27600000.0 0.3654729109274564
28800000.0 0.3660294404096057
30000000.0 0.3697860144141136
31200000.0 0.37028689094804795
32400000.0 0.36959122909536135
33600000.0 0.3705929821632301
34800000.0 0.3749895650722097
36000000.0 0.3769374182597323
37200000.0 0.3786626596543952
38400000.0 0.38036007457495064
39600000.0 0.38055485989370286
40800000.0 0.38044355399727303
42000000.0 0.3807774716865626
43200000.0 0.38264184545176283
44400000.0 0.3853131869660795
45600000.0 0.3878175696357515
46800000.0 0.38653755182680805
48000000.0 0.3881793137991485
49200000.0 0.38650972535270056
50400000.0 0.3899880346161338
51600000.0 0.3896819434009517
52800000.0 0.39238111138937587
54000000.0 0.3918802348554415
55200000.0 0.3924367643375908
56400000.0 0.39449592342154327
57600000.0 0.3937167821465342
58800000.0 0.39538637059298215
