1.000000000000000000e+00 1.000000000000000000e+00
2.000000000000000000e+00 8.619193434715270996e-01
3.000000000000000000e+00 7.571340203285217285e-01
4.000000000000000000e+00 6.683076024055480957e-01
5.000000000000000000e+00 5.899121165275573730e-01
6.000000000000000000e+00 5.185464024543762207e-01
7.000000000000000000e+00 4.525907635688781738e-01
8.000000000000000000e+00 3.915861845016479492e-01
9.000000000000000000e+00 3.343653976917266846e-01
1.000000000000000000e+01 2.801047563552856445e-01
1.100000000000000000e+01 2.286840826272964478e-01
1.200000000000000000e+01 1.799790710210800171e-01
1.300000000000000000e+01 1.337379962205886841e-01
1.400000000000000000e+01 9.007630497217178345e-02
1.500000000000000000e+01 4.897726327180862427e-02
1.600000000000000000e+01 1.054521370679140091e-02
1.700000000000000000e+01 -2.462477609515190125e-02
1.800000000000000000e+01 -5.671691149473190308e-02
1.900000000000000000e+01 -8.596905320882797241e-02
2.000000000000000000e+01 -1.119135767221450806e-01
2.100000000000000000e+01 -1.348760724067687988e-01
2.200000000000000000e+01 -1.546734720468521118e-01
2.300000000000000000e+01 -1.710411310195922852e-01
2.400000000000000000e+01 -1.838513165712356567e-01
2.500000000000000000e+01 -1.935409903526306152e-01
2.600000000000000000e+01 -2.000804394483566284e-01
2.700000000000000000e+01 -2.033139616250991821e-01
2.800000000000000000e+01 -2.036129832267761230e-01
2.900000000000000000e+01 -2.017022371292114258e-01
3.000000000000000000e+01 -1.979752182960510254e-01
3.100000000000000000e+01 -1.924295276403427124e-01
3.200000000000000000e+01 -1.858031749725341797e-01
3.300000000000000000e+01 -1.774794012308120728e-01
3.400000000000000000e+01 -1.681889593601226807e-01
3.500000000000000000e+01 -1.581888794898986816e-01
3.600000000000000000e+01 -1.476336121559143066e-01
3.700000000000000000e+01 -1.364783048629760742e-01
3.800000000000000000e+01 -1.248519495129585266e-01
3.900000000000000000e+01 -1.126071140170097351e-01
4.000000000000000000e+01 -1.006624847650527954e-01
4.100000000000000000e+01 -8.925933390855789185e-02
4.200000000000000000e+01 -7.731901109218597412e-02
4.300000000000000000e+01 -6.572014093399047852e-02
4.400000000000000000e+01 -5.402420833706855774e-02
4.500000000000000000e+01 -4.255536943674087524e-02
4.600000000000000000e+01 -3.162839636206626892e-02
4.700000000000000000e+01 -2.169163338840007782e-02
4.800000000000000000e+01 -1.223160512745380402e-02
4.900000000000000000e+01 -3.453135723248124123e-03
5.000000000000000000e+01 4.711422603577375412e-03
5.100000000000000000e+01 1.179450098425149918e-02
5.200000000000000000e+01 1.856616884469985962e-02
5.300000000000000000e+01 2.447857521474361420e-02
5.400000000000000000e+01 2.943675220012664795e-02
5.500000000000000000e+01 3.438350185751914978e-02
5.600000000000000000e+01 3.867913782596588135e-02
5.700000000000000000e+01 4.202523082494735718e-02
5.800000000000000000e+01 4.451208561658859253e-02
5.900000000000000000e+01 4.665125161409378052e-02
6.000000000000000000e+01 4.822595790028572083e-02
6.100000000000000000e+01 4.884115979075431824e-02
6.200000000000000000e+01 4.942354932427406311e-02
6.300000000000000000e+01 4.934047162532806396e-02
6.400000000000000000e+01 4.910243302583694458e-02
6.500000000000000000e+01 4.798751696944236755e-02
6.600000000000000000e+01 4.634903743863105774e-02
6.700000000000000000e+01 4.434197768568992615e-02
6.800000000000000000e+01 4.251817241311073303e-02
6.900000000000000000e+01 4.037063196301460266e-02
7.000000000000000000e+01 3.774959221482276917e-02
7.100000000000000000e+01 3.463546559214591980e-02
7.200000000000000000e+01 3.154515475034713745e-02
7.300000000000000000e+01 2.833000384271144867e-02
7.400000000000000000e+01 2.548329904675483704e-02
7.500000000000000000e+01 2.215209417045116425e-02
7.600000000000000000e+01 1.827087067067623138e-02
7.700000000000000000e+01 1.506532635539770126e-02
7.800000000000000000e+01 1.172300335019826889e-02
7.900000000000000000e+01 8.614604361355304718e-03
8.000000000000000000e+01 6.494689732789993286e-03
8.100000000000000000e+01 3.945505712181329727e-03
8.200000000000000000e+01 7.000360637903213501e-04
8.300000000000000000e+01 -2.043691929429769516e-03
8.400000000000000000e+01 -5.026455037295818329e-03
8.500000000000000000e+01 -7.988769561052322388e-03
8.600000000000000000e+01 -9.911292232573032379e-03
8.700000000000000000e+01 -1.191174052655696869e-02
8.800000000000000000e+01 -1.363301184028387070e-02
8.900000000000000000e+01 -1.557637006044387817e-02
9.000000000000000000e+01 -1.618873514235019684e-02
9.100000000000000000e+01 -1.752581447362899780e-02
9.200000000000000000e+01 -1.832137815654277802e-02
9.300000000000000000e+01 -1.977896690368652344e-02
9.400000000000000000e+01 -1.954972930252552032e-02
9.500000000000000000e+01 -1.980317011475563049e-02
9.600000000000000000e+01 -1.929321326315402985e-02
9.700000000000000000e+01 -1.946711726486682892e-02
9.800000000000000000e+01 -1.688788272440433502e-02
9.900000000000000000e+01 -1.735998131334781647e-02
