1.000000000000000000e+00 1.000000000000000000e+00
2.000000000000000000e+00 8.818226456642150879e-01
3.000000000000000000e+00 7.908878326416015625e-01
4.000000000000000000e+00 7.128828763961791992e-01
5.000000000000000000e+00 6.420238614082336426e-01
6.000000000000000000e+00 5.762040615081787109e-01
7.000000000000000000e+00 5.139561891555786133e-01
8.000000000000000000e+00 4.546597301959991455e-01
9.000000000000000000e+00 3.974675536155700684e-01
1.000000000000000000e+01 3.423180282115936279e-01
1.100000000000000000e+01 2.892204821109771729e-01
1.200000000000000000e+01 2.376235425472259521e-01
1.300000000000000000e+01 1.878742277622222900e-01
1.400000000000000000e+01 1.398317515850067139e-01
1.500000000000000000e+01 9.361785650253295898e-02
1.600000000000000000e+01 4.962436482310295105e-02
1.700000000000000000e+01 7.727005984634160995e-03
1.800000000000000000e+01 -3.190094605088233948e-02
1.900000000000000000e+01 -6.849867105484008789e-02
2.000000000000000000e+01 -1.020772457122802734e-01
2.100000000000000000e+01 -1.320854872465133667e-01
2.200000000000000000e+01 -1.587301194667816162e-01
2.300000000000000000e+01 -1.819204390048980713e-01
2.400000000000000000e+01 -2.018259763717651367e-01
2.500000000000000000e+01 -2.181498855352401733e-01
2.600000000000000000e+01 -2.307567894458770752e-01
2.700000000000000000e+01 -2.404259890317916870e-01
2.800000000000000000e+01 -2.467828243970870972e-01
2.900000000000000000e+01 -2.501785457134246826e-01
3.000000000000000000e+01 -2.508347630500793457e-01
3.100000000000000000e+01 -2.487893104553222656e-01
3.200000000000000000e+01 -2.447449415922164917e-01
3.300000000000000000e+01 -2.383726686239242554e-01
3.400000000000000000e+01 -2.301190346479415894e-01
3.500000000000000000e+01 -2.203273624181747437e-01
3.600000000000000000e+01 -2.097740620374679565e-01
3.700000000000000000e+01 -1.982637047767639160e-01
3.800000000000000000e+01 -1.858798712491989136e-01
3.900000000000000000e+01 -1.729451268911361694e-01
4.000000000000000000e+01 -1.596126854419708252e-01
4.100000000000000000e+01 -1.458955556154251099e-01
4.200000000000000000e+01 -1.319567412137985229e-01
4.300000000000000000e+01 -1.180771067738533020e-01
4.400000000000000000e+01 -1.040592193603515625e-01
4.500000000000000000e+01 -8.992750197649002075e-02
4.600000000000000000e+01 -7.638657093048095703e-02
4.700000000000000000e+01 -6.307130306959152222e-02
4.800000000000000000e+01 -5.006428807973861694e-02
4.900000000000000000e+01 -3.772844374179840088e-02
5.000000000000000000e+01 -2.598610892891883850e-02
5.100000000000000000e+01 -1.490071788430213928e-02
5.200000000000000000e+01 -4.831598140299320221e-03
5.300000000000000000e+01 4.536725580692291260e-03
5.400000000000000000e+01 1.350371353328227997e-02
5.500000000000000000e+01 2.169987373054027557e-02
5.600000000000000000e+01 2.939564362168312073e-02
5.700000000000000000e+01 3.648139908909797668e-02
5.800000000000000000e+01 4.284397140145301819e-02
5.900000000000000000e+01 4.831954836845397949e-02
6.000000000000000000e+01 5.294754728674888611e-02
6.100000000000000000e+01 5.717334151268005371e-02
6.200000000000000000e+01 6.082126870751380920e-02
6.300000000000000000e+01 6.385090202093124390e-02
6.400000000000000000e+01 6.613016128540039062e-02
6.500000000000000000e+01 6.759397685527801514e-02
6.600000000000000000e+01 6.815033406019210815e-02
6.700000000000000000e+01 6.819085776805877686e-02
6.800000000000000000e+01 6.734012067317962646e-02
6.900000000000000000e+01 6.627693772315979004e-02
7.000000000000000000e+01 6.442510336637496948e-02
7.100000000000000000e+01 6.180416792631149292e-02
7.200000000000000000e+01 5.896605178713798523e-02
7.300000000000000000e+01 5.538981035351753235e-02
7.400000000000000000e+01 5.209182947874069214e-02
7.500000000000000000e+01 4.862569645047187805e-02
7.600000000000000000e+01 4.516104608774185181e-02
7.700000000000000000e+01 4.136548563838005066e-02
7.800000000000000000e+01 3.715837374329566956e-02
7.900000000000000000e+01 3.383171558380126953e-02
8.000000000000000000e+01 3.088321536779403687e-02
8.100000000000000000e+01 2.809449471533298492e-02
8.200000000000000000e+01 2.572795189917087555e-02
8.300000000000000000e+01 2.298058383166790009e-02
8.400000000000000000e+01 2.031708508729934692e-02
8.500000000000000000e+01 1.772384159266948700e-02
8.600000000000000000e+01 1.503989845514297485e-02
8.700000000000000000e+01 1.197208091616630554e-02
8.800000000000000000e+01 8.635264821350574493e-03
8.900000000000000000e+01 5.013537127524614334e-03
9.000000000000000000e+01 1.555753289721906185e-03
9.100000000000000000e+01 -1.860120333731174469e-03
9.200000000000000000e+01 -4.279843997210264206e-03
9.300000000000000000e+01 -5.755954422056674957e-03
9.400000000000000000e+01 -7.860188372433185577e-03
9.500000000000000000e+01 -1.009461283683776855e-02
9.600000000000000000e+01 -1.257304381579160690e-02
9.700000000000000000e+01 -1.701867207884788513e-02
9.800000000000000000e+01 -2.139406092464923859e-02
9.900000000000000000e+01 -2.477315440773963928e-02
