1.000000000000000000e+00 1.000000000000000000e+00
2.000000000000000000e+00 8.849182724952697754e-01
3.000000000000000000e+00 7.958583235740661621e-01
4.000000000000000000e+00 7.191100120544433594e-01
5.000000000000000000e+00 6.496095657348632812e-01
6.000000000000000000e+00 5.845499038696289062e-01
7.000000000000000000e+00 5.230379104614257812e-01
8.000000000000000000e+00 4.642923772335052490e-01
9.000000000000000000e+00 4.076922535896301270e-01
1.000000000000000000e+01 3.528894782066345215e-01
1.100000000000000000e+01 2.998197972774505615e-01
1.200000000000000000e+01 2.483792901039123535e-01
1.300000000000000000e+01 1.983418464660644531e-01
1.400000000000000000e+01 1.499626487493515015e-01
1.500000000000000000e+01 1.032457575201988220e-01
1.600000000000000000e+01 5.816563963890075684e-02
1.700000000000000000e+01 1.538225077092647552e-02
1.800000000000000000e+01 -2.497829310595989227e-02
1.900000000000000000e+01 -6.279931217432022095e-02
2.000000000000000000e+01 -9.754266589879989624e-02
2.100000000000000000e+01 -1.291148066520690918e-01
2.200000000000000000e+01 -1.578092277050018311e-01
2.300000000000000000e+01 -1.832955628633499146e-01
2.400000000000000000e+01 -2.047403007745742798e-01
2.500000000000000000e+01 -2.224514633417129517e-01
2.600000000000000000e+01 -2.365732192993164062e-01
2.700000000000000000e+01 -2.469762414693832397e-01
2.800000000000000000e+01 -2.541848123073577881e-01
2.900000000000000000e+01 -2.585093080997467041e-01
3.000000000000000000e+01 -2.600818574428558350e-01
3.100000000000000000e+01 -2.588857710361480713e-01
3.200000000000000000e+01 -2.552071213722229004e-01
3.300000000000000000e+01 -2.489837110042572021e-01
3.400000000000000000e+01 -2.409939169883728027e-01
3.500000000000000000e+01 -2.316672503948211670e-01
3.600000000000000000e+01 -2.208196371793746948e-01
3.700000000000000000e+01 -2.087316066026687622e-01
3.800000000000000000e+01 -1.958503425121307373e-01
3.900000000000000000e+01 -1.821739077568054199e-01
4.000000000000000000e+01 -1.679349839687347412e-01
4.100000000000000000e+01 -1.534497439861297607e-01
4.200000000000000000e+01 -1.388038247823715210e-01
4.300000000000000000e+01 -1.241726651787757874e-01
4.400000000000000000e+01 -1.095767617225646973e-01
4.500000000000000000e+01 -9.538020938634872437e-02
4.600000000000000000e+01 -8.154334872961044312e-02
4.700000000000000000e+01 -6.790806353092193604e-02
4.800000000000000000e+01 -5.498659610748291016e-02
4.900000000000000000e+01 -4.272165521979331970e-02
5.000000000000000000e+01 -3.062491118907928467e-02
5.100000000000000000e+01 -1.868666894733905792e-02
5.200000000000000000e+01 -7.647286169230937958e-03
5.300000000000000000e+01 2.787820063531398773e-03
5.400000000000000000e+01 1.234790403395891190e-02
5.500000000000000000e+01 2.163027040660381317e-02
5.600000000000000000e+01 3.033414855599403381e-02
5.700000000000000000e+01 3.779363632202148438e-02
5.800000000000000000e+01 4.457604512572288513e-02
5.900000000000000000e+01 5.038220435380935669e-02
6.000000000000000000e+01 5.534205958247184753e-02
6.100000000000000000e+01 5.941468849778175354e-02
6.200000000000000000e+01 6.327942758798599243e-02
6.300000000000000000e+01 6.678311526775360107e-02
6.400000000000000000e+01 6.935283541679382324e-02
6.500000000000000000e+01 7.097861915826797485e-02
6.600000000000000000e+01 7.162111997604370117e-02
6.700000000000000000e+01 7.192715257406234741e-02
6.800000000000000000e+01 7.171802967786788940e-02
6.900000000000000000e+01 7.070572674274444580e-02
7.000000000000000000e+01 6.921160966157913208e-02
7.100000000000000000e+01 6.707420945167541504e-02
7.200000000000000000e+01 6.404916197061538696e-02
7.300000000000000000e+01 6.051650270819664001e-02
7.400000000000000000e+01 5.677095428109169006e-02
7.500000000000000000e+01 5.306909978389739990e-02
7.600000000000000000e+01 4.914329200983047485e-02
7.700000000000000000e+01 4.499884322285652161e-02
7.800000000000000000e+01 4.133165627717971802e-02
7.900000000000000000e+01 3.771522268652915955e-02
8.000000000000000000e+01 3.431031852960586548e-02
8.100000000000000000e+01 3.106016851961612701e-02
8.200000000000000000e+01 2.809201367199420929e-02
8.300000000000000000e+01 2.540447004139423370e-02
8.400000000000000000e+01 2.312523312866687775e-02
8.500000000000000000e+01 2.083085663616657257e-02
8.600000000000000000e+01 1.814209483563899994e-02
8.700000000000000000e+01 1.472579687833786011e-02
8.800000000000000000e+01 1.080700475722551346e-02
8.900000000000000000e+01 7.365891709923744202e-03
9.000000000000000000e+01 4.968602210283279419e-03
9.100000000000000000e+01 2.373254159465432167e-03
9.200000000000000000e+01 3.959717869292944670e-04
9.300000000000000000e+01 -8.049776661209762096e-04
9.400000000000000000e+01 -3.073589876294136047e-03
9.500000000000000000e+01 -4.571004305034875870e-03
9.600000000000000000e+01 -5.310621112585067749e-03
9.700000000000000000e+01 -7.738782092928886414e-03
9.800000000000000000e+01 -1.020968984812498093e-02
9.900000000000000000e+01 -8.385297842323780060e-03
