1.000000000000000000e+00 1.000000000000000000e+00
2.000000000000000000e+00 8.833922147750854492e-01
3.000000000000000000e+00 7.935145497322082520e-01
4.000000000000000000e+00 7.159475088119506836e-01
5.000000000000000000e+00 6.458598971366882324e-01
6.000000000000000000e+00 5.804069638252258301e-01
7.000000000000000000e+00 5.184624195098876953e-01
8.000000000000000000e+00 4.593887627124786377e-01
9.000000000000000000e+00 4.023624360561370850e-01
1.000000000000000000e+01 3.474044799804687500e-01
1.100000000000000000e+01 2.942968308925628662e-01
1.200000000000000000e+01 2.428411245346069336e-01
1.300000000000000000e+01 1.928718984127044678e-01
1.400000000000000000e+01 1.445520073175430298e-01
1.500000000000000000e+01 9.810252487659454346e-02
1.600000000000000000e+01 5.375455692410469055e-02
1.700000000000000000e+01 1.151048019528388977e-02
1.800000000000000000e+01 -2.827080897986888885e-02
1.900000000000000000e+01 -6.539290398359298706e-02
2.000000000000000000e+01 -9.974689781665802002e-02
2.100000000000000000e+01 -1.308826804161071777e-01
2.200000000000000000e+01 -1.586744189262390137e-01
2.300000000000000000e+01 -1.829226016998291016e-01
2.400000000000000000e+01 -2.035873234272003174e-01
2.500000000000000000e+01 -2.206435948610305786e-01
2.600000000000000000e+01 -2.341988682746887207e-01
2.700000000000000000e+01 -2.445615679025650024e-01
2.800000000000000000e+01 -2.514734864234924316e-01
2.900000000000000000e+01 -2.556694447994232178e-01
3.000000000000000000e+01 -2.568236589431762695e-01
3.100000000000000000e+01 -2.552232742309570312e-01
3.200000000000000000e+01 -2.516024112701416016e-01
3.300000000000000000e+01 -2.455528229475021362e-01
3.400000000000000000e+01 -2.376275360584259033e-01
3.500000000000000000e+01 -2.282538115978240967e-01
3.600000000000000000e+01 -2.177663594484329224e-01
3.700000000000000000e+01 -2.060562521219253540e-01
3.800000000000000000e+01 -1.933138370513916016e-01
3.900000000000000000e+01 -1.797925680875778198e-01
4.000000000000000000e+01 -1.655924916267395020e-01
4.100000000000000000e+01 -1.508382260799407959e-01
4.200000000000000000e+01 -1.359081417322158813e-01
4.300000000000000000e+01 -1.210035756230354309e-01
4.400000000000000000e+01 -1.059513837099075317e-01
4.500000000000000000e+01 -9.150531888008117676e-02
4.600000000000000000e+01 -7.749781757593154907e-02
4.700000000000000000e+01 -6.387816369533538818e-02
4.800000000000000000e+01 -5.090323090553283691e-02
4.900000000000000000e+01 -3.857241570949554443e-02
5.000000000000000000e+01 -2.697833254933357239e-02
5.100000000000000000e+01 -1.569988951086997986e-02
5.200000000000000000e+01 -5.105882883071899414e-03
5.300000000000000000e+01 4.897063132375478745e-03
5.400000000000000000e+01 1.426548697054386139e-02
5.500000000000000000e+01 2.279740385711193085e-02
5.600000000000000000e+01 3.095086477696895599e-02
5.700000000000000000e+01 3.858067840337753296e-02
5.800000000000000000e+01 4.529915377497673035e-02
5.900000000000000000e+01 5.138016864657402039e-02
6.000000000000000000e+01 5.643444880843162537e-02
6.100000000000000000e+01 6.027664989233016968e-02
6.200000000000000000e+01 6.337729096412658691e-02
6.300000000000000000e+01 6.568805873394012451e-02
6.400000000000000000e+01 6.751608848571777344e-02
6.500000000000000000e+01 6.894897669553756714e-02
6.600000000000000000e+01 6.998753547668457031e-02
6.700000000000000000e+01 6.997147947549819946e-02
6.800000000000000000e+01 6.914634257555007935e-02
6.900000000000000000e+01 6.769256293773651123e-02
7.000000000000000000e+01 6.570319086313247681e-02
7.100000000000000000e+01 6.299717724323272705e-02
7.200000000000000000e+01 5.983309447765350342e-02
7.300000000000000000e+01 5.640539154410362244e-02
7.400000000000000000e+01 5.315056815743446350e-02
7.500000000000000000e+01 4.936036095023155212e-02
7.600000000000000000e+01 4.563263803720474243e-02
7.700000000000000000e+01 4.158646985888481140e-02
7.800000000000000000e+01 3.713865950703620911e-02
7.900000000000000000e+01 3.301081061363220215e-02
8.000000000000000000e+01 2.964664995670318604e-02
8.100000000000000000e+01 2.663339488208293915e-02
8.200000000000000000e+01 2.407080680131912231e-02
8.300000000000000000e+01 2.110637724399566650e-02
8.400000000000000000e+01 1.856338046491146088e-02
8.500000000000000000e+01 1.523369178175926208e-02
8.600000000000000000e+01 1.202460937201976776e-02
8.700000000000000000e+01 8.830727078020572662e-03
8.800000000000000000e+01 5.922886542975902557e-03
8.900000000000000000e+01 3.170755458995699883e-03
9.000000000000000000e+01 -1.970060402527451515e-04
9.100000000000000000e+01 -2.809922676533460617e-03
9.200000000000000000e+01 -5.944391246885061264e-03
9.300000000000000000e+01 -8.493500761687755585e-03
9.400000000000000000e+01 -1.055922359228134155e-02
9.500000000000000000e+01 -1.285148598253726959e-02
9.600000000000000000e+01 -1.370005402714014053e-02
9.700000000000000000e+01 -1.588864438235759735e-02
9.800000000000000000e+01 -1.641115359961986542e-02
9.900000000000000000e+01 -1.449762191623449326e-02
