1.000000000000000000e+00 1.000000000000000000e+00
2.000000000000000000e+00 8.810986280441284180e-01
3.000000000000000000e+00 7.891434431076049805e-01
4.000000000000000000e+00 7.103288769721984863e-01
5.000000000000000000e+00 6.392510533332824707e-01
6.000000000000000000e+00 5.730175971984863281e-01
7.000000000000000000e+00 5.102454423904418945e-01
8.000000000000000000e+00 4.505530595779418945e-01
9.000000000000000000e+00 3.935597836971282959e-01
1.000000000000000000e+01 3.386990725994110107e-01
1.100000000000000000e+01 2.856453359127044678e-01
1.200000000000000000e+01 2.340502440929412842e-01
1.300000000000000000e+01 1.842477023601531982e-01
1.400000000000000000e+01 1.363239884376525879e-01
1.500000000000000000e+01 9.026250243186950684e-02
1.600000000000000000e+01 4.653549939393997192e-02
1.700000000000000000e+01 5.148612428456544876e-03
1.800000000000000000e+01 -3.352729976177215576e-02
1.900000000000000000e+01 -6.954817473888397217e-02
2.000000000000000000e+01 -1.026338264346122742e-01
2.100000000000000000e+01 -1.327984184026718140e-01
2.200000000000000000e+01 -1.594893932342529297e-01
2.300000000000000000e+01 -1.825446933507919312e-01
2.400000000000000000e+01 -2.022440135478973389e-01
2.500000000000000000e+01 -2.182749807834625244e-01
2.600000000000000000e+01 -2.307059019804000854e-01
2.700000000000000000e+01 -2.400213181972503662e-01
2.800000000000000000e+01 -2.462772279977798462e-01
2.900000000000000000e+01 -2.494786530733108521e-01
3.000000000000000000e+01 -2.499096840620040894e-01
3.100000000000000000e+01 -2.474318891763687134e-01
3.200000000000000000e+01 -2.425898760557174683e-01
3.300000000000000000e+01 -2.357631325721740723e-01
3.400000000000000000e+01 -2.274670302867889404e-01
3.500000000000000000e+01 -2.175665497779846191e-01
3.600000000000000000e+01 -2.066759169101715088e-01
3.700000000000000000e+01 -1.945782452821731567e-01
3.800000000000000000e+01 -1.822653412818908691e-01
3.900000000000000000e+01 -1.691432297229766846e-01
4.000000000000000000e+01 -1.557523459196090698e-01
4.100000000000000000e+01 -1.416774541139602661e-01
4.200000000000000000e+01 -1.272358298301696777e-01
4.300000000000000000e+01 -1.126244515180587769e-01
4.400000000000000000e+01 -9.835360944271087646e-02
4.500000000000000000e+01 -8.444837480783462524e-02
4.600000000000000000e+01 -7.142222672700881958e-02
4.700000000000000000e+01 -5.826288461685180664e-02
4.800000000000000000e+01 -4.600086808204650879e-02
4.900000000000000000e+01 -3.433907777070999146e-02
5.000000000000000000e+01 -2.296696975827217102e-02
5.100000000000000000e+01 -1.207086350768804550e-02
5.200000000000000000e+01 -1.852244255132973194e-03
5.300000000000000000e+01 7.470385637134313583e-03
5.400000000000000000e+01 1.611755043268203735e-02
5.500000000000000000e+01 2.389719523489475250e-02
5.600000000000000000e+01 3.108290210366249084e-02
5.700000000000000000e+01 3.738718479871749878e-02
5.800000000000000000e+01 4.263759031891822815e-02
5.900000000000000000e+01 4.738525301218032837e-02
6.000000000000000000e+01 5.174218118190765381e-02
6.100000000000000000e+01 5.531465262174606323e-02
6.200000000000000000e+01 5.876772105693817139e-02
6.300000000000000000e+01 6.129221618175506592e-02
6.400000000000000000e+01 6.299490481615066528e-02
6.500000000000000000e+01 6.410861015319824219e-02
6.600000000000000000e+01 6.496290862560272217e-02
6.700000000000000000e+01 6.495090574026107788e-02
6.800000000000000000e+01 6.400319933891296387e-02
6.900000000000000000e+01 6.222435832023620605e-02
7.000000000000000000e+01 6.030477210879325867e-02
7.100000000000000000e+01 5.753845721483230591e-02
7.200000000000000000e+01 5.457143858075141907e-02
7.300000000000000000e+01 5.113800242543220520e-02
7.400000000000000000e+01 4.747248068451881409e-02
7.500000000000000000e+01 4.373998194932937622e-02
7.600000000000000000e+01 4.002687707543373108e-02
7.700000000000000000e+01 3.683615103363990784e-02
7.800000000000000000e+01 3.388012573122978210e-02
7.900000000000000000e+01 3.108037821948528290e-02
8.000000000000000000e+01 2.781477011740207672e-02
8.100000000000000000e+01 2.503938786685466766e-02
8.200000000000000000e+01 2.248220518231391907e-02
8.300000000000000000e+01 1.957582309842109680e-02
8.400000000000000000e+01 1.716132089495658875e-02
8.500000000000000000e+01 1.451268512755632401e-02
8.600000000000000000e+01 1.299568079411983490e-02
8.700000000000000000e+01 1.090218964964151382e-02
8.800000000000000000e+01 8.722450584173202515e-03
8.900000000000000000e+01 6.960744038224220276e-03
9.000000000000000000e+01 4.872474819421768188e-03
9.100000000000000000e+01 2.294288016855716705e-03
9.200000000000000000e+01 -2.410254528513178229e-04
9.300000000000000000e+01 -2.687085187062621117e-03
9.400000000000000000e+01 -4.175024572759866714e-03
9.500000000000000000e+01 -7.021733094006776810e-03
9.600000000000000000e+01 -1.013504620641469955e-02
9.700000000000000000e+01 -1.242547482252120972e-02
9.800000000000000000e+01 -1.329480111598968506e-02
9.900000000000000000e+01 -1.589155942201614380e-02
