1.000000000000000000e+00 1.000000000000000000e+00
2.000000000000000000e+00 8.837786912918090820e-01
3.000000000000000000e+00 7.943089604377746582e-01
4.000000000000000000e+00 7.173801064491271973e-01
5.000000000000000000e+00 6.475040316581726074e-01
6.000000000000000000e+00 5.821280479431152344e-01
7.000000000000000000e+00 5.203901529312133789e-01
8.000000000000000000e+00 4.615218341350555420e-01
9.000000000000000000e+00 4.050504267215728760e-01
1.000000000000000000e+01 3.504138290882110596e-01
1.100000000000000000e+01 2.973054051399230957e-01
1.200000000000000000e+01 2.457114458084106445e-01
1.300000000000000000e+01 1.955694854259490967e-01
1.400000000000000000e+01 1.470264047384262085e-01
1.500000000000000000e+01 1.004021838307380676e-01
1.600000000000000000e+01 5.572345107793807983e-02
1.700000000000000000e+01 1.319638919085264206e-02
1.800000000000000000e+01 -2.689872309565544128e-02
1.900000000000000000e+01 -6.422515213489532471e-02
2.000000000000000000e+01 -9.858220070600509644e-02
2.100000000000000000e+01 -1.299395114183425903e-01
2.200000000000000000e+01 -1.581302732229232788e-01
2.300000000000000000e+01 -1.828514933586120605e-01
2.400000000000000000e+01 -2.039569169282913208e-01
2.500000000000000000e+01 -2.215727269649505615e-01
2.600000000000000000e+01 -2.356517612934112549e-01
2.700000000000000000e+01 -2.463002800941467285e-01
2.800000000000000000e+01 -2.531644105911254883e-01
2.900000000000000000e+01 -2.571513056755065918e-01
3.000000000000000000e+01 -2.581396996974945068e-01
3.100000000000000000e+01 -2.567611932754516602e-01
3.200000000000000000e+01 -2.529094219207763672e-01
3.300000000000000000e+01 -2.469883114099502563e-01
3.400000000000000000e+01 -2.394115626811981201e-01
3.500000000000000000e+01 -2.303443551063537598e-01
3.600000000000000000e+01 -2.196965217590332031e-01
3.700000000000000000e+01 -2.077536433935165405e-01
3.800000000000000000e+01 -1.948609203100204468e-01
3.900000000000000000e+01 -1.812077462673187256e-01
4.000000000000000000e+01 -1.671254336833953857e-01
4.100000000000000000e+01 -1.525524258613586426e-01
4.200000000000000000e+01 -1.377599984407424927e-01
4.300000000000000000e+01 -1.232277825474739075e-01
4.400000000000000000e+01 -1.084154769778251648e-01
4.500000000000000000e+01 -9.424039721488952637e-02
4.600000000000000000e+01 -8.010403066873550415e-02
4.700000000000000000e+01 -6.590305268764495850e-02
4.800000000000000000e+01 -5.245848372578620911e-02
4.900000000000000000e+01 -3.984889388084411621e-02
5.000000000000000000e+01 -2.817274443805217743e-02
5.100000000000000000e+01 -1.699451729655265808e-02
5.200000000000000000e+01 -6.478887051343917847e-03
5.300000000000000000e+01 3.660583402961492538e-03
5.400000000000000000e+01 1.278717070817947388e-02
5.500000000000000000e+01 2.137365937232971191e-02
5.600000000000000000e+01 2.925663627684116364e-02
5.700000000000000000e+01 3.626206144690513611e-02
5.800000000000000000e+01 4.281870648264884949e-02
5.900000000000000000e+01 4.881954565644264221e-02
6.000000000000000000e+01 5.386085063219070435e-02
6.100000000000000000e+01 5.842424929141998291e-02
6.200000000000000000e+01 6.238716840744018555e-02
6.300000000000000000e+01 6.546396762132644653e-02
6.400000000000000000e+01 6.715502589941024780e-02
6.500000000000000000e+01 6.837017834186553955e-02
6.600000000000000000e+01 6.906928122043609619e-02
6.700000000000000000e+01 6.919123977422714233e-02
6.800000000000000000e+01 6.849532574415206909e-02
6.900000000000000000e+01 6.752686947584152222e-02
7.000000000000000000e+01 6.570938974618911743e-02
7.100000000000000000e+01 6.328780204057693481e-02
7.200000000000000000e+01 6.032448634505271912e-02
7.300000000000000000e+01 5.678741261363029480e-02
7.400000000000000000e+01 5.318770557641983032e-02
7.500000000000000000e+01 4.934201762080192566e-02
7.600000000000000000e+01 4.539212957024574280e-02
7.700000000000000000e+01 4.176311939954757690e-02
7.800000000000000000e+01 3.882436454296112061e-02
7.900000000000000000e+01 3.592489659786224365e-02
8.000000000000000000e+01 3.293391689658164978e-02
8.100000000000000000e+01 2.993503585457801819e-02
8.200000000000000000e+01 2.755916491150856018e-02
8.300000000000000000e+01 2.443411573767662048e-02
8.400000000000000000e+01 2.170373126864433289e-02
8.500000000000000000e+01 1.891923137009143829e-02
8.600000000000000000e+01 1.602500304579734802e-02
8.700000000000000000e+01 1.292126812040805817e-02
8.800000000000000000e+01 9.923866949975490570e-03
8.900000000000000000e+01 6.979086436331272125e-03
9.000000000000000000e+01 3.695832798257470131e-03
9.100000000000000000e+01 5.442916299216449261e-04
9.200000000000000000e+01 -3.212205367162823677e-03
9.300000000000000000e+01 -5.740323569625616074e-03
9.400000000000000000e+01 -7.990838028490543365e-03
9.500000000000000000e+01 -1.020832918584346771e-02
9.600000000000000000e+01 -1.116947736591100693e-02
9.700000000000000000e+01 -1.221966277807950974e-02
9.800000000000000000e+01 -1.410950068384408951e-02
9.900000000000000000e+01 -1.741867139935493469e-02
