1.000000000000000000e+00 1.000000000000000000e+00
2.000000000000000000e+00 8.659186959266662598e-01
3.000000000000000000e+00 7.640965580940246582e-01
4.000000000000000000e+00 6.779876947402954102e-01
5.000000000000000000e+00 6.014857292175292969e-01
6.000000000000000000e+00 5.315865874290466309e-01
7.000000000000000000e+00 4.668830335140228271e-01
8.000000000000000000e+00 4.062232077121734619e-01
9.000000000000000000e+00 3.487786650657653809e-01
1.000000000000000000e+01 2.943336665630340576e-01
1.100000000000000000e+01 2.421091496944427490e-01
1.200000000000000000e+01 1.926693022251129150e-01
1.300000000000000000e+01 1.455959975719451904e-01
1.400000000000000000e+01 1.008655652403831482e-01
1.500000000000000000e+01 5.867170915007591248e-02
1.600000000000000000e+01 1.926739513874053955e-02
1.700000000000000000e+01 -1.775052398443222046e-02
1.800000000000000000e+01 -5.191705748438835144e-02
1.900000000000000000e+01 -8.307838439941406250e-02
2.000000000000000000e+01 -1.106084436178207397e-01
2.100000000000000000e+01 -1.349947750568389893e-01
2.200000000000000000e+01 -1.559186577796936035e-01
2.300000000000000000e+01 -1.733775436878204346e-01
2.400000000000000000e+01 -1.873725652694702148e-01
2.500000000000000000e+01 -1.984016448259353638e-01
2.600000000000000000e+01 -2.061183303594589233e-01
2.700000000000000000e+01 -2.112587541341781616e-01
2.800000000000000000e+01 -2.135563790798187256e-01
2.900000000000000000e+01 -2.136787027120590210e-01
3.000000000000000000e+01 -2.113744765520095825e-01
3.100000000000000000e+01 -2.068901509046554565e-01
3.200000000000000000e+01 -2.008297890424728394e-01
3.300000000000000000e+01 -1.932720541954040527e-01
3.400000000000000000e+01 -1.843748390674591064e-01
3.500000000000000000e+01 -1.746730506420135498e-01
3.600000000000000000e+01 -1.638282686471939087e-01
3.700000000000000000e+01 -1.523344218730926514e-01
3.800000000000000000e+01 -1.407066285610198975e-01
3.900000000000000000e+01 -1.284834444522857666e-01
4.000000000000000000e+01 -1.156850978732109070e-01
4.100000000000000000e+01 -1.028206944465637207e-01
4.200000000000000000e+01 -9.051075577735900879e-02
4.300000000000000000e+01 -7.829078286886215210e-02
4.400000000000000000e+01 -6.624646484851837158e-02
4.500000000000000000e+01 -5.451926961541175842e-02
4.600000000000000000e+01 -4.307096451520919800e-02
4.700000000000000000e+01 -3.165331110358238220e-02
4.800000000000000000e+01 -2.046437375247478485e-02
4.900000000000000000e+01 -9.928118437528610229e-03
5.000000000000000000e+01 -6.186869577504694462e-04
5.100000000000000000e+01 7.773197256028652191e-03
5.200000000000000000e+01 1.563714444637298584e-02
5.300000000000000000e+01 2.259364537894725800e-02
5.400000000000000000e+01 2.892587706446647644e-02
5.500000000000000000e+01 3.475071489810943604e-02
5.600000000000000000e+01 3.976597636938095093e-02
5.700000000000000000e+01 4.390840977430343628e-02
5.800000000000000000e+01 4.744303971529006958e-02
5.900000000000000000e+01 5.003240704536437988e-02
6.000000000000000000e+01 5.155393853783607483e-02
6.100000000000000000e+01 5.246320739388465881e-02
6.200000000000000000e+01 5.269931256771087646e-02
6.300000000000000000e+01 5.245225131511688232e-02
6.400000000000000000e+01 5.143479257822036743e-02
6.500000000000000000e+01 5.085777118802070618e-02
6.600000000000000000e+01 4.973027482628822327e-02
6.700000000000000000e+01 4.822839796543121338e-02
6.800000000000000000e+01 4.619008675217628479e-02
6.900000000000000000e+01 4.378760233521461487e-02
7.000000000000000000e+01 4.123843461275100708e-02
7.100000000000000000e+01 3.865770250558853149e-02
7.200000000000000000e+01 3.595270961523056030e-02
7.300000000000000000e+01 3.275164589285850525e-02
7.400000000000000000e+01 2.978353574872016907e-02
7.500000000000000000e+01 2.643109858036041260e-02
7.600000000000000000e+01 2.298905886709690094e-02
7.700000000000000000e+01 1.980623789131641388e-02
7.800000000000000000e+01 1.712763682007789612e-02
7.900000000000000000e+01 1.469177659600973129e-02
8.000000000000000000e+01 1.211448013782501221e-02
8.100000000000000000e+01 9.705329313874244690e-03
8.200000000000000000e+01 7.405422627925872803e-03
8.300000000000000000e+01 5.450195632874965668e-03
8.400000000000000000e+01 3.278356511145830154e-03
8.500000000000000000e+01 9.690382285043597221e-04
8.600000000000000000e+01 -1.253695576451718807e-03
8.700000000000000000e+01 -3.271204419434070587e-03
8.800000000000000000e+01 -4.925411194562911987e-03
8.900000000000000000e+01 -7.082807365804910660e-03
9.000000000000000000e+01 -9.719129651784896851e-03
9.100000000000000000e+01 -1.280961278825998306e-02
9.200000000000000000e+01 -1.544925477355718613e-02
9.300000000000000000e+01 -1.767767034471035004e-02
9.400000000000000000e+01 -1.869738847017288208e-02
9.500000000000000000e+01 -2.026709914207458496e-02
9.600000000000000000e+01 -2.084223181009292603e-02
9.700000000000000000e+01 -2.116806060075759888e-02
9.800000000000000000e+01 -2.274387702345848083e-02
9.900000000000000000e+01 -2.133055031299591064e-02
