1.000000000000000000e+00 1.000000000000000000e+00
2.000000000000000000e+00 8.805172443389892578e-01
3.000000000000000000e+00 7.885808348655700684e-01
4.000000000000000000e+00 7.093692421913146973e-01
5.000000000000000000e+00 6.377089023590087891e-01
6.000000000000000000e+00 5.713858604431152344e-01
7.000000000000000000e+00 5.085530281066894531e-01
8.000000000000000000e+00 4.487815797328948975e-01
9.000000000000000000e+00 3.917404413223266602e-01
1.000000000000000000e+01 3.366272449493408203e-01
1.100000000000000000e+01 2.833688855171203613e-01
1.200000000000000000e+01 2.319158762693405151e-01
1.300000000000000000e+01 1.825025379657745361e-01
1.400000000000000000e+01 1.350720226764678955e-01
1.500000000000000000e+01 8.946625888347625732e-02
1.600000000000000000e+01 4.562990739941596985e-02
1.700000000000000000e+01 4.187584389001131058e-03
1.800000000000000000e+01 -3.468928858637809753e-02
1.900000000000000000e+01 -7.063910365104675293e-02
2.000000000000000000e+01 -1.036173105239868164e-01
2.100000000000000000e+01 -1.334426552057266235e-01
2.200000000000000000e+01 -1.599636524915695190e-01
2.300000000000000000e+01 -1.828817874193191528e-01
2.400000000000000000e+01 -2.023644745349884033e-01
2.500000000000000000e+01 -2.183069139719009399e-01
2.600000000000000000e+01 -2.305531501770019531e-01
2.700000000000000000e+01 -2.394631356000900269e-01
2.800000000000000000e+01 -2.452858388423919678e-01
2.900000000000000000e+01 -2.482768744230270386e-01
3.000000000000000000e+01 -2.486374229192733765e-01
3.100000000000000000e+01 -2.462972402572631836e-01
3.200000000000000000e+01 -2.416646927595138550e-01
3.300000000000000000e+01 -2.348010390996932983e-01
3.400000000000000000e+01 -2.264617234468460083e-01
3.500000000000000000e+01 -2.169772684574127197e-01
3.600000000000000000e+01 -2.061183452606201172e-01
3.700000000000000000e+01 -1.941465884447097778e-01
3.800000000000000000e+01 -1.813376545906066895e-01
3.900000000000000000e+01 -1.682294011116027832e-01
4.000000000000000000e+01 -1.543088108301162720e-01
4.100000000000000000e+01 -1.401198953390121460e-01
4.200000000000000000e+01 -1.257340013980865479e-01
4.300000000000000000e+01 -1.112409085035324097e-01
4.400000000000000000e+01 -9.685000777244567871e-02
4.500000000000000000e+01 -8.283773809671401978e-02
4.600000000000000000e+01 -6.924475729465484619e-02
4.700000000000000000e+01 -5.633269622921943665e-02
4.800000000000000000e+01 -4.350669682025909424e-02
4.900000000000000000e+01 -3.133992478251457214e-02
5.000000000000000000e+01 -1.998362317681312561e-02
5.100000000000000000e+01 -9.519883431494235992e-03
5.200000000000000000e+01 2.759913331829011440e-04
5.300000000000000000e+01 9.536068886518478394e-03
5.400000000000000000e+01 1.777596026659011841e-02
5.500000000000000000e+01 2.554184570908546448e-02
5.600000000000000000e+01 3.290753811597824097e-02
5.700000000000000000e+01 3.947481885552406311e-02
5.800000000000000000e+01 4.557251185178756714e-02
5.900000000000000000e+01 5.096200853586196899e-02
6.000000000000000000e+01 5.535205826163291931e-02
6.100000000000000000e+01 5.890144780278205872e-02
6.200000000000000000e+01 6.158479303121566772e-02
6.300000000000000000e+01 6.333865970373153687e-02
6.400000000000000000e+01 6.440443545579910278e-02
6.500000000000000000e+01 6.500066071748733521e-02
6.600000000000000000e+01 6.510968506336212158e-02
6.700000000000000000e+01 6.463365256786346436e-02
6.800000000000000000e+01 6.295476108789443970e-02
6.900000000000000000e+01 6.074574962258338928e-02
7.000000000000000000e+01 5.862826108932495117e-02
7.100000000000000000e+01 5.559538677334785461e-02
7.200000000000000000e+01 5.251373350620269775e-02
7.300000000000000000e+01 4.932402446866035461e-02
7.400000000000000000e+01 4.590457305312156677e-02
7.500000000000000000e+01 4.212580621242523193e-02
7.600000000000000000e+01 3.857250884175300598e-02
7.700000000000000000e+01 3.455947712063789368e-02
7.800000000000000000e+01 3.072405792772769928e-02
7.900000000000000000e+01 2.701511979103088379e-02
8.000000000000000000e+01 2.325079590082168579e-02
8.100000000000000000e+01 1.901641301810741425e-02
8.200000000000000000e+01 1.581540517508983612e-02
8.300000000000000000e+01 1.299066934734582901e-02
8.400000000000000000e+01 1.054569520056247711e-02
8.500000000000000000e+01 8.064771071076393127e-03
8.600000000000000000e+01 5.845633335411548615e-03
8.700000000000000000e+01 3.345800563693046570e-03
8.800000000000000000e+01 1.225710380822420120e-03
8.900000000000000000e+01 -9.194068843498826027e-04
9.000000000000000000e+01 -3.002561861649155617e-03
9.100000000000000000e+01 -4.960960242897272110e-03
9.200000000000000000e+01 -6.700765807181596756e-03
9.300000000000000000e+01 -8.239860646426677704e-03
9.400000000000000000e+01 -9.185499511659145355e-03
9.500000000000000000e+01 -9.564186446368694305e-03
9.600000000000000000e+01 -9.462327696382999420e-03
9.700000000000000000e+01 -8.085038512945175171e-03
9.800000000000000000e+01 -7.939519360661506653e-03
9.900000000000000000e+01 -1.011391635984182358e-02
