1.000000000000000000e+00 1.000000000000000000e+00
2.000000000000000000e+00 8.843994736671447754e-01
3.000000000000000000e+00 7.954667210578918457e-01
4.000000000000000000e+00 7.188726663589477539e-01
5.000000000000000000e+00 6.492527723312377930e-01
6.000000000000000000e+00 5.842396020889282227e-01
7.000000000000000000e+00 5.224790573120117188e-01
8.000000000000000000e+00 4.634990692138671875e-01
9.000000000000000000e+00 4.069201946258544922e-01
1.000000000000000000e+01 3.523157536983489990e-01
1.100000000000000000e+01 2.994611561298370361e-01
1.200000000000000000e+01 2.480902373790740967e-01
1.300000000000000000e+01 1.981732845306396484e-01
1.400000000000000000e+01 1.499925553798675537e-01
1.500000000000000000e+01 1.033210828900337219e-01
1.600000000000000000e+01 5.851250886917114258e-02
1.700000000000000000e+01 1.576736010611057281e-02
1.800000000000000000e+01 -2.460304647684097290e-02
1.900000000000000000e+01 -6.235462427139282227e-02
2.000000000000000000e+01 -9.708237648010253906e-02
2.100000000000000000e+01 -1.290293782949447632e-01
2.200000000000000000e+01 -1.574336886405944824e-01
2.300000000000000000e+01 -1.822049915790557861e-01
2.400000000000000000e+01 -2.037123441696166992e-01
2.500000000000000000e+01 -2.214575558900833130e-01
2.600000000000000000e+01 -2.356258779764175415e-01
2.700000000000000000e+01 -2.467692345380783081e-01
2.800000000000000000e+01 -2.544444203376770020e-01
2.900000000000000000e+01 -2.588498294353485107e-01
3.000000000000000000e+01 -2.601902186870574951e-01
3.100000000000000000e+01 -2.590993046760559082e-01
3.200000000000000000e+01 -2.554861009120941162e-01
3.300000000000000000e+01 -2.497324496507644653e-01
3.400000000000000000e+01 -2.419299334287643433e-01
3.500000000000000000e+01 -2.325539141893386841e-01
3.600000000000000000e+01 -2.220300287008285522e-01
3.700000000000000000e+01 -2.098818570375442505e-01
3.800000000000000000e+01 -1.971208751201629639e-01
3.900000000000000000e+01 -1.834535598754882812e-01
4.000000000000000000e+01 -1.691740453243255615e-01
4.100000000000000000e+01 -1.544524580240249634e-01
4.200000000000000000e+01 -1.400655359029769897e-01
4.300000000000000000e+01 -1.255741864442825317e-01
4.400000000000000000e+01 -1.108379140496253967e-01
4.500000000000000000e+01 -9.630709141492843628e-02
4.600000000000000000e+01 -8.183236420154571533e-02
4.700000000000000000e+01 -6.815066933631896973e-02
4.800000000000000000e+01 -5.479164049029350281e-02
4.900000000000000000e+01 -4.201103374361991882e-02
5.000000000000000000e+01 -2.941452898085117340e-02
5.100000000000000000e+01 -1.794373244047164917e-02
5.200000000000000000e+01 -6.930327042937278748e-03
5.300000000000000000e+01 3.266647923737764359e-03
5.400000000000000000e+01 1.304991357028484344e-02
5.500000000000000000e+01 2.204005606472492218e-02
5.600000000000000000e+01 3.010085597634315491e-02
5.700000000000000000e+01 3.743289038538932800e-02
5.800000000000000000e+01 4.386210814118385315e-02
5.900000000000000000e+01 4.996520280838012695e-02
6.000000000000000000e+01 5.522531643509864807e-02
6.100000000000000000e+01 5.934729427099227905e-02
6.200000000000000000e+01 6.309225410223007202e-02
6.300000000000000000e+01 6.631939858198165894e-02
6.400000000000000000e+01 6.876403838396072388e-02
6.500000000000000000e+01 7.039058953523635864e-02
6.600000000000000000e+01 7.137438654899597168e-02
6.700000000000000000e+01 7.189933955669403076e-02
6.800000000000000000e+01 7.141949236392974854e-02
6.900000000000000000e+01 7.030102610588073730e-02
7.000000000000000000e+01 6.908287107944488525e-02
7.100000000000000000e+01 6.719003617763519287e-02
7.200000000000000000e+01 6.454607099294662476e-02
7.300000000000000000e+01 6.135269254446029663e-02
7.400000000000000000e+01 5.819274112582206726e-02
7.500000000000000000e+01 5.528403818607330322e-02
7.600000000000000000e+01 5.171909928321838379e-02
7.700000000000000000e+01 4.760076478123664856e-02
7.800000000000000000e+01 4.350171610713005066e-02
7.900000000000000000e+01 3.965245187282562256e-02
8.000000000000000000e+01 3.664189577102661133e-02
8.100000000000000000e+01 3.317741677165031433e-02
8.200000000000000000e+01 3.026464208960533142e-02
8.300000000000000000e+01 2.761129848659038544e-02
8.400000000000000000e+01 2.468978986144065857e-02
8.500000000000000000e+01 2.186537161469459534e-02
8.600000000000000000e+01 1.876186206936836243e-02
8.700000000000000000e+01 1.534210424870252609e-02
8.800000000000000000e+01 1.175135839730501175e-02
8.900000000000000000e+01 8.599874563515186310e-03
9.000000000000000000e+01 4.828131292015314102e-03
9.100000000000000000e+01 1.943851704709231853e-03
9.200000000000000000e+01 -7.337718270719051361e-04
9.300000000000000000e+01 -3.225188702344894409e-03
9.400000000000000000e+01 -5.967511329799890518e-03
9.500000000000000000e+01 -8.840757422149181366e-03
9.600000000000000000e+01 -1.031003799289464951e-02
9.700000000000000000e+01 -1.152466796338558197e-02
9.800000000000000000e+01 -1.430820114910602570e-02
9.900000000000000000e+01 -1.495251804590225220e-02
