1.000000000000000000e+00 1.000000000000000000e+00
2.000000000000000000e+00 8.857209086418151855e-01
3.000000000000000000e+00 7.973225116729736328e-01
4.000000000000000000e+00 7.208548784255981445e-01
5.000000000000000000e+00 6.514316201210021973e-01
6.000000000000000000e+00 5.865754485130310059e-01
7.000000000000000000e+00 5.250909924507141113e-01
8.000000000000000000e+00 4.663614630699157715e-01
9.000000000000000000e+00 4.097270369529724121e-01
1.000000000000000000e+01 3.553182482719421387e-01
1.100000000000000000e+01 3.023873567581176758e-01
1.200000000000000000e+01 2.508949637413024902e-01
1.300000000000000000e+01 2.007587105035781860e-01
1.400000000000000000e+01 1.518815159797668457e-01
1.500000000000000000e+01 1.053412556648254395e-01
1.600000000000000000e+01 6.072992831468582153e-02
1.700000000000000000e+01 1.828037202358245850e-02
1.800000000000000000e+01 -2.225710451602935791e-02
1.900000000000000000e+01 -6.006257981061935425e-02
2.000000000000000000e+01 -9.499947726726531982e-02
2.100000000000000000e+01 -1.268502622842788696e-01
2.200000000000000000e+01 -1.554308980703353882e-01
2.300000000000000000e+01 -1.806534081697463989e-01
2.400000000000000000e+01 -2.022536098957061768e-01
2.500000000000000000e+01 -2.201449275016784668e-01
2.600000000000000000e+01 -2.347811162471771240e-01
2.700000000000000000e+01 -2.458390146493911743e-01
2.800000000000000000e+01 -2.537243664264678955e-01
2.900000000000000000e+01 -2.585693001747131348e-01
3.000000000000000000e+01 -2.606005668640136719e-01
3.100000000000000000e+01 -2.597713470458984375e-01
3.200000000000000000e+01 -2.567893862724304199e-01
3.300000000000000000e+01 -2.518227100372314453e-01
3.400000000000000000e+01 -2.446734309196472168e-01
3.500000000000000000e+01 -2.358138561248779297e-01
3.600000000000000000e+01 -2.253757566213607788e-01
3.700000000000000000e+01 -2.137986272573471069e-01
3.800000000000000000e+01 -2.012463957071304321e-01
3.900000000000000000e+01 -1.878305971622467041e-01
4.000000000000000000e+01 -1.739226430654525757e-01
4.100000000000000000e+01 -1.596756279468536377e-01
4.200000000000000000e+01 -1.450121998786926270e-01
4.300000000000000000e+01 -1.303456276655197144e-01
4.400000000000000000e+01 -1.156603917479515076e-01
4.500000000000000000e+01 -1.012907028198242188e-01
4.600000000000000000e+01 -8.714736998081207275e-02
4.700000000000000000e+01 -7.326559722423553467e-02
4.800000000000000000e+01 -6.005318090319633484e-02
4.900000000000000000e+01 -4.726348817348480225e-02
5.000000000000000000e+01 -3.509473428130149841e-02
5.100000000000000000e+01 -2.334718778729438782e-02
5.200000000000000000e+01 -1.226899679750204086e-02
5.300000000000000000e+01 -1.649601850658655167e-03
5.400000000000000000e+01 8.617009967565536499e-03
5.500000000000000000e+01 1.816725917160511017e-02
5.600000000000000000e+01 2.676578052341938019e-02
5.700000000000000000e+01 3.490482643246650696e-02
5.800000000000000000e+01 4.263225570321083069e-02
5.900000000000000000e+01 4.992138966917991638e-02
6.000000000000000000e+01 5.617987737059593201e-02
6.100000000000000000e+01 6.125919148325920105e-02
6.200000000000000000e+01 6.549988687038421631e-02
6.300000000000000000e+01 6.903728842735290527e-02
6.400000000000000000e+01 7.196005433797836304e-02
6.500000000000000000e+01 7.402272522449493408e-02
6.600000000000000000e+01 7.510856539011001587e-02
6.700000000000000000e+01 7.566434890031814575e-02
6.800000000000000000e+01 7.593286037445068359e-02
6.900000000000000000e+01 7.550398260354995728e-02
7.000000000000000000e+01 7.394165545701980591e-02
7.100000000000000000e+01 7.191867381334304810e-02
7.200000000000000000e+01 6.940375268459320068e-02
7.300000000000000000e+01 6.613299995660781860e-02
7.400000000000000000e+01 6.268966197967529297e-02
7.500000000000000000e+01 5.905066058039665222e-02
7.600000000000000000e+01 5.493222922086715698e-02
7.700000000000000000e+01 5.089292675256729126e-02
7.800000000000000000e+01 4.671826586127281189e-02
7.900000000000000000e+01 4.314484074711799622e-02
8.000000000000000000e+01 3.901432454586029053e-02
8.100000000000000000e+01 3.540436550974845886e-02
8.200000000000000000e+01 3.242992609739303589e-02
8.300000000000000000e+01 2.904067933559417725e-02
8.400000000000000000e+01 2.584787644445896149e-02
8.500000000000000000e+01 2.280747704207897186e-02
8.600000000000000000e+01 1.942851394414901733e-02
8.700000000000000000e+01 1.612144894897937775e-02
8.800000000000000000e+01 1.273124851286411285e-02
8.900000000000000000e+01 9.365174919366836548e-03
9.000000000000000000e+01 6.015167105942964554e-03
9.100000000000000000e+01 2.093304647132754326e-03
9.200000000000000000e+01 -1.491113449446856976e-03
9.300000000000000000e+01 -4.492416046559810638e-03
9.400000000000000000e+01 -6.573081947863101959e-03
9.500000000000000000e+01 -8.545733988285064697e-03
9.600000000000000000e+01 -9.399901144206523895e-03
9.700000000000000000e+01 -1.210670825093984604e-02
9.800000000000000000e+01 -1.436929870396852493e-02
9.900000000000000000e+01 -1.513757370412349701e-02
