1.000000000000000000e+00 1.000000000000000000e+00
2.000000000000000000e+00 8.862379789352416992e-01
3.000000000000000000e+00 7.983112335205078125e-01
4.000000000000000000e+00 7.225903272628784180e-01
5.000000000000000000e+00 6.537064313888549805e-01
6.000000000000000000e+00 5.893524289131164551e-01
7.000000000000000000e+00 5.281334519386291504e-01
8.000000000000000000e+00 4.697220921516418457e-01
9.000000000000000000e+00 4.135441780090332031e-01
1.000000000000000000e+01 3.591830432415008545e-01
1.100000000000000000e+01 3.063370883464813232e-01
1.200000000000000000e+01 2.550703287124633789e-01
1.300000000000000000e+01 2.052857130765914917e-01
1.400000000000000000e+01 1.568513065576553345e-01
1.500000000000000000e+01 1.097921729087829590e-01
1.600000000000000000e+01 6.468681991100311279e-02
1.700000000000000000e+01 2.146129123866558075e-02
1.800000000000000000e+01 -1.979001611471176147e-02
1.900000000000000000e+01 -5.821128189563751221e-02
2.000000000000000000e+01 -9.366045892238616943e-02
2.100000000000000000e+01 -1.261162906885147095e-01
2.200000000000000000e+01 -1.552705764770507812e-01
2.300000000000000000e+01 -1.807458996772766113e-01
2.400000000000000000e+01 -2.026785761117935181e-01
2.500000000000000000e+01 -2.210403680801391602e-01
2.600000000000000000e+01 -2.358324229717254639e-01
2.700000000000000000e+01 -2.473039180040359497e-01
2.800000000000000000e+01 -2.555420398712158203e-01
2.900000000000000000e+01 -2.607614099979400635e-01
3.000000000000000000e+01 -2.630662918090820312e-01
3.100000000000000000e+01 -2.629159688949584961e-01
3.200000000000000000e+01 -2.601451575756072998e-01
3.300000000000000000e+01 -2.552401125431060791e-01
3.400000000000000000e+01 -2.485034614801406860e-01
3.500000000000000000e+01 -2.398215532302856445e-01
3.600000000000000000e+01 -2.298144102096557617e-01
3.700000000000000000e+01 -2.181490063667297363e-01
3.800000000000000000e+01 -2.058555632829666138e-01
3.900000000000000000e+01 -1.928137838840484619e-01
4.000000000000000000e+01 -1.787516772747039795e-01
4.100000000000000000e+01 -1.642945259809494019e-01
4.200000000000000000e+01 -1.496300548315048218e-01
4.300000000000000000e+01 -1.348694264888763428e-01
4.400000000000000000e+01 -1.201808750629425049e-01
4.500000000000000000e+01 -1.055727824568748474e-01
4.600000000000000000e+01 -9.093046188354492188e-02
4.700000000000000000e+01 -7.704256474971771240e-02
4.800000000000000000e+01 -6.338875740766525269e-02
4.900000000000000000e+01 -4.983973875641822815e-02
5.000000000000000000e+01 -3.667120262980461121e-02
5.100000000000000000e+01 -2.409176528453826904e-02
5.200000000000000000e+01 -1.233728695660829544e-02
5.300000000000000000e+01 -1.353505183942615986e-03
5.400000000000000000e+01 9.335442446172237396e-03
5.500000000000000000e+01 1.939117349684238434e-02
5.600000000000000000e+01 2.850841544568538666e-02
5.700000000000000000e+01 3.703856468200683594e-02
5.800000000000000000e+01 4.507606849074363708e-02
5.900000000000000000e+01 5.198708549141883850e-02
6.000000000000000000e+01 5.834203585982322693e-02
6.100000000000000000e+01 6.417675316333770752e-02
6.200000000000000000e+01 6.904302537441253662e-02
6.300000000000000000e+01 7.304979115724563599e-02
6.400000000000000000e+01 7.631835341453552246e-02
6.500000000000000000e+01 7.833623141050338745e-02
6.600000000000000000e+01 8.001881837844848633e-02
6.700000000000000000e+01 8.029179275035858154e-02
6.800000000000000000e+01 7.961782068014144897e-02
6.900000000000000000e+01 7.812150567770004272e-02
7.000000000000000000e+01 7.592932134866714478e-02
7.100000000000000000e+01 7.352428138256072998e-02
7.200000000000000000e+01 7.093743979930877686e-02
7.300000000000000000e+01 6.753733009099960327e-02
7.400000000000000000e+01 6.360161304473876953e-02
7.500000000000000000e+01 5.960667505860328674e-02
7.600000000000000000e+01 5.581048503518104553e-02
7.700000000000000000e+01 5.189741775393486023e-02
7.800000000000000000e+01 4.780009388923645020e-02
7.900000000000000000e+01 4.434100911021232605e-02
8.000000000000000000e+01 4.048387333750724792e-02
8.100000000000000000e+01 3.683293238282203674e-02
8.200000000000000000e+01 3.353687375783920288e-02
8.300000000000000000e+01 3.043605759739875793e-02
8.400000000000000000e+01 2.745944820344448090e-02
8.500000000000000000e+01 2.458403818309307098e-02
8.600000000000000000e+01 2.144621312618255615e-02
8.700000000000000000e+01 1.830563507974147797e-02
8.800000000000000000e+01 1.525852549821138382e-02
8.900000000000000000e+01 1.211709901690483093e-02
9.000000000000000000e+01 9.006164968013763428e-03
9.100000000000000000e+01 5.836534779518842697e-03
9.200000000000000000e+01 3.273971844464540482e-03
9.300000000000000000e+01 1.190653885714709759e-03
9.400000000000000000e+01 -2.454920671880245209e-03
9.500000000000000000e+01 -7.716040592640638351e-03
9.600000000000000000e+01 -1.220860332250595093e-02
9.700000000000000000e+01 -1.601697690784931183e-02
9.800000000000000000e+01 -1.846051216125488281e-02
9.900000000000000000e+01 -2.074294351041316986e-02
