1.000000000000000000e+00 1.000000000000000000e+00
2.000000000000000000e+00 8.848086595535278320e-01
3.000000000000000000e+00 7.957630753517150879e-01
4.000000000000000000e+00 7.193931341171264648e-01
5.000000000000000000e+00 6.501373648643493652e-01
6.000000000000000000e+00 5.849265456199645996e-01
7.000000000000000000e+00 5.233722925186157227e-01
8.000000000000000000e+00 4.646022021770477295e-01
9.000000000000000000e+00 4.081197977066040039e-01
1.000000000000000000e+01 3.534247279167175293e-01
1.100000000000000000e+01 3.003547787666320801e-01
1.200000000000000000e+01 2.488247752189636230e-01
1.300000000000000000e+01 1.988988220691680908e-01
1.400000000000000000e+01 1.504293978214263916e-01
1.500000000000000000e+01 1.036867275834083557e-01
1.600000000000000000e+01 5.899059027433395386e-02
1.700000000000000000e+01 1.637275889515876770e-02
1.800000000000000000e+01 -2.409071847796440125e-02
1.900000000000000000e+01 -6.181515380740165710e-02
2.000000000000000000e+01 -9.659527242183685303e-02
2.100000000000000000e+01 -1.284039765596389771e-01
2.200000000000000000e+01 -1.570726484060287476e-01
2.300000000000000000e+01 -1.820716261863708496e-01
2.400000000000000000e+01 -2.038412988185882568e-01
2.500000000000000000e+01 -2.222264856100082397e-01
2.600000000000000000e+01 -2.368228435516357422e-01
2.700000000000000000e+01 -2.476239353418350220e-01
2.800000000000000000e+01 -2.548463344573974609e-01
2.900000000000000000e+01 -2.591367065906524658e-01
3.000000000000000000e+01 -2.607654035091400146e-01
3.100000000000000000e+01 -2.594746351242065430e-01
3.200000000000000000e+01 -2.557278871536254883e-01
3.300000000000000000e+01 -2.501595616340637207e-01
3.400000000000000000e+01 -2.426532059907913208e-01
3.500000000000000000e+01 -2.332573831081390381e-01
3.600000000000000000e+01 -2.222750782966613770e-01
3.700000000000000000e+01 -2.103050649166107178e-01
3.800000000000000000e+01 -1.974128782749176025e-01
3.900000000000000000e+01 -1.840787678956985474e-01
4.000000000000000000e+01 -1.701540052890777588e-01
4.100000000000000000e+01 -1.555500179529190063e-01
4.200000000000000000e+01 -1.407611519098281860e-01
4.300000000000000000e+01 -1.260785758495330811e-01
4.400000000000000000e+01 -1.114501133561134338e-01
4.500000000000000000e+01 -9.698054939508438110e-02
4.600000000000000000e+01 -8.251338452100753784e-02
4.700000000000000000e+01 -6.849656254053115845e-02
4.800000000000000000e+01 -5.497533082962036133e-02
4.900000000000000000e+01 -4.214305058121681213e-02
5.000000000000000000e+01 -2.970555610954761505e-02
5.100000000000000000e+01 -1.805856823921203613e-02
5.200000000000000000e+01 -7.049374748021364212e-03
5.300000000000000000e+01 3.263493068516254425e-03
5.400000000000000000e+01 1.295781414955854416e-02
5.500000000000000000e+01 2.220193110406398773e-02
5.600000000000000000e+01 3.061353042721748352e-02
5.700000000000000000e+01 3.831186518073081970e-02
5.800000000000000000e+01 4.531721398234367371e-02
5.900000000000000000e+01 5.152634903788566589e-02
6.000000000000000000e+01 5.673725157976150513e-02
6.100000000000000000e+01 6.131907179951667786e-02
6.200000000000000000e+01 6.552577018737792969e-02
6.300000000000000000e+01 6.870109587907791138e-02
6.400000000000000000e+01 7.086148858070373535e-02
6.500000000000000000e+01 7.237350195646286011e-02
6.600000000000000000e+01 7.355196774005889893e-02
6.700000000000000000e+01 7.354681193828582764e-02
6.800000000000000000e+01 7.310567051172256470e-02
6.900000000000000000e+01 7.170564681291580200e-02
7.000000000000000000e+01 6.945896893739700317e-02
7.100000000000000000e+01 6.660826504230499268e-02
7.200000000000000000e+01 6.359093636274337769e-02
7.300000000000000000e+01 6.013214960694313049e-02
7.400000000000000000e+01 5.622065067291259766e-02
7.500000000000000000e+01 5.232479795813560486e-02
7.600000000000000000e+01 4.831795766949653625e-02
7.700000000000000000e+01 4.450682923197746277e-02
7.800000000000000000e+01 4.116838797926902771e-02
7.900000000000000000e+01 3.765951842069625854e-02
8.000000000000000000e+01 3.404843062162399292e-02
8.100000000000000000e+01 3.086350671947002411e-02
8.200000000000000000e+01 2.751485072076320648e-02
8.300000000000000000e+01 2.421831712126731873e-02
8.400000000000000000e+01 2.101161703467369080e-02
8.500000000000000000e+01 1.787255704402923584e-02
8.600000000000000000e+01 1.524271909147500992e-02
8.700000000000000000e+01 1.251164451241493225e-02
8.800000000000000000e+01 9.314193390309810638e-03
8.900000000000000000e+01 6.119314115494489670e-03
9.000000000000000000e+01 3.230015514418482780e-03
9.100000000000000000e+01 7.605298305861651897e-04
9.200000000000000000e+01 -1.754269818775355816e-03
9.300000000000000000e+01 -3.067329758778214455e-03
9.400000000000000000e+01 -4.796735011041164398e-03
9.500000000000000000e+01 -7.695793174207210541e-03
9.600000000000000000e+01 -1.001141965389251709e-02
9.700000000000000000e+01 -1.375870034098625183e-02
9.800000000000000000e+01 -1.373442821204662323e-02
9.900000000000000000e+01 -1.397376973181962967e-02
