1.000000000000000000e+00 1.000000000000000000e+00
2.000000000000000000e+00 8.858163952827453613e-01
3.000000000000000000e+00 7.973086237907409668e-01
4.000000000000000000e+00 7.209786772727966309e-01
5.000000000000000000e+00 6.519185304641723633e-01
6.000000000000000000e+00 5.873274207115173340e-01
7.000000000000000000e+00 5.260519981384277344e-01
8.000000000000000000e+00 4.674570262432098389e-01
9.000000000000000000e+00 4.109613597393035889e-01
1.000000000000000000e+01 3.564864695072174072e-01
1.100000000000000000e+01 3.034364581108093262e-01
1.200000000000000000e+01 2.519477605819702148e-01
1.300000000000000000e+01 2.018138021230697632e-01
1.400000000000000000e+01 1.532681733369827271e-01
1.500000000000000000e+01 1.065595373511314392e-01
1.600000000000000000e+01 6.176982074975967407e-02
1.700000000000000000e+01 1.895959675312042236e-02
1.800000000000000000e+01 -2.166424319148063660e-02
1.900000000000000000e+01 -5.968775972723960876e-02
2.000000000000000000e+01 -9.478146582841873169e-02
2.100000000000000000e+01 -1.265895068645477295e-01
2.200000000000000000e+01 -1.552384793758392334e-01
2.300000000000000000e+01 -1.804749965667724609e-01
2.400000000000000000e+01 -2.022430598735809326e-01
2.500000000000000000e+01 -2.205605655908584595e-01
2.600000000000000000e+01 -2.355829775333404541e-01
2.700000000000000000e+01 -2.470911592245101929e-01
2.800000000000000000e+01 -2.554614841938018799e-01
2.900000000000000000e+01 -2.604871392250061035e-01
3.000000000000000000e+01 -2.627469897270202637e-01
3.100000000000000000e+01 -2.623043656349182129e-01
3.200000000000000000e+01 -2.597002983093261719e-01
3.300000000000000000e+01 -2.544629871845245361e-01
3.400000000000000000e+01 -2.469638735055923462e-01
3.500000000000000000e+01 -2.379205077886581421e-01
3.600000000000000000e+01 -2.275021225214004517e-01
3.700000000000000000e+01 -2.157428115606307983e-01
3.800000000000000000e+01 -2.027104347944259644e-01
3.900000000000000000e+01 -1.889950633049011230e-01
4.000000000000000000e+01 -1.750627756118774414e-01
4.100000000000000000e+01 -1.605327725410461426e-01
4.200000000000000000e+01 -1.461308300495147705e-01
4.300000000000000000e+01 -1.314982622861862183e-01
4.400000000000000000e+01 -1.167648062109947205e-01
4.500000000000000000e+01 -1.022887155413627625e-01
4.600000000000000000e+01 -8.792084455490112305e-02
4.700000000000000000e+01 -7.401330769062042236e-02
4.800000000000000000e+01 -6.026400998234748840e-02
4.900000000000000000e+01 -4.679946601390838623e-02
5.000000000000000000e+01 -3.435358032584190369e-02
5.100000000000000000e+01 -2.205918729305267334e-02
5.200000000000000000e+01 -1.061133667826652527e-02
5.300000000000000000e+01 1.001139680738560855e-04
5.400000000000000000e+01 9.854681789875030518e-03
5.500000000000000000e+01 1.915824040770530701e-02
5.600000000000000000e+01 2.818436175584793091e-02
5.700000000000000000e+01 3.628741204738616943e-02
5.800000000000000000e+01 4.391874745488166809e-02
5.900000000000000000e+01 5.088384449481964111e-02
6.000000000000000000e+01 5.705307796597480774e-02
6.100000000000000000e+01 6.240579858422279358e-02
6.200000000000000000e+01 6.656321883201599121e-02
6.300000000000000000e+01 6.996608525514602661e-02
6.400000000000000000e+01 7.242846488952636719e-02
6.500000000000000000e+01 7.421314716339111328e-02
6.600000000000000000e+01 7.532425969839096069e-02
6.700000000000000000e+01 7.584967464208602905e-02
6.800000000000000000e+01 7.526447623968124390e-02
6.900000000000000000e+01 7.352688908576965332e-02
7.000000000000000000e+01 7.140074670314788818e-02
7.100000000000000000e+01 6.883917748928070068e-02
7.200000000000000000e+01 6.574095785617828369e-02
7.300000000000000000e+01 6.271374970674514771e-02
7.400000000000000000e+01 5.905616655945777893e-02
7.500000000000000000e+01 5.566333606839179993e-02
7.600000000000000000e+01 5.168365314602851868e-02
7.700000000000000000e+01 4.760364443063735962e-02
7.800000000000000000e+01 4.364642128348350525e-02
7.900000000000000000e+01 3.963689506053924561e-02
8.000000000000000000e+01 3.601152449846267700e-02
8.100000000000000000e+01 3.286084160208702087e-02
8.200000000000000000e+01 2.987364679574966431e-02
8.300000000000000000e+01 2.685275487601757050e-02
8.400000000000000000e+01 2.382190339267253876e-02
8.500000000000000000e+01 2.138132601976394653e-02
8.600000000000000000e+01 1.907206512987613678e-02
8.700000000000000000e+01 1.658912003040313721e-02
8.800000000000000000e+01 1.387551613152027130e-02
8.900000000000000000e+01 1.110869925469160080e-02
9.000000000000000000e+01 8.436212316155433655e-03
9.100000000000000000e+01 5.887110717594623566e-03
9.200000000000000000e+01 3.332205349579453468e-03
9.300000000000000000e+01 3.891664091497659683e-04
9.400000000000000000e+01 -2.414703136309981346e-03
9.500000000000000000e+01 -4.732226952910423279e-03
9.600000000000000000e+01 -7.313287816941738129e-03
9.700000000000000000e+01 -1.076496858149766922e-02
9.800000000000000000e+01 -1.140221767127513885e-02
9.900000000000000000e+01 -1.240516453981399536e-02
