1.000000000000000000e+00 1.000000000000000000e+00
2.000000000000000000e+00 8.721941113471984863e-01
3.000000000000000000e+00 7.741602063179016113e-01
4.000000000000000000e+00 6.905459165573120117e-01
5.000000000000000000e+00 6.156479716300964355e-01
6.000000000000000000e+00 5.470548272132873535e-01
7.000000000000000000e+00 4.827114343643188477e-01
8.000000000000000000e+00 4.220668673515319824e-01
9.000000000000000000e+00 3.644279837608337402e-01
1.000000000000000000e+01 3.093873560428619385e-01
1.100000000000000000e+01 2.566730082035064697e-01
1.200000000000000000e+01 2.057225257158279419e-01
1.300000000000000000e+01 1.569729447364807129e-01
1.400000000000000000e+01 1.105964556336402893e-01
1.500000000000000000e+01 6.660201400518417358e-02
1.600000000000000000e+01 2.492812462151050568e-02
1.700000000000000000e+01 -1.388960704207420349e-02
1.800000000000000000e+01 -4.974497854709625244e-02
1.900000000000000000e+01 -8.231380581855773926e-02
2.000000000000000000e+01 -1.118819117546081543e-01
2.100000000000000000e+01 -1.380021572113037109e-01
2.200000000000000000e+01 -1.604583263397216797e-01
2.300000000000000000e+01 -1.793298870325088501e-01
2.400000000000000000e+01 -1.946586072444915771e-01
2.500000000000000000e+01 -2.069770693778991699e-01
2.600000000000000000e+01 -2.159726768732070923e-01
2.700000000000000000e+01 -2.220727652311325073e-01
2.800000000000000000e+01 -2.250360399484634399e-01
2.900000000000000000e+01 -2.255581319332122803e-01
3.000000000000000000e+01 -2.234576940536499023e-01
3.100000000000000000e+01 -2.191087454557418823e-01
3.200000000000000000e+01 -2.128864228725433350e-01
3.300000000000000000e+01 -2.049394547939300537e-01
3.400000000000000000e+01 -1.961251199245452881e-01
3.500000000000000000e+01 -1.863012164831161499e-01
3.600000000000000000e+01 -1.756425946950912476e-01
3.700000000000000000e+01 -1.640736460685729980e-01
3.800000000000000000e+01 -1.517817229032516479e-01
3.900000000000000000e+01 -1.388735622167587280e-01
4.000000000000000000e+01 -1.260898113250732422e-01
4.100000000000000000e+01 -1.127936094999313354e-01
4.200000000000000000e+01 -9.966298192739486694e-02
4.300000000000000000e+01 -8.655916154384613037e-02
4.400000000000000000e+01 -7.365129888057708740e-02
4.500000000000000000e+01 -6.126532703638076782e-02
4.600000000000000000e+01 -4.957866668701171875e-02
4.700000000000000000e+01 -3.871899470686912537e-02
4.800000000000000000e+01 -2.790977805852890015e-02
4.900000000000000000e+01 -1.752550154924392700e-02
5.000000000000000000e+01 -7.505536545068025589e-03
5.100000000000000000e+01 1.556679606437683105e-03
5.200000000000000000e+01 9.508081711828708649e-03
5.300000000000000000e+01 1.662148535251617432e-02
5.400000000000000000e+01 2.356320619583129883e-02
5.500000000000000000e+01 2.970357984304428101e-02
5.600000000000000000e+01 3.531163185834884644e-02
5.700000000000000000e+01 4.013232886791229248e-02
5.800000000000000000e+01 4.396441206336021423e-02
5.900000000000000000e+01 4.721061885356903076e-02
6.000000000000000000e+01 5.006425827741622925e-02
6.100000000000000000e+01 5.263051390647888184e-02
6.200000000000000000e+01 5.463209375739097595e-02
6.300000000000000000e+01 5.566334351897239685e-02
6.400000000000000000e+01 5.601565912365913391e-02
6.500000000000000000e+01 5.580770969390869141e-02
6.600000000000000000e+01 5.503151193261146545e-02
6.700000000000000000e+01 5.399657040834426880e-02
6.800000000000000000e+01 5.237041041254997253e-02
6.900000000000000000e+01 5.003941804170608521e-02
7.000000000000000000e+01 4.788909852504730225e-02
7.100000000000000000e+01 4.521755874156951904e-02
7.200000000000000000e+01 4.203777387738227844e-02
7.300000000000000000e+01 3.834002837538719177e-02
7.400000000000000000e+01 3.487115353345870972e-02
7.500000000000000000e+01 3.133630752563476562e-02
7.600000000000000000e+01 2.803396806120872498e-02
7.700000000000000000e+01 2.461333759129047394e-02
7.800000000000000000e+01 2.086975611746311188e-02
7.900000000000000000e+01 1.755567453801631927e-02
8.000000000000000000e+01 1.372710242867469788e-02
8.100000000000000000e+01 1.037592627108097076e-02
8.200000000000000000e+01 7.234727032482624054e-03
8.300000000000000000e+01 4.125931300222873688e-03
8.400000000000000000e+01 1.469700830057263374e-03
8.500000000000000000e+01 -4.395369614940136671e-04
8.600000000000000000e+01 -3.318453440442681313e-03
8.700000000000000000e+01 -6.172746419906616211e-03
8.800000000000000000e+01 -8.377788588404655457e-03
8.900000000000000000e+01 -1.031249202787876129e-02
9.000000000000000000e+01 -1.203864254057407379e-02
9.100000000000000000e+01 -1.319943834096193314e-02
9.200000000000000000e+01 -1.458153687417507172e-02
9.300000000000000000e+01 -1.633718796074390411e-02
9.400000000000000000e+01 -1.768592372536659241e-02
9.500000000000000000e+01 -1.868309639394283295e-02
9.600000000000000000e+01 -1.994968950748443604e-02
9.700000000000000000e+01 -2.214727364480495453e-02
9.800000000000000000e+01 -2.352558448910713196e-02
9.900000000000000000e+01 -2.449228614568710327e-02
