1.000000000000000000e+00 1.000000000000000000e+00
2.000000000000000000e+00 8.848648071289062500e-01
3.000000000000000000e+00 7.960690855979919434e-01
4.000000000000000000e+00 7.196125388145446777e-01
5.000000000000000000e+00 6.503874659538269043e-01
6.000000000000000000e+00 5.853750705718994141e-01
7.000000000000000000e+00 5.238705873489379883e-01
8.000000000000000000e+00 4.649204313755035400e-01
9.000000000000000000e+00 4.083869457244873047e-01
1.000000000000000000e+01 3.536476194858551025e-01
1.100000000000000000e+01 3.006871938705444336e-01
1.200000000000000000e+01 2.493620216846466064e-01
1.300000000000000000e+01 1.993967294692993164e-01
1.400000000000000000e+01 1.507936716079711914e-01
1.500000000000000000e+01 1.039798483252525330e-01
1.600000000000000000e+01 5.896993726491928101e-02
1.700000000000000000e+01 1.623820886015892029e-02
1.800000000000000000e+01 -2.433241903781890869e-02
1.900000000000000000e+01 -6.206792965531349182e-02
2.000000000000000000e+01 -9.714495390653610229e-02
2.100000000000000000e+01 -1.290329098701477051e-01
2.200000000000000000e+01 -1.574517041444778442e-01
2.300000000000000000e+01 -1.822882145643234253e-01
2.400000000000000000e+01 -2.037688195705413818e-01
2.500000000000000000e+01 -2.214743494987487793e-01
2.600000000000000000e+01 -2.358577847480773926e-01
2.700000000000000000e+01 -2.465784400701522827e-01
2.800000000000000000e+01 -2.541940510272979736e-01
2.900000000000000000e+01 -2.587860524654388428e-01
3.000000000000000000e+01 -2.601709365844726562e-01
3.100000000000000000e+01 -2.588812112808227539e-01
3.200000000000000000e+01 -2.553340792655944824e-01
3.300000000000000000e+01 -2.497631162405014038e-01
3.400000000000000000e+01 -2.420824915170669556e-01
3.500000000000000000e+01 -2.327933311462402344e-01
3.600000000000000000e+01 -2.216773033142089844e-01
3.700000000000000000e+01 -2.094557434320449829e-01
3.800000000000000000e+01 -1.965841352939605713e-01
3.900000000000000000e+01 -1.832524538040161133e-01
4.000000000000000000e+01 -1.690872460603713989e-01
4.100000000000000000e+01 -1.543556153774261475e-01
4.200000000000000000e+01 -1.398252248764038086e-01
4.300000000000000000e+01 -1.254207044839859009e-01
4.400000000000000000e+01 -1.110507696866989136e-01
4.500000000000000000e+01 -9.661088138818740845e-02
4.600000000000000000e+01 -8.249010890722274780e-02
4.700000000000000000e+01 -6.887903809547424316e-02
4.800000000000000000e+01 -5.561565235257148743e-02
4.900000000000000000e+01 -4.292333126068115234e-02
5.000000000000000000e+01 -3.044993989169597626e-02
5.100000000000000000e+01 -1.878053322434425354e-02
5.200000000000000000e+01 -7.516977377235889435e-03
5.300000000000000000e+01 3.160634078085422516e-03
5.400000000000000000e+01 1.314064115285873413e-02
5.500000000000000000e+01 2.250039018690586090e-02
5.600000000000000000e+01 3.102760948240756989e-02
5.700000000000000000e+01 3.889179974794387817e-02
5.800000000000000000e+01 4.593523219227790833e-02
5.900000000000000000e+01 5.207951739430427551e-02
6.000000000000000000e+01 5.716185271739959717e-02
6.100000000000000000e+01 6.155928224325180054e-02
6.200000000000000000e+01 6.518831104040145874e-02
6.300000000000000000e+01 6.817293912172317505e-02
6.400000000000000000e+01 7.072779536247253418e-02
6.500000000000000000e+01 7.228220999240875244e-02
6.600000000000000000e+01 7.322378456592559814e-02
6.700000000000000000e+01 7.313616573810577393e-02
6.800000000000000000e+01 7.207551598548889160e-02
6.900000000000000000e+01 7.078997790813446045e-02
7.000000000000000000e+01 6.903524696826934814e-02
7.100000000000000000e+01 6.649059057235717773e-02
7.200000000000000000e+01 6.380578130483627319e-02
7.300000000000000000e+01 6.038624793291091919e-02
7.400000000000000000e+01 5.661641806364059448e-02
7.500000000000000000e+01 5.232155695557594299e-02
7.600000000000000000e+01 4.816351830959320068e-02
7.700000000000000000e+01 4.402964189648628235e-02
7.800000000000000000e+01 4.040198028087615967e-02
7.900000000000000000e+01 3.647381812334060669e-02
8.000000000000000000e+01 3.308311849832534790e-02
8.100000000000000000e+01 3.027567639946937561e-02
8.200000000000000000e+01 2.762957289814949036e-02
8.300000000000000000e+01 2.476624213159084320e-02
8.400000000000000000e+01 2.156071923673152924e-02
8.500000000000000000e+01 1.820906251668930054e-02
8.600000000000000000e+01 1.500158943235874176e-02
8.700000000000000000e+01 1.213347353041172028e-02
8.800000000000000000e+01 9.229596704244613647e-03
8.900000000000000000e+01 6.324865855276584625e-03
9.000000000000000000e+01 3.509702626615762711e-03
9.100000000000000000e+01 1.127870869822800159e-03
9.200000000000000000e+01 -8.547747274860739708e-04
9.300000000000000000e+01 -3.961685579270124435e-03
9.400000000000000000e+01 -5.435389000922441483e-03
9.500000000000000000e+01 -7.879086770117282867e-03
9.600000000000000000e+01 -9.599056094884872437e-03
9.700000000000000000e+01 -1.143243908882141113e-02
9.800000000000000000e+01 -1.542329229414463043e-02
9.900000000000000000e+01 -1.816581375896930695e-02
