1.000000000000000000e+00 1.000000000000000000e+00
2.000000000000000000e+00 8.515084385871887207e-01
3.000000000000000000e+00 7.401699423789978027e-01
4.000000000000000000e+00 6.473507881164550781e-01
5.000000000000000000e+00 5.660368204116821289e-01
6.000000000000000000e+00 4.926701784133911133e-01
7.000000000000000000e+00 4.255522489547729492e-01
8.000000000000000000e+00 3.639401793479919434e-01
9.000000000000000000e+00 3.068403303623199463e-01
1.000000000000000000e+01 2.536528408527374268e-01
1.100000000000000000e+01 2.038250565528869629e-01
1.200000000000000000e+01 1.568509340286254883e-01
1.300000000000000000e+01 1.130418032407760620e-01
1.400000000000000000e+01 7.175344973802566528e-02
1.500000000000000000e+01 3.346476703882217407e-02
1.600000000000000000e+01 -2.001772634685039520e-03
1.700000000000000000e+01 -3.430160880088806152e-02
1.800000000000000000e+01 -6.330876052379608154e-02
1.900000000000000000e+01 -8.908630162477493286e-02
2.000000000000000000e+01 -1.120430156588554382e-01
2.100000000000000000e+01 -1.316480487585067749e-01
2.200000000000000000e+01 -1.482596397399902344e-01
2.300000000000000000e+01 -1.616715788841247559e-01
2.400000000000000000e+01 -1.721251755952835083e-01
2.500000000000000000e+01 -1.791371852159500122e-01
2.600000000000000000e+01 -1.832681745290756226e-01
2.700000000000000000e+01 -1.846991181373596191e-01
2.800000000000000000e+01 -1.839189678430557251e-01
2.900000000000000000e+01 -1.810008436441421509e-01
3.000000000000000000e+01 -1.767394095659255981e-01
3.100000000000000000e+01 -1.707579791545867920e-01
3.200000000000000000e+01 -1.633187979459762573e-01
3.300000000000000000e+01 -1.544493436813354492e-01
3.400000000000000000e+01 -1.448973715305328369e-01
3.500000000000000000e+01 -1.346445679664611816e-01
3.600000000000000000e+01 -1.242124140262603760e-01
3.700000000000000000e+01 -1.134177893400192261e-01
3.800000000000000000e+01 -1.019171699881553650e-01
3.900000000000000000e+01 -9.058550000190734863e-02
4.000000000000000000e+01 -7.925175130367279053e-02
4.100000000000000000e+01 -6.761422753334045410e-02
4.200000000000000000e+01 -5.684040114283561707e-02
4.300000000000000000e+01 -4.644723236560821533e-02
4.400000000000000000e+01 -3.692649677395820618e-02
4.500000000000000000e+01 -2.821065112948417664e-02
4.600000000000000000e+01 -1.956557482481002808e-02
4.700000000000000000e+01 -1.179135218262672424e-02
4.800000000000000000e+01 -4.402400460094213486e-03
4.900000000000000000e+01 2.834548009559512138e-03
5.000000000000000000e+01 9.407087229192256927e-03
5.100000000000000000e+01 1.545022893697023392e-02
5.200000000000000000e+01 2.085805311799049377e-02
5.300000000000000000e+01 2.536781691014766693e-02
5.400000000000000000e+01 2.885934524238109589e-02
5.500000000000000000e+01 3.191406279802322388e-02
5.600000000000000000e+01 3.444026038050651550e-02
5.700000000000000000e+01 3.637824207544326782e-02
5.800000000000000000e+01 3.792374581098556519e-02
5.900000000000000000e+01 3.873864561319351196e-02
6.000000000000000000e+01 3.922780975699424744e-02
6.100000000000000000e+01 3.900210559368133545e-02
6.200000000000000000e+01 3.854883089661598206e-02
6.300000000000000000e+01 3.804315626621246338e-02
6.400000000000000000e+01 3.768355771899223328e-02
6.500000000000000000e+01 3.649450466036796570e-02
6.600000000000000000e+01 3.538712114095687866e-02
6.700000000000000000e+01 3.409963101148605347e-02
6.800000000000000000e+01 3.215548768639564514e-02
6.900000000000000000e+01 3.024099580943584442e-02
7.000000000000000000e+01 2.829396538436412811e-02
7.100000000000000000e+01 2.563340775668621063e-02
7.200000000000000000e+01 2.261560782790184021e-02
7.300000000000000000e+01 1.944406516849994659e-02
7.400000000000000000e+01 1.664629951119422913e-02
7.500000000000000000e+01 1.376470457762479782e-02
7.600000000000000000e+01 1.122657861560583115e-02
7.700000000000000000e+01 9.259922429919242859e-03
7.800000000000000000e+01 7.076142821460962296e-03
7.900000000000000000e+01 5.587310995906591415e-03
8.000000000000000000e+01 4.025296773761510849e-03
8.100000000000000000e+01 2.423518570140004158e-03
8.200000000000000000e+01 7.602016557939350605e-04
8.300000000000000000e+01 -4.891899297945201397e-04
8.400000000000000000e+01 -1.844400656409561634e-03
8.500000000000000000e+01 -3.196221310645341873e-03
8.600000000000000000e+01 -4.903904628008604050e-03
8.700000000000000000e+01 -6.600078660994768143e-03
8.800000000000000000e+01 -7.670393679291009903e-03
8.900000000000000000e+01 -8.427377790212631226e-03
9.000000000000000000e+01 -9.707268327474594116e-03
9.100000000000000000e+01 -1.131203956902027130e-02
9.200000000000000000e+01 -1.254498958587646484e-02
9.300000000000000000e+01 -1.298636663705110550e-02
9.400000000000000000e+01 -1.483433507382869720e-02
9.500000000000000000e+01 -1.585058681666851044e-02
9.600000000000000000e+01 -1.626192778348922729e-02
9.700000000000000000e+01 -1.384342927485704422e-02
9.800000000000000000e+01 -1.629067771136760712e-02
9.900000000000000000e+01 -1.650720275938510895e-02
