1.000000000000000000e+00 1.000000000000000000e+00
2.000000000000000000e+00 8.817605972290039062e-01
3.000000000000000000e+00 7.899494767189025879e-01
4.000000000000000000e+00 7.113173007965087891e-01
5.000000000000000000e+00 6.404563188552856445e-01
6.000000000000000000e+00 5.741132497787475586e-01
7.000000000000000000e+00 5.115004777908325195e-01
8.000000000000000000e+00 4.516626894474029541e-01
9.000000000000000000e+00 3.941463828086853027e-01
1.000000000000000000e+01 3.390766382217407227e-01
1.100000000000000000e+01 2.858241498470306396e-01
1.200000000000000000e+01 2.342389672994613647e-01
1.300000000000000000e+01 1.844020783901214600e-01
1.400000000000000000e+01 1.363099515438079834e-01
1.500000000000000000e+01 9.012550860643386841e-02
1.600000000000000000e+01 4.601562023162841797e-02
1.700000000000000000e+01 4.383674822747707367e-03
1.800000000000000000e+01 -3.464760258793830872e-02
1.900000000000000000e+01 -7.069388777017593384e-02
2.000000000000000000e+01 -1.036850363016128540e-01
2.100000000000000000e+01 -1.333760768175125122e-01
2.200000000000000000e+01 -1.598265916109085083e-01
2.300000000000000000e+01 -1.830660700798034668e-01
2.400000000000000000e+01 -2.028125822544097900e-01
2.500000000000000000e+01 -2.191865891218185425e-01
2.600000000000000000e+01 -2.317729890346527100e-01
2.700000000000000000e+01 -2.408366054296493530e-01
2.800000000000000000e+01 -2.467487752437591553e-01
2.900000000000000000e+01 -2.497772574424743652e-01
3.000000000000000000e+01 -2.500553131103515625e-01
3.100000000000000000e+01 -2.475141286849975586e-01
3.200000000000000000e+01 -2.429039180278778076e-01
3.300000000000000000e+01 -2.362710237503051758e-01
3.400000000000000000e+01 -2.278943806886672974e-01
3.500000000000000000e+01 -2.181362509727478027e-01
3.600000000000000000e+01 -2.068680673837661743e-01
3.700000000000000000e+01 -1.947738230228424072e-01
3.800000000000000000e+01 -1.821930706501007080e-01
3.900000000000000000e+01 -1.689436733722686768e-01
4.000000000000000000e+01 -1.553289294242858887e-01
4.100000000000000000e+01 -1.413092166185379028e-01
4.200000000000000000e+01 -1.267630159854888916e-01
4.300000000000000000e+01 -1.123151928186416626e-01
4.400000000000000000e+01 -9.810829162597656250e-02
4.500000000000000000e+01 -8.454375714063644409e-02
4.600000000000000000e+01 -7.139581441879272461e-02
4.700000000000000000e+01 -5.901885405182838440e-02
4.800000000000000000e+01 -4.679900035262107849e-02
4.900000000000000000e+01 -3.541015461087226868e-02
5.000000000000000000e+01 -2.405894361436367035e-02
5.100000000000000000e+01 -1.342902611941099167e-02
5.200000000000000000e+01 -3.407943760976195335e-03
5.300000000000000000e+01 5.857634358108043671e-03
5.400000000000000000e+01 1.475810166448354721e-02
5.500000000000000000e+01 2.298036776483058929e-02
5.600000000000000000e+01 3.056736849248409271e-02
5.700000000000000000e+01 3.750965371727943420e-02
5.800000000000000000e+01 4.349190741777420044e-02
5.900000000000000000e+01 4.842356592416763306e-02
6.000000000000000000e+01 5.291589349508285522e-02
6.100000000000000000e+01 5.708790197968482971e-02
6.200000000000000000e+01 6.079100444912910461e-02
6.300000000000000000e+01 6.393832713365554810e-02
6.400000000000000000e+01 6.627341359853744507e-02
6.500000000000000000e+01 6.778298318386077881e-02
6.600000000000000000e+01 6.851495057344436646e-02
6.700000000000000000e+01 6.802910566329956055e-02
6.800000000000000000e+01 6.665633618831634521e-02
6.900000000000000000e+01 6.493922322988510132e-02
7.000000000000000000e+01 6.242018193006515503e-02
7.100000000000000000e+01 5.971953272819519043e-02
7.200000000000000000e+01 5.627219751477241516e-02
7.300000000000000000e+01 5.265238881111145020e-02
7.400000000000000000e+01 4.841462150216102600e-02
7.500000000000000000e+01 4.479911550879478455e-02
7.600000000000000000e+01 4.127208516001701355e-02
7.700000000000000000e+01 3.834081813693046570e-02
7.800000000000000000e+01 3.527920693159103394e-02
7.900000000000000000e+01 3.280201926827430725e-02
8.000000000000000000e+01 3.024060279130935669e-02
8.100000000000000000e+01 2.754382975399494171e-02
8.200000000000000000e+01 2.436403371393680573e-02
8.300000000000000000e+01 2.086075209081172943e-02
8.400000000000000000e+01 1.805426180362701416e-02
8.500000000000000000e+01 1.501956582069396973e-02
8.600000000000000000e+01 1.174612063914537430e-02
8.700000000000000000e+01 9.144798852503299713e-03
8.800000000000000000e+01 6.450893357396125793e-03
8.900000000000000000e+01 4.061864688992500305e-03
9.000000000000000000e+01 1.837102463468909264e-03
9.100000000000000000e+01 2.822653332259505987e-04
9.200000000000000000e+01 -6.319473031908273697e-04
9.300000000000000000e+01 -2.019249601289629936e-03
9.400000000000000000e+01 -3.722487716004252434e-03
9.500000000000000000e+01 -4.443166311830282211e-03
9.600000000000000000e+01 -6.162450183182954788e-03
9.700000000000000000e+01 -6.638329941779375076e-03
9.800000000000000000e+01 -9.970737621188163757e-03
9.900000000000000000e+01 -8.522233925759792328e-03
