1.000000000000000000e+00 1.000000000000000000e+00
2.000000000000000000e+00 8.478609919548034668e-01
3.000000000000000000e+00 7.337317466735839844e-01
4.000000000000000000e+00 6.388477087020874023e-01
5.000000000000000000e+00 5.560563206672668457e-01
6.000000000000000000e+00 4.819016456604003906e-01
7.000000000000000000e+00 4.146930873394012451e-01
8.000000000000000000e+00 3.529683351516723633e-01
9.000000000000000000e+00 2.960850000381469727e-01
1.000000000000000000e+01 2.432280629873275757e-01
1.100000000000000000e+01 1.937581598758697510e-01
1.200000000000000000e+01 1.477156281471252441e-01
1.300000000000000000e+01 1.047307029366493225e-01
1.400000000000000000e+01 6.469603627920150757e-02
1.500000000000000000e+01 2.757007069885730743e-02
1.600000000000000000e+01 -6.506332196295261383e-03
1.700000000000000000e+01 -3.730788454413414001e-02
1.800000000000000000e+01 -6.488408893346786499e-02
1.900000000000000000e+01 -8.943216502666473389e-02
2.000000000000000000e+01 -1.109968125820159912e-01
2.100000000000000000e+01 -1.294329762458801270e-01
2.200000000000000000e+01 -1.442987322807312012e-01
2.300000000000000000e+01 -1.566473543643951416e-01
2.400000000000000000e+01 -1.656754910945892334e-01
2.500000000000000000e+01 -1.716286987066268921e-01
2.600000000000000000e+01 -1.751596927642822266e-01
2.700000000000000000e+01 -1.758311390876770020e-01
2.800000000000000000e+01 -1.742932796478271484e-01
2.900000000000000000e+01 -1.709542274475097656e-01
3.000000000000000000e+01 -1.658580899238586426e-01
3.100000000000000000e+01 -1.594769805669784546e-01
3.200000000000000000e+01 -1.518726944923400879e-01
3.300000000000000000e+01 -1.434493064880371094e-01
3.400000000000000000e+01 -1.341646015644073486e-01
3.500000000000000000e+01 -1.243421211838722229e-01
3.600000000000000000e+01 -1.139127984642982483e-01
3.700000000000000000e+01 -1.029373183846473694e-01
3.800000000000000000e+01 -9.163090586662292480e-02
3.900000000000000000e+01 -8.061268180608749390e-02
4.000000000000000000e+01 -7.014866173267364502e-02
4.100000000000000000e+01 -5.973074212670326233e-02
4.200000000000000000e+01 -4.937122389674186707e-02
4.300000000000000000e+01 -3.994471207261085510e-02
4.400000000000000000e+01 -3.090002574026584625e-02
4.500000000000000000e+01 -2.217815443873405457e-02
4.600000000000000000e+01 -1.355900336056947708e-02
4.700000000000000000e+01 -5.545815452933311462e-03
4.800000000000000000e+01 1.508376211859285831e-03
4.900000000000000000e+01 7.434146013110876083e-03
5.000000000000000000e+01 1.274253707379102707e-02
5.100000000000000000e+01 1.789066754281520844e-02
5.200000000000000000e+01 2.245679683983325958e-02
5.300000000000000000e+01 2.609915472567081451e-02
5.400000000000000000e+01 2.915908768773078918e-02
5.500000000000000000e+01 3.164583072066307068e-02
5.600000000000000000e+01 3.327765315771102905e-02
5.700000000000000000e+01 3.428193554282188416e-02
5.800000000000000000e+01 3.532373160123825073e-02
5.900000000000000000e+01 3.591989725828170776e-02
6.000000000000000000e+01 3.588628396391868591e-02
6.100000000000000000e+01 3.525664284825325012e-02
6.200000000000000000e+01 3.485423326492309570e-02
6.300000000000000000e+01 3.449696302413940430e-02
6.400000000000000000e+01 3.325607627630233765e-02
6.500000000000000000e+01 3.234444558620452881e-02
6.600000000000000000e+01 3.090179711580276489e-02
6.700000000000000000e+01 2.923963218927383423e-02
6.800000000000000000e+01 2.757805585861206055e-02
6.900000000000000000e+01 2.576044760644435883e-02
7.000000000000000000e+01 2.388184890151023865e-02
7.100000000000000000e+01 2.160976454615592957e-02
7.200000000000000000e+01 1.972185261547565460e-02
7.300000000000000000e+01 1.800776831805706024e-02
7.400000000000000000e+01 1.608782634139060974e-02
7.500000000000000000e+01 1.378463581204414368e-02
7.600000000000000000e+01 1.157325599342584610e-02
7.700000000000000000e+01 9.439081884920597076e-03
7.800000000000000000e+01 6.543920841068029404e-03
7.900000000000000000e+01 4.712472669780254364e-03
8.000000000000000000e+01 3.768312511965632439e-03
8.100000000000000000e+01 2.670652931556105614e-03
8.200000000000000000e+01 1.226987456902861595e-03
8.300000000000000000e+01 1.207937893923372030e-04
8.400000000000000000e+01 -2.146599581465125084e-03
8.500000000000000000e+01 -3.874430200085043907e-03
8.600000000000000000e+01 -5.676168482750654221e-03
8.700000000000000000e+01 -6.861909758299589157e-03
8.800000000000000000e+01 -7.694601081311702728e-03
8.900000000000000000e+01 -8.898570202291011810e-03
9.000000000000000000e+01 -9.378621354699134827e-03
9.100000000000000000e+01 -1.014391705393791199e-02
9.200000000000000000e+01 -9.784054942429065704e-03
9.300000000000000000e+01 -9.989918209612369537e-03
9.400000000000000000e+01 -1.061450596898794174e-02
9.500000000000000000e+01 -1.144335512071847916e-02
9.600000000000000000e+01 -1.126659382134675980e-02
9.700000000000000000e+01 -1.178529020398855209e-02
9.800000000000000000e+01 -1.105063781142234802e-02
9.900000000000000000e+01 -8.623094297945499420e-03
