1.000000000000000000e+00 1.000000000000000000e+00
2.000000000000000000e+00 8.845329880714416504e-01
3.000000000000000000e+00 7.950542569160461426e-01
4.000000000000000000e+00 7.183415293693542480e-01
5.000000000000000000e+00 6.487441062927246094e-01
6.000000000000000000e+00 5.837668180465698242e-01
7.000000000000000000e+00 5.221092700958251953e-01
8.000000000000000000e+00 4.632599651813507080e-01
9.000000000000000000e+00 4.065678119659423828e-01
1.000000000000000000e+01 3.518779873847961426e-01
1.100000000000000000e+01 2.988871634006500244e-01
1.200000000000000000e+01 2.474822252988815308e-01
1.300000000000000000e+01 1.976291537284851074e-01
1.400000000000000000e+01 1.493874639272689819e-01
1.500000000000000000e+01 1.029276996850967407e-01
1.600000000000000000e+01 5.852692574262619019e-02
1.700000000000000000e+01 1.589234359562397003e-02
1.800000000000000000e+01 -2.431422658264636993e-02
1.900000000000000000e+01 -6.223297491669654846e-02
2.000000000000000000e+01 -9.695169329643249512e-02
2.100000000000000000e+01 -1.286709904670715332e-01
2.200000000000000000e+01 -1.570919454097747803e-01
2.300000000000000000e+01 -1.821458637714385986e-01
2.400000000000000000e+01 -2.037713527679443359e-01
2.500000000000000000e+01 -2.220427840948104858e-01
2.600000000000000000e+01 -2.363346964120864868e-01
2.700000000000000000e+01 -2.471114546060562134e-01
2.800000000000000000e+01 -2.547411918640136719e-01
2.900000000000000000e+01 -2.592340707778930664e-01
3.000000000000000000e+01 -2.608800828456878662e-01
3.100000000000000000e+01 -2.597818076610565186e-01
3.200000000000000000e+01 -2.562571763992309570e-01
3.300000000000000000e+01 -2.505004107952117920e-01
3.400000000000000000e+01 -2.426012009382247925e-01
3.500000000000000000e+01 -2.331856191158294678e-01
3.600000000000000000e+01 -2.222154289484024048e-01
3.700000000000000000e+01 -2.098678499460220337e-01
3.800000000000000000e+01 -1.966875791549682617e-01
3.900000000000000000e+01 -1.828396171331405640e-01
4.000000000000000000e+01 -1.687140017747879028e-01
4.100000000000000000e+01 -1.538680344820022583e-01
4.200000000000000000e+01 -1.393133550882339478e-01
4.300000000000000000e+01 -1.245019361376762390e-01
4.400000000000000000e+01 -1.099588871002197266e-01
4.500000000000000000e+01 -9.552386403083801270e-02
4.600000000000000000e+01 -8.155965805053710938e-02
4.700000000000000000e+01 -6.821570545434951782e-02
4.800000000000000000e+01 -5.511546134948730469e-02
4.900000000000000000e+01 -4.218313470482826233e-02
5.000000000000000000e+01 -2.997694537043571472e-02
5.100000000000000000e+01 -1.855013519525527954e-02
5.200000000000000000e+01 -7.297999225556850433e-03
5.300000000000000000e+01 3.222344676032662392e-03
5.400000000000000000e+01 1.285417750477790833e-02
5.500000000000000000e+01 2.182916179299354553e-02
5.600000000000000000e+01 3.022493422031402588e-02
5.700000000000000000e+01 3.814219683408737183e-02
5.800000000000000000e+01 4.541495069861412048e-02
5.900000000000000000e+01 5.200253054499626160e-02
6.000000000000000000e+01 5.764984712004661560e-02
6.100000000000000000e+01 6.233508139848709106e-02
6.200000000000000000e+01 6.565593183040618896e-02
6.300000000000000000e+01 6.880960613489151001e-02
6.400000000000000000e+01 7.098940014839172363e-02
6.500000000000000000e+01 7.260543853044509888e-02
6.600000000000000000e+01 7.371144741773605347e-02
6.700000000000000000e+01 7.376448810100555420e-02
6.800000000000000000e+01 7.316633313894271851e-02
6.900000000000000000e+01 7.191825658082962036e-02
7.000000000000000000e+01 6.974522024393081665e-02
7.100000000000000000e+01 6.706435233354568481e-02
7.200000000000000000e+01 6.417031586170196533e-02
7.300000000000000000e+01 6.104484945535659790e-02
7.400000000000000000e+01 5.802870914340019226e-02
7.500000000000000000e+01 5.445023253560066223e-02
7.600000000000000000e+01 5.049390718340873718e-02
7.700000000000000000e+01 4.603615775704383850e-02
7.800000000000000000e+01 4.146786779165267944e-02
7.900000000000000000e+01 3.701571375131607056e-02
8.000000000000000000e+01 3.327532857656478882e-02
8.100000000000000000e+01 2.924340777099132538e-02
8.200000000000000000e+01 2.524266205728054047e-02
8.300000000000000000e+01 2.168524079024791718e-02
8.400000000000000000e+01 1.851622760295867920e-02
8.500000000000000000e+01 1.583229750394821167e-02
8.600000000000000000e+01 1.311224792152643204e-02
8.700000000000000000e+01 9.907625615596771240e-03
8.800000000000000000e+01 6.629634648561477661e-03
8.900000000000000000e+01 3.874111222103238106e-03
9.000000000000000000e+01 1.697192201390862465e-03
9.100000000000000000e+01 -8.115352829918265343e-04
9.200000000000000000e+01 -3.713795216754078865e-03
9.300000000000000000e+01 -5.974541883915662766e-03
9.400000000000000000e+01 -6.907974369823932648e-03
9.500000000000000000e+01 -9.035980328917503357e-03
9.600000000000000000e+01 -9.214765392243862152e-03
9.700000000000000000e+01 -1.054305303841829300e-02
9.800000000000000000e+01 -1.050222851336002350e-02
9.900000000000000000e+01 -1.251090224832296371e-02
