1.000000000000000000e+00 1.000000000000000000e+00
2.000000000000000000e+00 8.802027106285095215e-01
3.000000000000000000e+00 7.878060340881347656e-01
4.000000000000000000e+00 7.083681821823120117e-01
5.000000000000000000e+00 6.364648342132568359e-01
6.000000000000000000e+00 5.698518157005310059e-01
7.000000000000000000e+00 5.067642927169799805e-01
8.000000000000000000e+00 4.470186531543731689e-01
9.000000000000000000e+00 3.895130157470703125e-01
1.000000000000000000e+01 3.345358371734619141e-01
1.100000000000000000e+01 2.811726331710815430e-01
1.200000000000000000e+01 2.298719137907028198e-01
1.300000000000000000e+01 1.802747547626495361e-01
1.400000000000000000e+01 1.328153312206268311e-01
1.500000000000000000e+01 8.725152909755706787e-02
1.600000000000000000e+01 4.362881928682327271e-02
1.700000000000000000e+01 2.556773601099848747e-03
1.800000000000000000e+01 -3.600507974624633789e-02
1.900000000000000000e+01 -7.164079695940017700e-02
2.000000000000000000e+01 -1.043576076626777649e-01
2.100000000000000000e+01 -1.338128745555877686e-01
2.200000000000000000e+01 -1.600279659032821655e-01
2.300000000000000000e+01 -1.828026920557022095e-01
2.400000000000000000e+01 -2.022446244955062866e-01
2.500000000000000000e+01 -2.178012132644653320e-01
2.600000000000000000e+01 -2.299324870109558105e-01
2.700000000000000000e+01 -2.388323992490768433e-01
2.800000000000000000e+01 -2.446474581956863403e-01
2.900000000000000000e+01 -2.474120855331420898e-01
3.000000000000000000e+01 -2.473794370889663696e-01
3.100000000000000000e+01 -2.449911683797836304e-01
3.200000000000000000e+01 -2.402501255273818970e-01
3.300000000000000000e+01 -2.336507737636566162e-01
3.400000000000000000e+01 -2.255333513021469116e-01
3.500000000000000000e+01 -2.160644084215164185e-01
3.600000000000000000e+01 -2.051520198583602905e-01
3.700000000000000000e+01 -1.931702345609664917e-01
3.800000000000000000e+01 -1.802356243133544922e-01
3.900000000000000000e+01 -1.667243242263793945e-01
4.000000000000000000e+01 -1.526957303285598755e-01
4.100000000000000000e+01 -1.385465711355209351e-01
4.200000000000000000e+01 -1.244604587554931641e-01
4.300000000000000000e+01 -1.099204421043395996e-01
4.400000000000000000e+01 -9.544674307107925415e-02
4.500000000000000000e+01 -8.189544826745986938e-02
4.600000000000000000e+01 -6.837085634469985962e-02
4.700000000000000000e+01 -5.550964921712875366e-02
4.800000000000000000e+01 -4.293462261557579041e-02
4.900000000000000000e+01 -3.118886612355709076e-02
5.000000000000000000e+01 -2.041999809443950653e-02
5.100000000000000000e+01 -1.010203082114458084e-02
5.200000000000000000e+01 -2.220573078375309706e-04
5.300000000000000000e+01 9.235613048076629639e-03
5.400000000000000000e+01 1.786193624138832092e-02
5.500000000000000000e+01 2.596057392656803131e-02
5.600000000000000000e+01 3.288492560386657715e-02
5.700000000000000000e+01 3.900467976927757263e-02
5.800000000000000000e+01 4.463274031877517700e-02
5.900000000000000000e+01 4.947524890303611755e-02
6.000000000000000000e+01 5.361112207174301147e-02
6.100000000000000000e+01 5.713927745819091797e-02
6.200000000000000000e+01 5.945994332432746887e-02
6.300000000000000000e+01 6.108152493834495544e-02
6.400000000000000000e+01 6.241710111498832703e-02
6.500000000000000000e+01 6.342933326959609985e-02
6.600000000000000000e+01 6.378234922885894775e-02
6.700000000000000000e+01 6.348273903131484985e-02
6.800000000000000000e+01 6.240804493427276611e-02
6.900000000000000000e+01 6.107464432716369629e-02
7.000000000000000000e+01 5.884207040071487427e-02
7.100000000000000000e+01 5.598892644047737122e-02
7.200000000000000000e+01 5.301852896809577942e-02
7.300000000000000000e+01 4.919490218162536621e-02
7.400000000000000000e+01 4.532456025481224060e-02
7.500000000000000000e+01 4.160004481673240662e-02
7.600000000000000000e+01 3.786379098892211914e-02
7.700000000000000000e+01 3.440086916089057922e-02
7.800000000000000000e+01 3.122552484273910522e-02
7.900000000000000000e+01 2.808666974306106567e-02
8.000000000000000000e+01 2.475235052406787872e-02
8.100000000000000000e+01 2.137567475438117981e-02
8.200000000000000000e+01 1.828548684716224670e-02
8.300000000000000000e+01 1.483410224318504333e-02
8.400000000000000000e+01 1.151934638619422913e-02
8.500000000000000000e+01 8.418836630880832672e-03
8.600000000000000000e+01 5.691035185009241104e-03
8.700000000000000000e+01 2.827898366376757622e-03
8.800000000000000000e+01 1.982574467547237873e-04
8.900000000000000000e+01 -2.319435821846127510e-03
9.000000000000000000e+01 -4.201771691441535950e-03
9.100000000000000000e+01 -6.403509993106126785e-03
9.200000000000000000e+01 -7.842258550226688385e-03
9.300000000000000000e+01 -9.305997751653194427e-03
9.400000000000000000e+01 -1.158291380852460861e-02
9.500000000000000000e+01 -1.402885746210813522e-02
9.600000000000000000e+01 -1.669997349381446838e-02
9.700000000000000000e+01 -1.668085902929306030e-02
9.800000000000000000e+01 -1.640700362622737885e-02
9.900000000000000000e+01 -1.394564379006624222e-02
