1.000000000000000000e+00 1.000000000000000000e+00
2.000000000000000000e+00 8.829178214073181152e-01
3.000000000000000000e+00 7.926284670829772949e-01
4.000000000000000000e+00 7.147310972213745117e-01
5.000000000000000000e+00 6.445811390876770020e-01
6.000000000000000000e+00 5.792809128761291504e-01
7.000000000000000000e+00 5.174474716186523438e-01
8.000000000000000000e+00 4.584245979785919189e-01
9.000000000000000000e+00 4.014328122138977051e-01
1.000000000000000000e+01 3.463027179241180420e-01
1.100000000000000000e+01 2.932296395301818848e-01
1.200000000000000000e+01 2.419075220823287964e-01
1.300000000000000000e+01 1.920043528079986572e-01
1.400000000000000000e+01 1.437788158655166626e-01
1.500000000000000000e+01 9.769145399332046509e-02
1.600000000000000000e+01 5.330862104892730713e-02
1.700000000000000000e+01 1.120529416948556900e-02
1.800000000000000000e+01 -2.847240306437015533e-02
1.900000000000000000e+01 -6.530179083347320557e-02
2.000000000000000000e+01 -9.931766986846923828e-02
2.100000000000000000e+01 -1.304777860641479492e-01
2.200000000000000000e+01 -1.578283905982971191e-01
2.300000000000000000e+01 -1.817965209484100342e-01
2.400000000000000000e+01 -2.023944854736328125e-01
2.500000000000000000e+01 -2.192467451095581055e-01
2.600000000000000000e+01 -2.324469536542892456e-01
2.700000000000000000e+01 -2.424856275320053101e-01
2.800000000000000000e+01 -2.493221014738082886e-01
2.900000000000000000e+01 -2.530350387096405029e-01
3.000000000000000000e+01 -2.536758482456207275e-01
3.100000000000000000e+01 -2.517852485179901123e-01
3.200000000000000000e+01 -2.479517161846160889e-01
3.300000000000000000e+01 -2.417173087596893311e-01
3.400000000000000000e+01 -2.339031696319580078e-01
3.500000000000000000e+01 -2.243979573249816895e-01
3.600000000000000000e+01 -2.137317806482315063e-01
3.700000000000000000e+01 -2.019252628087997437e-01
3.800000000000000000e+01 -1.895377337932586670e-01
3.900000000000000000e+01 -1.765207797288894653e-01
4.000000000000000000e+01 -1.628176420927047729e-01
4.100000000000000000e+01 -1.490283310413360596e-01
4.200000000000000000e+01 -1.348789781332015991e-01
4.300000000000000000e+01 -1.205499097704887390e-01
4.400000000000000000e+01 -1.065063476562500000e-01
4.500000000000000000e+01 -9.258197247982025146e-02
4.600000000000000000e+01 -7.906965911388397217e-02
4.700000000000000000e+01 -6.540004163980484009e-02
4.800000000000000000e+01 -5.216525867581367493e-02
4.900000000000000000e+01 -3.960393741726875305e-02
5.000000000000000000e+01 -2.747601829469203949e-02
5.100000000000000000e+01 -1.632856950163841248e-02
5.200000000000000000e+01 -5.193579476326704025e-03
5.300000000000000000e+01 5.239527206867933273e-03
5.400000000000000000e+01 1.428294926881790161e-02
5.500000000000000000e+01 2.232504077255725861e-02
5.600000000000000000e+01 2.998202294111251831e-02
5.700000000000000000e+01 3.757854551076889038e-02
5.800000000000000000e+01 4.431807994842529297e-02
5.900000000000000000e+01 5.020239204168319702e-02
6.000000000000000000e+01 5.560763552784919739e-02
6.100000000000000000e+01 5.981582403182983398e-02
6.200000000000000000e+01 6.314086169004440308e-02
6.300000000000000000e+01 6.578312069177627563e-02
6.400000000000000000e+01 6.809417158365249634e-02
6.500000000000000000e+01 6.965575367212295532e-02
6.600000000000000000e+01 7.071419060230255127e-02
6.700000000000000000e+01 7.050065696239471436e-02
6.800000000000000000e+01 6.937671452760696411e-02
6.900000000000000000e+01 6.760846823453903198e-02
7.000000000000000000e+01 6.511335819959640503e-02
7.100000000000000000e+01 6.235590949654579163e-02
7.200000000000000000e+01 5.888034775853157043e-02
7.300000000000000000e+01 5.501173809170722961e-02
7.400000000000000000e+01 5.139810591936111450e-02
7.500000000000000000e+01 4.738614708185195923e-02
7.600000000000000000e+01 4.354690015316009521e-02
7.700000000000000000e+01 3.976900130510330200e-02
7.800000000000000000e+01 3.687210008502006531e-02
7.900000000000000000e+01 3.371959552168846130e-02
8.000000000000000000e+01 3.041702322661876678e-02
8.100000000000000000e+01 2.747449465095996857e-02
8.200000000000000000e+01 2.463063411414623260e-02
8.300000000000000000e+01 2.136953920125961304e-02
8.400000000000000000e+01 1.789490319788455963e-02
8.500000000000000000e+01 1.515001524239778519e-02
8.600000000000000000e+01 1.236916333436965942e-02
8.700000000000000000e+01 9.649013169109821320e-03
8.800000000000000000e+01 7.118101697415113449e-03
8.900000000000000000e+01 4.396492615342140198e-03
9.000000000000000000e+01 2.001499757170677185e-03
9.100000000000000000e+01 -3.524538769852370024e-04
9.200000000000000000e+01 -1.840064534917473793e-03
9.300000000000000000e+01 -3.711992874741554260e-03
9.400000000000000000e+01 -5.113343708217144012e-03
9.500000000000000000e+01 -6.828832440078258514e-03
9.600000000000000000e+01 -9.674073196947574615e-03
9.700000000000000000e+01 -1.177539676427841187e-02
9.800000000000000000e+01 -1.409702654927968979e-02
9.900000000000000000e+01 -1.716715656220912933e-02
