1.000000000000000000e+00 1.000000000000000000e+00
2.000000000000000000e+00 8.820751905441284180e-01
3.000000000000000000e+00 7.908495664596557617e-01
4.000000000000000000e+00 7.127006053924560547e-01
5.000000000000000000e+00 6.419053077697753906e-01
6.000000000000000000e+00 5.759027004241943359e-01
7.000000000000000000e+00 5.134934186935424805e-01
8.000000000000000000e+00 4.541196823120117188e-01
9.000000000000000000e+00 3.969990909099578857e-01
1.000000000000000000e+01 3.416276574134826660e-01
1.100000000000000000e+01 2.882544994354248047e-01
1.200000000000000000e+01 2.364641129970550537e-01
1.300000000000000000e+01 1.864889115095138550e-01
1.400000000000000000e+01 1.383942365646362305e-01
1.500000000000000000e+01 9.225096553564071655e-02
1.600000000000000000e+01 4.838604852557182312e-02
1.700000000000000000e+01 6.759067997336387634e-03
1.800000000000000000e+01 -3.242764994502067566e-02
1.900000000000000000e+01 -6.887776404619216919e-02
2.000000000000000000e+01 -1.022451817989349365e-01
2.100000000000000000e+01 -1.323584914207458496e-01
2.200000000000000000e+01 -1.588993519544601440e-01
2.300000000000000000e+01 -1.821272969245910645e-01
2.400000000000000000e+01 -2.018841058015823364e-01
2.500000000000000000e+01 -2.179829031229019165e-01
2.600000000000000000e+01 -2.307587862014770508e-01
2.700000000000000000e+01 -2.402850538492202759e-01
2.800000000000000000e+01 -2.467679828405380249e-01
2.900000000000000000e+01 -2.502577900886535645e-01
3.000000000000000000e+01 -2.505838871002197266e-01
3.100000000000000000e+01 -2.483991384506225586e-01
3.200000000000000000e+01 -2.442010343074798584e-01
3.300000000000000000e+01 -2.379054427146911621e-01
3.400000000000000000e+01 -2.299085259437561035e-01
3.500000000000000000e+01 -2.204540371894836426e-01
3.600000000000000000e+01 -2.097272574901580811e-01
3.700000000000000000e+01 -1.981030702590942383e-01
3.800000000000000000e+01 -1.860015690326690674e-01
3.900000000000000000e+01 -1.728593260049819946e-01
4.000000000000000000e+01 -1.590860038995742798e-01
4.100000000000000000e+01 -1.453768610954284668e-01
4.200000000000000000e+01 -1.318171322345733643e-01
4.300000000000000000e+01 -1.180532574653625488e-01
4.400000000000000000e+01 -1.040739864110946655e-01
4.500000000000000000e+01 -8.998591452836990356e-02
4.600000000000000000e+01 -7.649092376232147217e-02
4.700000000000000000e+01 -6.341004371643066406e-02
4.800000000000000000e+01 -5.074694752693176270e-02
4.900000000000000000e+01 -3.845542296767234802e-02
5.000000000000000000e+01 -2.676093950867652893e-02
5.100000000000000000e+01 -1.553454063832759857e-02
5.200000000000000000e+01 -5.185486283153295517e-03
5.300000000000000000e+01 4.393909592181444168e-03
5.400000000000000000e+01 1.316296122968196869e-02
5.500000000000000000e+01 2.114449255168437958e-02
5.600000000000000000e+01 2.851233258843421936e-02
5.700000000000000000e+01 3.531792759895324707e-02
5.800000000000000000e+01 4.151812940835952759e-02
5.900000000000000000e+01 4.728865250945091248e-02
6.000000000000000000e+01 5.232999101281166077e-02
6.100000000000000000e+01 5.676887929439544678e-02
6.200000000000000000e+01 5.999973043799400330e-02
6.300000000000000000e+01 6.303424388170242310e-02
6.400000000000000000e+01 6.560163944959640503e-02
6.500000000000000000e+01 6.717311590909957886e-02
6.600000000000000000e+01 6.813322007656097412e-02
6.700000000000000000e+01 6.855300813913345337e-02
6.800000000000000000e+01 6.801600009202957153e-02
6.900000000000000000e+01 6.680944561958312988e-02
7.000000000000000000e+01 6.509794294834136963e-02
7.100000000000000000e+01 6.276604533195495605e-02
7.200000000000000000e+01 5.963943153619766235e-02
7.300000000000000000e+01 5.685495957732200623e-02
7.400000000000000000e+01 5.339654907584190369e-02
7.500000000000000000e+01 4.990803822875022888e-02
7.600000000000000000e+01 4.612242802977561951e-02
7.700000000000000000e+01 4.241902753710746765e-02
7.800000000000000000e+01 3.856716305017471313e-02
7.900000000000000000e+01 3.489525243639945984e-02
8.000000000000000000e+01 3.202385827898979187e-02
8.100000000000000000e+01 2.901706472039222717e-02
8.200000000000000000e+01 2.589963190257549286e-02
8.300000000000000000e+01 2.333160489797592163e-02
8.400000000000000000e+01 2.109138667583465576e-02
8.500000000000000000e+01 1.832669414579868317e-02
8.600000000000000000e+01 1.542526483535766602e-02
8.700000000000000000e+01 1.336335670202970505e-02
8.800000000000000000e+01 1.197995804250240326e-02
8.900000000000000000e+01 9.840453974902629852e-03
9.000000000000000000e+01 8.156135678291320801e-03
9.100000000000000000e+01 5.893363151699304581e-03
9.200000000000000000e+01 3.967918455600738525e-03
9.300000000000000000e+01 2.200938761234283447e-03
9.400000000000000000e+01 1.063474686816334724e-03
9.500000000000000000e+01 -1.475933822803199291e-03
9.600000000000000000e+01 -3.373100655153393745e-03
9.700000000000000000e+01 -6.612520664930343628e-03
9.800000000000000000e+01 -7.272569462656974792e-03
9.900000000000000000e+01 -6.529002916067838669e-03
