1.000000000000000000e+00 1.000000000000000000e+00
2.000000000000000000e+00 8.727605342864990234e-01
3.000000000000000000e+00 7.753200531005859375e-01
4.000000000000000000e+00 6.922591328620910645e-01
5.000000000000000000e+00 6.178813576698303223e-01
6.000000000000000000e+00 5.491870641708374023e-01
7.000000000000000000e+00 4.849013686180114746e-01
8.000000000000000000e+00 4.241870641708374023e-01
9.000000000000000000e+00 3.665017187595367432e-01
1.000000000000000000e+01 3.115593492984771729e-01
1.100000000000000000e+01 2.588050067424774170e-01
1.200000000000000000e+01 2.081628143787384033e-01
1.300000000000000000e+01 1.596728116273880005e-01
1.400000000000000000e+01 1.133382916450500488e-01
1.500000000000000000e+01 6.926866620779037476e-02
1.600000000000000000e+01 2.760544233024120331e-02
1.700000000000000000e+01 -1.144417840987443924e-02
1.800000000000000000e+01 -4.752162843942642212e-02
1.900000000000000000e+01 -8.059023320674896240e-02
2.000000000000000000e+01 -1.104607507586479187e-01
2.100000000000000000e+01 -1.368122547864913940e-01
2.200000000000000000e+01 -1.598104685544967651e-01
2.300000000000000000e+01 -1.792656332254409790e-01
2.400000000000000000e+01 -1.954635530710220337e-01
2.500000000000000000e+01 -2.082711607217788696e-01
2.600000000000000000e+01 -2.178593426942825317e-01
2.700000000000000000e+01 -2.241518348455429077e-01
2.800000000000000000e+01 -2.276368886232376099e-01
2.900000000000000000e+01 -2.284886986017227173e-01
3.000000000000000000e+01 -2.268518954515457153e-01
3.100000000000000000e+01 -2.229354083538055420e-01
3.200000000000000000e+01 -2.173235565423965454e-01
3.300000000000000000e+01 -2.100606858730316162e-01
3.400000000000000000e+01 -2.015235126018524170e-01
3.500000000000000000e+01 -1.914080828428268433e-01
3.600000000000000000e+01 -1.804260462522506714e-01
3.700000000000000000e+01 -1.686358898878097534e-01
3.800000000000000000e+01 -1.560658365488052368e-01
3.900000000000000000e+01 -1.428325027227401733e-01
4.000000000000000000e+01 -1.292925029993057251e-01
4.100000000000000000e+01 -1.159968748688697815e-01
4.200000000000000000e+01 -1.026976108551025391e-01
4.300000000000000000e+01 -8.966321498155593872e-02
4.400000000000000000e+01 -7.676255702972412109e-02
4.500000000000000000e+01 -6.401422619819641113e-02
4.600000000000000000e+01 -5.162249505519866943e-02
4.700000000000000000e+01 -3.960727527737617493e-02
4.800000000000000000e+01 -2.847216837108135223e-02
4.900000000000000000e+01 -1.781874522566795349e-02
5.000000000000000000e+01 -7.570557761937379837e-03
5.100000000000000000e+01 1.700203516520559788e-03
5.200000000000000000e+01 1.007998827844858170e-02
5.300000000000000000e+01 1.824980415403842926e-02
5.400000000000000000e+01 2.543111518025398254e-02
5.500000000000000000e+01 3.179602697491645813e-02
5.600000000000000000e+01 3.707904368638992310e-02
5.700000000000000000e+01 4.166453331708908081e-02
5.800000000000000000e+01 4.579928517341613770e-02
5.900000000000000000e+01 4.930600896477699280e-02
6.000000000000000000e+01 5.224556103348731995e-02
6.100000000000000000e+01 5.451380833983421326e-02
6.200000000000000000e+01 5.611263215541839600e-02
6.300000000000000000e+01 5.719921737909317017e-02
6.400000000000000000e+01 5.774258822202682495e-02
6.500000000000000000e+01 5.728327110409736633e-02
6.600000000000000000e+01 5.695123597979545593e-02
6.700000000000000000e+01 5.553228408098220825e-02
6.800000000000000000e+01 5.360505729913711548e-02
6.900000000000000000e+01 5.138877406716346741e-02
7.000000000000000000e+01 4.857671633362770081e-02
7.100000000000000000e+01 4.543034359812736511e-02
7.200000000000000000e+01 4.207283258438110352e-02
7.300000000000000000e+01 3.849468007683753967e-02
7.400000000000000000e+01 3.490408509969711304e-02
7.500000000000000000e+01 3.157931566238403320e-02
7.600000000000000000e+01 2.812963537871837616e-02
7.700000000000000000e+01 2.475304715335369110e-02
7.800000000000000000e+01 2.128073759377002716e-02
7.900000000000000000e+01 1.769657805562019348e-02
8.000000000000000000e+01 1.420803181827068329e-02
8.100000000000000000e+01 1.135871931910514832e-02
8.200000000000000000e+01 8.843352086842060089e-03
8.300000000000000000e+01 6.107191089540719986e-03
8.400000000000000000e+01 3.460787236690521240e-03
8.500000000000000000e+01 1.289531704969704151e-03
8.600000000000000000e+01 -3.684859839268028736e-04
8.700000000000000000e+01 -2.019727369770407677e-03
8.800000000000000000e+01 -4.741768352687358856e-03
8.900000000000000000e+01 -7.328459993004798889e-03
9.000000000000000000e+01 -9.844029322266578674e-03
9.100000000000000000e+01 -1.218655426055192947e-02
9.200000000000000000e+01 -1.428875885903835297e-02
9.300000000000000000e+01 -1.650892943143844604e-02
9.400000000000000000e+01 -1.909933611750602722e-02
9.500000000000000000e+01 -2.245748974382877350e-02
9.600000000000000000e+01 -2.537100017070770264e-02
9.700000000000000000e+01 -2.515687048435211182e-02
9.800000000000000000e+01 -2.640981599688529968e-02
9.900000000000000000e+01 -2.428236044943332672e-02
