1.000000000000000000e+00 1.000000000000000000e+00
2.000000000000000000e+00 8.823249936103820801e-01
3.000000000000000000e+00 7.915177941322326660e-01
4.000000000000000000e+00 7.135827541351318359e-01
5.000000000000000000e+00 6.428748965263366699e-01
6.000000000000000000e+00 5.770272016525268555e-01
7.000000000000000000e+00 5.147196054458618164e-01
8.000000000000000000e+00 4.553600251674652100e-01
9.000000000000000000e+00 3.984612524509429932e-01
1.000000000000000000e+01 3.437537252902984619e-01
1.100000000000000000e+01 2.906070351600646973e-01
1.200000000000000000e+01 2.390402555465698242e-01
1.300000000000000000e+01 1.890944689512252808e-01
1.400000000000000000e+01 1.408942341804504395e-01
1.500000000000000000e+01 9.430023282766342163e-02
1.600000000000000000e+01 4.978588223457336426e-02
1.700000000000000000e+01 7.805322296917438507e-03
1.800000000000000000e+01 -3.150486946105957031e-02
1.900000000000000000e+01 -6.810774654150009155e-02
2.000000000000000000e+01 -1.016599461436271667e-01
2.100000000000000000e+01 -1.320715695619583130e-01
2.200000000000000000e+01 -1.592193841934204102e-01
2.300000000000000000e+01 -1.827932447195053101e-01
2.400000000000000000e+01 -2.027865201234817505e-01
2.500000000000000000e+01 -2.190136760473251343e-01
2.600000000000000000e+01 -2.316952645778656006e-01
2.700000000000000000e+01 -2.413659840822219849e-01
2.800000000000000000e+01 -2.478575855493545532e-01
2.900000000000000000e+01 -2.510187625885009766e-01
3.000000000000000000e+01 -2.514131367206573486e-01
3.100000000000000000e+01 -2.494038939476013184e-01
3.200000000000000000e+01 -2.451681345701217651e-01
3.300000000000000000e+01 -2.389339804649353027e-01
3.400000000000000000e+01 -2.309041172266006470e-01
3.500000000000000000e+01 -2.213739752769470215e-01
3.600000000000000000e+01 -2.108237594366073608e-01
3.700000000000000000e+01 -1.991104334592819214e-01
3.800000000000000000e+01 -1.869665533304214478e-01
3.900000000000000000e+01 -1.737921684980392456e-01
4.000000000000000000e+01 -1.600379645824432373e-01
4.100000000000000000e+01 -1.461043953895568848e-01
4.200000000000000000e+01 -1.320862770080566406e-01
4.300000000000000000e+01 -1.178247779607772827e-01
4.400000000000000000e+01 -1.037213951349258423e-01
4.500000000000000000e+01 -8.962937444448471069e-02
4.600000000000000000e+01 -7.574002444744110107e-02
4.700000000000000000e+01 -6.239099800586700439e-02
4.800000000000000000e+01 -5.001590028405189514e-02
4.900000000000000000e+01 -3.820063546299934387e-02
5.000000000000000000e+01 -2.690675109624862671e-02
5.100000000000000000e+01 -1.595655828714370728e-02
5.200000000000000000e+01 -5.823316052556037903e-03
5.300000000000000000e+01 3.447254654020071030e-03
5.400000000000000000e+01 1.238209754228591919e-02
5.500000000000000000e+01 2.087212726473808289e-02
5.600000000000000000e+01 2.853576093912124634e-02
5.700000000000000000e+01 3.582189604640007019e-02
5.800000000000000000e+01 4.216599091887474060e-02
5.900000000000000000e+01 4.786574840545654297e-02
6.000000000000000000e+01 5.276435986161231995e-02
6.100000000000000000e+01 5.667154863476753235e-02
6.200000000000000000e+01 6.009824573993682861e-02
6.300000000000000000e+01 6.297431141138076782e-02
6.400000000000000000e+01 6.481523811817169189e-02
6.500000000000000000e+01 6.589562445878982544e-02
6.600000000000000000e+01 6.659601628780364990e-02
6.700000000000000000e+01 6.652880460023880005e-02
6.800000000000000000e+01 6.562718749046325684e-02
6.900000000000000000e+01 6.420963257551193237e-02
7.000000000000000000e+01 6.185263767838478088e-02
7.100000000000000000e+01 5.917031317949295044e-02
7.200000000000000000e+01 5.693887919187545776e-02
7.300000000000000000e+01 5.448336154222488403e-02
7.400000000000000000e+01 5.194934457540512085e-02
7.500000000000000000e+01 4.885666444897651672e-02
7.600000000000000000e+01 4.518429189920425415e-02
7.700000000000000000e+01 4.213226959109306335e-02
7.800000000000000000e+01 3.952220082283020020e-02
7.900000000000000000e+01 3.689997643232345581e-02
8.000000000000000000e+01 3.392450883984565735e-02
8.100000000000000000e+01 3.098531067371368408e-02
8.200000000000000000e+01 2.822860144078731537e-02
8.300000000000000000e+01 2.584404684603214264e-02
8.400000000000000000e+01 2.355115301907062531e-02
8.500000000000000000e+01 2.099641039967536926e-02
8.600000000000000000e+01 1.897644437849521637e-02
8.700000000000000000e+01 1.658727601170539856e-02
8.800000000000000000e+01 1.445492170751094818e-02
8.900000000000000000e+01 1.231812033802270889e-02
9.000000000000000000e+01 1.011068560183048248e-02
9.100000000000000000e+01 7.441591005772352219e-03
9.200000000000000000e+01 5.051379092037677765e-03
9.300000000000000000e+01 2.411402529105544090e-03
9.400000000000000000e+01 -3.194729506503790617e-04
9.500000000000000000e+01 -3.216258715838193893e-03
9.600000000000000000e+01 -8.170789107680320740e-03
9.700000000000000000e+01 -1.197074539959430695e-02
9.800000000000000000e+01 -1.407152600586414337e-02
9.900000000000000000e+01 -1.517576072365045547e-02
