1.000000000000000000e+00 1.000000000000000000e+00
2.000000000000000000e+00 8.790512681007385254e-01
3.000000000000000000e+00 7.860064506530761719e-01
4.000000000000000000e+00 7.062698006629943848e-01
5.000000000000000000e+00 6.341230273246765137e-01
6.000000000000000000e+00 5.671881437301635742e-01
7.000000000000000000e+00 5.045794844627380371e-01
8.000000000000000000e+00 4.446900188922882080e-01
9.000000000000000000e+00 3.874335587024688721e-01
1.000000000000000000e+01 3.324202299118041992e-01
1.100000000000000000e+01 2.794141173362731934e-01
1.200000000000000000e+01 2.283208072185516357e-01
1.300000000000000000e+01 1.792615801095962524e-01
1.400000000000000000e+01 1.320163011550903320e-01
1.500000000000000000e+01 8.655742555856704712e-02
1.600000000000000000e+01 4.311625286936759949e-02
1.700000000000000000e+01 2.217974513769149780e-03
1.800000000000000000e+01 -3.610552102327346802e-02
1.900000000000000000e+01 -7.139173150062561035e-02
2.000000000000000000e+01 -1.037458628416061401e-01
2.100000000000000000e+01 -1.327736824750900269e-01
2.200000000000000000e+01 -1.587370783090591431e-01
2.300000000000000000e+01 -1.811644583940505981e-01
2.400000000000000000e+01 -2.000896632671356201e-01
2.500000000000000000e+01 -2.156677097082138062e-01
2.600000000000000000e+01 -2.279051393270492554e-01
2.700000000000000000e+01 -2.367267757654190063e-01
2.800000000000000000e+01 -2.425107955932617188e-01
2.900000000000000000e+01 -2.455448061227798462e-01
3.000000000000000000e+01 -2.456935495138168335e-01
3.100000000000000000e+01 -2.432192265987396240e-01
3.200000000000000000e+01 -2.385949641466140747e-01
3.300000000000000000e+01 -2.317948043346405029e-01
3.400000000000000000e+01 -2.232757955789566040e-01
3.500000000000000000e+01 -2.135735303163528442e-01
3.600000000000000000e+01 -2.026982158422470093e-01
3.700000000000000000e+01 -1.908797621726989746e-01
3.800000000000000000e+01 -1.782206594944000244e-01
3.900000000000000000e+01 -1.650123149156570435e-01
4.000000000000000000e+01 -1.514071524143218994e-01
4.100000000000000000e+01 -1.376249939203262329e-01
4.200000000000000000e+01 -1.238986253738403320e-01
4.300000000000000000e+01 -1.099770441651344299e-01
4.400000000000000000e+01 -9.610170871019363403e-02
4.500000000000000000e+01 -8.228341490030288696e-02
4.600000000000000000e+01 -6.896708905696868896e-02
4.700000000000000000e+01 -5.595081672072410583e-02
4.800000000000000000e+01 -4.334867000579833984e-02
4.900000000000000000e+01 -3.144596517086029053e-02
5.000000000000000000e+01 -2.016560547053813934e-02
5.100000000000000000e+01 -9.867028333246707916e-03
5.200000000000000000e+01 -3.330879262648522854e-04
5.300000000000000000e+01 8.600016124546527863e-03
5.400000000000000000e+01 1.693954132497310638e-02
5.500000000000000000e+01 2.465976029634475708e-02
5.600000000000000000e+01 3.148454800248146057e-02
5.700000000000000000e+01 3.791271150112152100e-02
5.800000000000000000e+01 4.382639378309249878e-02
5.900000000000000000e+01 4.933201894164085388e-02
6.000000000000000000e+01 5.390149354934692383e-02
6.100000000000000000e+01 5.749605596065521240e-02
6.200000000000000000e+01 6.069297343492507935e-02
6.300000000000000000e+01 6.347243487834930420e-02
6.400000000000000000e+01 6.541942805051803589e-02
6.500000000000000000e+01 6.639579683542251587e-02
6.600000000000000000e+01 6.666322052478790283e-02
6.700000000000000000e+01 6.615331023931503296e-02
6.800000000000000000e+01 6.518390774726867676e-02
6.900000000000000000e+01 6.389296799898147583e-02
7.000000000000000000e+01 6.196637451648712158e-02
7.100000000000000000e+01 5.941875278949737549e-02
7.200000000000000000e+01 5.553781241178512573e-02
7.300000000000000000e+01 5.170540511608123779e-02
7.400000000000000000e+01 4.791140183806419373e-02
7.500000000000000000e+01 4.439776018261909485e-02
7.600000000000000000e+01 4.046964645385742188e-02
7.700000000000000000e+01 3.623680397868156433e-02
7.800000000000000000e+01 3.250880911946296692e-02
7.900000000000000000e+01 2.895344421267509460e-02
8.000000000000000000e+01 2.583820559084415436e-02
8.100000000000000000e+01 2.283880859613418579e-02
8.200000000000000000e+01 1.985965482890605927e-02
8.300000000000000000e+01 1.665372587740421295e-02
8.400000000000000000e+01 1.300276815891265869e-02
8.500000000000000000e+01 9.658987633883953094e-03
8.600000000000000000e+01 6.370733026415109634e-03
8.700000000000000000e+01 3.701229579746723175e-03
8.800000000000000000e+01 1.891161547973752022e-03
8.900000000000000000e+01 -1.305469195358455181e-04
9.000000000000000000e+01 -2.170030958950519562e-03
9.100000000000000000e+01 -4.651400260627269745e-03
9.200000000000000000e+01 -6.734427530318498611e-03
9.300000000000000000e+01 -9.021481499075889587e-03
9.400000000000000000e+01 -1.026970893144607544e-02
9.500000000000000000e+01 -1.177167706191539764e-02
9.600000000000000000e+01 -1.297598239034414291e-02
9.700000000000000000e+01 -1.540893316268920898e-02
9.800000000000000000e+01 -1.619997993111610413e-02
9.900000000000000000e+01 -1.975950226187705994e-02
