1.000000000000000000e+00 1.000000000000000000e+00
2.000000000000000000e+00 8.780183196067810059e-01
3.000000000000000000e+00 7.841649651527404785e-01
4.000000000000000000e+00 7.034841179847717285e-01
5.000000000000000000e+00 6.311036348342895508e-01
6.000000000000000000e+00 5.639480352401733398e-01
7.000000000000000000e+00 5.008205771446228027e-01
8.000000000000000000e+00 4.405287802219390869e-01
9.000000000000000000e+00 3.827926814556121826e-01
1.000000000000000000e+01 3.277507722377777100e-01
1.100000000000000000e+01 2.751479744911193848e-01
1.200000000000000000e+01 2.242836654186248779e-01
1.300000000000000000e+01 1.753088682889938354e-01
1.400000000000000000e+01 1.280551701784133911e-01
1.500000000000000000e+01 8.302588760852813721e-02
1.600000000000000000e+01 3.965269401669502258e-02
1.700000000000000000e+01 -1.355255721136927605e-03
1.800000000000000000e+01 -3.949784860014915466e-02
1.900000000000000000e+01 -7.474657148122787476e-02
2.000000000000000000e+01 -1.067067757248878479e-01
2.100000000000000000e+01 -1.353951543569564819e-01
2.200000000000000000e+01 -1.606458723545074463e-01
2.300000000000000000e+01 -1.825102120637893677e-01
2.400000000000000000e+01 -2.010935246944427490e-01
2.500000000000000000e+01 -2.158246487379074097e-01
2.600000000000000000e+01 -2.270976305007934570e-01
2.700000000000000000e+01 -2.352365106344223022e-01
2.800000000000000000e+01 -2.400891631841659546e-01
2.900000000000000000e+01 -2.421152889728546143e-01
3.000000000000000000e+01 -2.417051047086715698e-01
3.100000000000000000e+01 -2.386931031942367554e-01
3.200000000000000000e+01 -2.335506081581115723e-01
3.300000000000000000e+01 -2.263398617506027222e-01
3.400000000000000000e+01 -2.178969085216522217e-01
3.500000000000000000e+01 -2.079765498638153076e-01
3.600000000000000000e+01 -1.968046128749847412e-01
3.700000000000000000e+01 -1.850178837776184082e-01
3.800000000000000000e+01 -1.724909096956253052e-01
3.900000000000000000e+01 -1.593559682369232178e-01
4.000000000000000000e+01 -1.459974497556686401e-01
4.100000000000000000e+01 -1.319280862808227539e-01
4.200000000000000000e+01 -1.182490512728691101e-01
4.300000000000000000e+01 -1.047626510262489319e-01
4.400000000000000000e+01 -9.147115051746368408e-02
4.500000000000000000e+01 -7.834901660680770874e-02
4.600000000000000000e+01 -6.504930555820465088e-02
4.700000000000000000e+01 -5.164948850870132446e-02
4.800000000000000000e+01 -3.949694335460662842e-02
4.900000000000000000e+01 -2.789295092225074768e-02
5.000000000000000000e+01 -1.686975918710231781e-02
5.100000000000000000e+01 -6.809995044022798538e-03
5.200000000000000000e+01 2.923104213550686836e-03
5.300000000000000000e+01 1.164142973721027374e-02
5.400000000000000000e+01 1.970764435827732086e-02
5.500000000000000000e+01 2.728982456028461456e-02
5.600000000000000000e+01 3.399097919464111328e-02
5.700000000000000000e+01 4.010525718331336975e-02
5.800000000000000000e+01 4.569319635629653931e-02
5.900000000000000000e+01 5.040398240089416504e-02
6.000000000000000000e+01 5.438354983925819397e-02
6.100000000000000000e+01 5.772472918033599854e-02
6.200000000000000000e+01 6.024232134222984314e-02
6.300000000000000000e+01 6.177566945552825928e-02
6.400000000000000000e+01 6.283406168222427368e-02
6.500000000000000000e+01 6.317695230245590210e-02
6.600000000000000000e+01 6.301898509263992310e-02
6.700000000000000000e+01 6.257641315460205078e-02
6.800000000000000000e+01 6.168224290013313293e-02
6.900000000000000000e+01 6.023060530424118042e-02
7.000000000000000000e+01 5.845370516180992126e-02
7.100000000000000000e+01 5.641834065318107605e-02
7.200000000000000000e+01 5.378902330994606018e-02
7.300000000000000000e+01 5.035144463181495667e-02
7.400000000000000000e+01 4.657578840851783752e-02
7.500000000000000000e+01 4.270758852362632751e-02
7.600000000000000000e+01 3.860788419842720032e-02
7.700000000000000000e+01 3.469990566372871399e-02
7.800000000000000000e+01 3.083479404449462891e-02
7.900000000000000000e+01 2.751775830984115601e-02
8.000000000000000000e+01 2.486685477197170258e-02
8.100000000000000000e+01 2.208597585558891296e-02
8.200000000000000000e+01 1.975878328084945679e-02
8.300000000000000000e+01 1.777707040309906006e-02
8.400000000000000000e+01 1.561483554542064667e-02
8.500000000000000000e+01 1.322307065129280090e-02
8.600000000000000000e+01 1.031646318733692169e-02
8.700000000000000000e+01 7.289261091500520706e-03
8.800000000000000000e+01 4.031978081911802292e-03
8.900000000000000000e+01 2.035690005868673325e-03
9.000000000000000000e+01 9.711662423796951771e-04
9.100000000000000000e+01 -1.565347076393663883e-03
9.200000000000000000e+01 -4.176826216280460358e-03
9.300000000000000000e+01 -7.974411360919475555e-03
9.400000000000000000e+01 -1.142918691039085388e-02
9.500000000000000000e+01 -1.387951336801052094e-02
9.600000000000000000e+01 -1.626770012080669403e-02
9.700000000000000000e+01 -1.763226836919784546e-02
9.800000000000000000e+01 -1.698292233049869537e-02
9.900000000000000000e+01 -1.519881561398506165e-02
