1.000000000000000000e+00 1.000000000000000000e+00
2.000000000000000000e+00 8.796361684799194336e-01
3.000000000000000000e+00 7.865957617759704590e-01
4.000000000000000000e+00 7.069522142410278320e-01
5.000000000000000000e+00 6.351402401924133301e-01
6.000000000000000000e+00 5.681958794593811035e-01
7.000000000000000000e+00 5.054272413253784180e-01
8.000000000000000000e+00 4.456129074096679688e-01
9.000000000000000000e+00 3.883244395256042480e-01
1.000000000000000000e+01 3.331181108951568604e-01
1.100000000000000000e+01 2.798966467380523682e-01
1.200000000000000000e+01 2.287540137767791748e-01
1.300000000000000000e+01 1.796371936798095703e-01
1.400000000000000000e+01 1.321453303098678589e-01
1.500000000000000000e+01 8.678875863552093506e-02
1.600000000000000000e+01 4.352128133177757263e-02
1.700000000000000000e+01 2.446883590891957283e-03
1.800000000000000000e+01 -3.600525110960006714e-02
1.900000000000000000e+01 -7.151296734809875488e-02
2.000000000000000000e+01 -1.040021032094955444e-01
2.100000000000000000e+01 -1.334288418292999268e-01
2.200000000000000000e+01 -1.593662202358245850e-01
2.300000000000000000e+01 -1.820033341646194458e-01
2.400000000000000000e+01 -2.010756433010101318e-01
2.500000000000000000e+01 -2.166250944137573242e-01
2.600000000000000000e+01 -2.288986444473266602e-01
2.700000000000000000e+01 -2.380665093660354614e-01
2.800000000000000000e+01 -2.438843250274658203e-01
2.900000000000000000e+01 -2.468690574169158936e-01
3.000000000000000000e+01 -2.468429654836654663e-01
3.100000000000000000e+01 -2.446176707744598389e-01
3.200000000000000000e+01 -2.399551570415496826e-01
3.300000000000000000e+01 -2.333525419235229492e-01
3.400000000000000000e+01 -2.249285280704498291e-01
3.500000000000000000e+01 -2.152825146913528442e-01
3.600000000000000000e+01 -2.042318135499954224e-01
3.700000000000000000e+01 -1.923976987600326538e-01
3.800000000000000000e+01 -1.795603781938552856e-01
3.900000000000000000e+01 -1.660058051347732544e-01
4.000000000000000000e+01 -1.523213982582092285e-01
4.100000000000000000e+01 -1.384151726961135864e-01
4.200000000000000000e+01 -1.239835619926452637e-01
4.300000000000000000e+01 -1.098109632730484009e-01
4.400000000000000000e+01 -9.575887024402618408e-02
4.500000000000000000e+01 -8.175579458475112915e-02
4.600000000000000000e+01 -6.836099177598953247e-02
4.700000000000000000e+01 -5.515597015619277954e-02
4.800000000000000000e+01 -4.217771068215370178e-02
4.900000000000000000e+01 -3.032085672020912170e-02
5.000000000000000000e+01 -1.932722516357898712e-02
5.100000000000000000e+01 -8.841609582304954529e-03
5.200000000000000000e+01 1.037147827446460724e-03
5.300000000000000000e+01 1.073558162897825241e-02
5.400000000000000000e+01 1.965081878006458282e-02
5.500000000000000000e+01 2.787022851407527924e-02
5.600000000000000000e+01 3.531654924154281616e-02
5.700000000000000000e+01 4.213253408670425415e-02
5.800000000000000000e+01 4.804350435733795166e-02
5.900000000000000000e+01 5.331341549754142761e-02
6.000000000000000000e+01 5.794466659426689148e-02
6.100000000000000000e+01 6.138034164905548096e-02
6.200000000000000000e+01 6.399972736835479736e-02
6.300000000000000000e+01 6.563486903905868530e-02
6.400000000000000000e+01 6.676921248435974121e-02
6.500000000000000000e+01 6.723830103874206543e-02
6.600000000000000000e+01 6.734389066696166992e-02
6.700000000000000000e+01 6.641905009746551514e-02
6.800000000000000000e+01 6.465836614370346069e-02
6.900000000000000000e+01 6.234281137585639954e-02
7.000000000000000000e+01 5.969834700226783752e-02
7.100000000000000000e+01 5.656643211841583252e-02
7.200000000000000000e+01 5.279394611716270447e-02
7.300000000000000000e+01 4.879447072744369507e-02
7.400000000000000000e+01 4.465688392519950867e-02
7.500000000000000000e+01 4.058047756552696228e-02
7.600000000000000000e+01 3.631142899394035339e-02
7.700000000000000000e+01 3.193540871143341064e-02
7.800000000000000000e+01 2.813165634870529175e-02
7.900000000000000000e+01 2.439059875905513763e-02
8.000000000000000000e+01 2.152629941701889038e-02
8.100000000000000000e+01 1.847111620008945465e-02
8.200000000000000000e+01 1.568815484642982483e-02
8.300000000000000000e+01 1.319309882819652557e-02
8.400000000000000000e+01 1.060091145336627960e-02
8.500000000000000000e+01 7.705462630838155746e-03
8.600000000000000000e+01 4.456528928130865097e-03
8.700000000000000000e+01 2.149769105017185211e-03
8.800000000000000000e+01 -1.585501013323664665e-04
8.900000000000000000e+01 -1.555685186758637428e-03
9.000000000000000000e+01 -3.094828920438885689e-03
9.100000000000000000e+01 -5.036346148699522018e-03
9.200000000000000000e+01 -6.626681890338659286e-03
9.300000000000000000e+01 -7.505678571760654449e-03
9.400000000000000000e+01 -9.840114042162895203e-03
9.500000000000000000e+01 -9.539375081658363342e-03
9.600000000000000000e+01 -1.108979992568492889e-02
9.700000000000000000e+01 -1.328983716666698456e-02
9.800000000000000000e+01 -1.385654509067535400e-02
9.900000000000000000e+01 -1.787481270730495453e-02
