1.000000000000000000e+00 1.000000000000000000e+00
2.000000000000000000e+00 8.847139477729797363e-01
3.000000000000000000e+00 7.956805825233459473e-01
4.000000000000000000e+00 7.193045020103454590e-01
5.000000000000000000e+00 6.498538851737976074e-01
6.000000000000000000e+00 5.847866535186767578e-01
7.000000000000000000e+00 5.233821272850036621e-01
8.000000000000000000e+00 4.645911157131195068e-01
9.000000000000000000e+00 4.079034030437469482e-01
1.000000000000000000e+01 3.530876636505126953e-01
1.100000000000000000e+01 2.999616265296936035e-01
1.200000000000000000e+01 2.485174238681793213e-01
1.300000000000000000e+01 1.986278444528579712e-01
1.400000000000000000e+01 1.499006003141403198e-01
1.500000000000000000e+01 1.029933691024780273e-01
1.600000000000000000e+01 5.794559791684150696e-02
1.700000000000000000e+01 1.511950511485338211e-02
1.800000000000000000e+01 -2.520997822284698486e-02
1.900000000000000000e+01 -6.290716677904129028e-02
2.000000000000000000e+01 -9.769163280725479126e-02
2.100000000000000000e+01 -1.292651593685150146e-01
2.200000000000000000e+01 -1.574950516223907471e-01
2.300000000000000000e+01 -1.822838932275772095e-01
2.400000000000000000e+01 -2.033261209726333618e-01
2.500000000000000000e+01 -2.211721390485763550e-01
2.600000000000000000e+01 -2.353058755397796631e-01
2.700000000000000000e+01 -2.461719214916229248e-01
2.800000000000000000e+01 -2.541049718856811523e-01
2.900000000000000000e+01 -2.586059868335723877e-01
3.000000000000000000e+01 -2.604627907276153564e-01
3.100000000000000000e+01 -2.594927251338958740e-01
3.200000000000000000e+01 -2.562807798385620117e-01
3.300000000000000000e+01 -2.505479753017425537e-01
3.400000000000000000e+01 -2.429493218660354614e-01
3.500000000000000000e+01 -2.336013317108154297e-01
3.600000000000000000e+01 -2.226951420307159424e-01
3.700000000000000000e+01 -2.106252461671829224e-01
3.800000000000000000e+01 -1.978290230035781860e-01
3.900000000000000000e+01 -1.840172111988067627e-01
4.000000000000000000e+01 -1.698170751333236694e-01
4.100000000000000000e+01 -1.554164141416549683e-01
4.200000000000000000e+01 -1.408656686544418335e-01
4.300000000000000000e+01 -1.262352764606475830e-01
4.400000000000000000e+01 -1.114871799945831299e-01
4.500000000000000000e+01 -9.677304327487945557e-02
4.600000000000000000e+01 -8.275928348302841187e-02
4.700000000000000000e+01 -6.895670294761657715e-02
4.800000000000000000e+01 -5.544515699148178101e-02
4.900000000000000000e+01 -4.239998757839202881e-02
5.000000000000000000e+01 -2.986999973654747009e-02
5.100000000000000000e+01 -1.806639507412910461e-02
5.200000000000000000e+01 -6.818263791501522064e-03
5.300000000000000000e+01 3.666579490527510643e-03
5.400000000000000000e+01 1.368142943829298019e-02
5.500000000000000000e+01 2.272804081439971924e-02
5.600000000000000000e+01 3.110120259225368500e-02
5.700000000000000000e+01 3.859161585569381714e-02
5.800000000000000000e+01 4.549191892147064209e-02
5.900000000000000000e+01 5.195765197277069092e-02
6.000000000000000000e+01 5.772747844457626343e-02
6.100000000000000000e+01 6.247693672776222229e-02
6.200000000000000000e+01 6.623348593711853027e-02
6.300000000000000000e+01 6.894578784704208374e-02
6.400000000000000000e+01 7.137697935104370117e-02
6.500000000000000000e+01 7.320112735033035278e-02
6.600000000000000000e+01 7.415325939655303955e-02
6.700000000000000000e+01 7.418902218341827393e-02
6.800000000000000000e+01 7.296004891395568848e-02
6.900000000000000000e+01 7.128918170928955078e-02
7.000000000000000000e+01 6.926501542329788208e-02
7.100000000000000000e+01 6.659781187772750854e-02
7.200000000000000000e+01 6.379597634077072144e-02
7.300000000000000000e+01 5.996050313115119934e-02
7.400000000000000000e+01 5.574139580130577087e-02
7.500000000000000000e+01 5.177881196141242981e-02
7.600000000000000000e+01 4.816276207566261292e-02
7.700000000000000000e+01 4.460772871971130371e-02
7.800000000000000000e+01 4.132234305143356323e-02
7.900000000000000000e+01 3.779051080346107483e-02
8.000000000000000000e+01 3.467158973217010498e-02
8.100000000000000000e+01 3.178187459707260132e-02
8.200000000000000000e+01 2.844377048313617706e-02
8.300000000000000000e+01 2.473195083439350128e-02
8.400000000000000000e+01 2.131605893373489380e-02
8.500000000000000000e+01 1.878657378256320953e-02
8.600000000000000000e+01 1.574549637734889984e-02
8.700000000000000000e+01 1.325604505836963654e-02
8.800000000000000000e+01 1.085519790649414062e-02
8.900000000000000000e+01 8.474690839648246765e-03
9.000000000000000000e+01 5.036104936152696609e-03
9.100000000000000000e+01 1.962182810530066490e-03
9.200000000000000000e+01 -1.213994459249079227e-03
9.300000000000000000e+01 -3.413002472370862961e-03
9.400000000000000000e+01 -6.060512736439704895e-03
9.500000000000000000e+01 -8.272481150925159454e-03
9.600000000000000000e+01 -9.807517752051353455e-03
9.700000000000000000e+01 -9.736001491546630859e-03
9.800000000000000000e+01 -8.552085608243942261e-03
9.900000000000000000e+01 -1.168026868253946304e-02
