1.000000000000000000e+00 1.000000000000000000e+00
2.000000000000000000e+00 8.837882876396179199e-01
3.000000000000000000e+00 7.940731048583984375e-01
4.000000000000000000e+00 7.169936299324035645e-01
5.000000000000000000e+00 6.471898555755615234e-01
6.000000000000000000e+00 5.821176171302795410e-01
7.000000000000000000e+00 5.204804539680480957e-01
8.000000000000000000e+00 4.615846574306488037e-01
9.000000000000000000e+00 4.050684273242950439e-01
1.000000000000000000e+01 3.504548370838165283e-01
1.100000000000000000e+01 2.973281741142272949e-01
1.200000000000000000e+01 2.459690868854522705e-01
1.300000000000000000e+01 1.961791515350341797e-01
1.400000000000000000e+01 1.478604376316070557e-01
1.500000000000000000e+01 1.011548265814781189e-01
1.600000000000000000e+01 5.653898045420646667e-02
1.700000000000000000e+01 1.405030954629182816e-02
1.800000000000000000e+01 -2.615743875503540039e-02
1.900000000000000000e+01 -6.338052451610565186e-02
2.000000000000000000e+01 -9.771803766489028931e-02
2.100000000000000000e+01 -1.289593726396560669e-01
2.200000000000000000e+01 -1.568926721811294556e-01
2.300000000000000000e+01 -1.815226525068283081e-01
2.400000000000000000e+01 -2.030783891677856445e-01
2.500000000000000000e+01 -2.210517227649688721e-01
2.600000000000000000e+01 -2.352529317140579224e-01
2.700000000000000000e+01 -2.458105981349945068e-01
2.800000000000000000e+01 -2.529542148113250732e-01
2.900000000000000000e+01 -2.569357752799987793e-01
3.000000000000000000e+01 -2.580921053886413574e-01
3.100000000000000000e+01 -2.566527724266052246e-01
3.200000000000000000e+01 -2.528463900089263916e-01
3.300000000000000000e+01 -2.467481046915054321e-01
3.400000000000000000e+01 -2.388188391923904419e-01
3.500000000000000000e+01 -2.295271307229995728e-01
3.600000000000000000e+01 -2.187322527170181274e-01
3.700000000000000000e+01 -2.070362865924835205e-01
3.800000000000000000e+01 -1.942062079906463623e-01
3.900000000000000000e+01 -1.805534809827804565e-01
4.000000000000000000e+01 -1.667035818099975586e-01
4.100000000000000000e+01 -1.524338871240615845e-01
4.200000000000000000e+01 -1.378516554832458496e-01
4.300000000000000000e+01 -1.230947300791740417e-01
4.400000000000000000e+01 -1.084818020462989807e-01
4.500000000000000000e+01 -9.418940544128417969e-02
4.600000000000000000e+01 -8.038897067308425903e-02
4.700000000000000000e+01 -6.668184697628021240e-02
4.800000000000000000e+01 -5.369893088936805725e-02
4.900000000000000000e+01 -4.099384695291519165e-02
5.000000000000000000e+01 -2.916839905083179474e-02
5.100000000000000000e+01 -1.799044944345951080e-02
5.200000000000000000e+01 -7.614039815962314606e-03
5.300000000000000000e+01 2.324178814888000488e-03
5.400000000000000000e+01 1.171131990849971771e-02
5.500000000000000000e+01 2.045981027185916901e-02
5.600000000000000000e+01 2.821716666221618652e-02
5.700000000000000000e+01 3.530060127377510071e-02
5.800000000000000000e+01 4.178189113736152649e-02
5.900000000000000000e+01 4.788032174110412598e-02
6.000000000000000000e+01 5.312154442071914673e-02
6.100000000000000000e+01 5.783693119883537292e-02
6.200000000000000000e+01 6.146070733666419983e-02
6.300000000000000000e+01 6.456919014453887939e-02
6.400000000000000000e+01 6.654579192399978638e-02
6.500000000000000000e+01 6.796365976333618164e-02
6.600000000000000000e+01 6.892477720975875854e-02
6.700000000000000000e+01 6.902739405632019043e-02
6.800000000000000000e+01 6.857415288686752319e-02
6.900000000000000000e+01 6.747576594352722168e-02
7.000000000000000000e+01 6.589388102293014526e-02
7.100000000000000000e+01 6.332513689994812012e-02
7.200000000000000000e+01 6.035413965582847595e-02
7.300000000000000000e+01 5.727597326040267944e-02
7.400000000000000000e+01 5.405417457222938538e-02
7.500000000000000000e+01 5.078568682074546814e-02
7.600000000000000000e+01 4.748380556702613831e-02
7.700000000000000000e+01 4.436786472797393799e-02
7.800000000000000000e+01 4.119189456105232239e-02
7.900000000000000000e+01 3.795241191983222961e-02
8.000000000000000000e+01 3.480936214327812195e-02
8.100000000000000000e+01 3.129439055919647217e-02
8.200000000000000000e+01 2.747123129665851593e-02
8.300000000000000000e+01 2.457955107092857361e-02
8.400000000000000000e+01 2.185602299869060516e-02
8.500000000000000000e+01 1.944913156330585480e-02
8.600000000000000000e+01 1.635317504405975342e-02
8.700000000000000000e+01 1.351869758218526840e-02
8.800000000000000000e+01 1.139266230165958405e-02
8.900000000000000000e+01 8.979861624538898468e-03
9.000000000000000000e+01 6.806501653045415878e-03
9.100000000000000000e+01 5.086488556116819382e-03
9.200000000000000000e+01 3.236689139157533646e-03
9.300000000000000000e+01 1.219609752297401428e-03
9.400000000000000000e+01 -1.157769234851002693e-03
9.500000000000000000e+01 -3.314974252134561539e-03
9.600000000000000000e+01 -5.105797667056322098e-03
9.700000000000000000e+01 -9.464026428759098053e-03
9.800000000000000000e+01 -1.343147270381450653e-02
9.900000000000000000e+01 -1.550114061683416367e-02
