1.000000000000000000e+00 1.000000000000000000e+00
2.000000000000000000e+00 8.781918287277221680e-01
3.000000000000000000e+00 7.843757271766662598e-01
4.000000000000000000e+00 7.041023969650268555e-01
5.000000000000000000e+00 6.314081549644470215e-01
6.000000000000000000e+00 5.644393563270568848e-01
7.000000000000000000e+00 5.014562606811523438e-01
8.000000000000000000e+00 4.414365589618682861e-01
9.000000000000000000e+00 3.838795423507690430e-01
1.000000000000000000e+01 3.288913965225219727e-01
1.100000000000000000e+01 2.758422493934631348e-01
1.200000000000000000e+01 2.245737314224243164e-01
1.300000000000000000e+01 1.752859801054000854e-01
1.400000000000000000e+01 1.279585063457489014e-01
1.500000000000000000e+01 8.266081660985946655e-02
1.600000000000000000e+01 3.958038240671157837e-02
1.700000000000000000e+01 -1.392376958392560482e-03
1.800000000000000000e+01 -3.955025970935821533e-02
1.900000000000000000e+01 -7.488950341939926147e-02
2.000000000000000000e+01 -1.072795763611793518e-01
2.100000000000000000e+01 -1.360827535390853882e-01
2.200000000000000000e+01 -1.616102457046508789e-01
2.300000000000000000e+01 -1.832972913980484009e-01
2.400000000000000000e+01 -2.013259232044219971e-01
2.500000000000000000e+01 -2.161826044321060181e-01
2.600000000000000000e+01 -2.275889217853546143e-01
2.700000000000000000e+01 -2.359295338392257690e-01
2.800000000000000000e+01 -2.408142685890197754e-01
2.900000000000000000e+01 -2.428636401891708374e-01
3.000000000000000000e+01 -2.423546016216278076e-01
3.100000000000000000e+01 -2.397626191377639771e-01
3.200000000000000000e+01 -2.350499778985977173e-01
3.300000000000000000e+01 -2.284072190523147583e-01
3.400000000000000000e+01 -2.201982736587524414e-01
3.500000000000000000e+01 -2.106052488088607788e-01
3.600000000000000000e+01 -1.994088292121887207e-01
3.700000000000000000e+01 -1.876916140317916870e-01
3.800000000000000000e+01 -1.751643866300582886e-01
3.900000000000000000e+01 -1.619493812322616577e-01
4.000000000000000000e+01 -1.480954289436340332e-01
4.100000000000000000e+01 -1.338529288768768311e-01
4.200000000000000000e+01 -1.194029748439788818e-01
4.300000000000000000e+01 -1.053837388753890991e-01
4.400000000000000000e+01 -9.142512083053588867e-02
4.500000000000000000e+01 -7.772810012102127075e-02
4.600000000000000000e+01 -6.430078297853469849e-02
4.700000000000000000e+01 -5.122041702270507812e-02
4.800000000000000000e+01 -3.889191523194313049e-02
4.900000000000000000e+01 -2.699823118746280670e-02
5.000000000000000000e+01 -1.581810601055622101e-02
5.100000000000000000e+01 -5.377411376684904099e-03
5.200000000000000000e+01 4.310040269047021866e-03
5.300000000000000000e+01 1.326399017125368118e-02
5.400000000000000000e+01 2.147375978529453278e-02
5.500000000000000000e+01 2.888855524361133575e-02
5.600000000000000000e+01 3.551011532545089722e-02
5.700000000000000000e+01 4.193683713674545288e-02
5.800000000000000000e+01 4.723700508475303650e-02
5.900000000000000000e+01 5.170727521181106567e-02
6.000000000000000000e+01 5.566621571779251099e-02
6.100000000000000000e+01 5.877878516912460327e-02
6.200000000000000000e+01 6.111777946352958679e-02
6.300000000000000000e+01 6.274075061082839966e-02
6.400000000000000000e+01 6.360802054405212402e-02
6.500000000000000000e+01 6.389293074607849121e-02
6.600000000000000000e+01 6.328044086694717407e-02
6.700000000000000000e+01 6.217692792415618896e-02
6.800000000000000000e+01 6.102343648672103882e-02
6.900000000000000000e+01 5.965459719300270081e-02
7.000000000000000000e+01 5.765023082494735718e-02
7.100000000000000000e+01 5.486882105469703674e-02
7.200000000000000000e+01 5.150970816612243652e-02
7.300000000000000000e+01 4.799544438719749451e-02
7.400000000000000000e+01 4.453059285879135132e-02
7.500000000000000000e+01 4.121615365147590637e-02
7.600000000000000000e+01 3.797977045178413391e-02
7.700000000000000000e+01 3.498056530952453613e-02
7.800000000000000000e+01 3.164499625563621521e-02
7.900000000000000000e+01 2.881101518869400024e-02
8.000000000000000000e+01 2.605115622282028198e-02
8.100000000000000000e+01 2.312794141471385956e-02
8.200000000000000000e+01 2.082117088139057159e-02
8.300000000000000000e+01 1.825065910816192627e-02
8.400000000000000000e+01 1.548210438340902328e-02
8.500000000000000000e+01 1.295595709234476089e-02
8.600000000000000000e+01 1.067394670099020004e-02
8.700000000000000000e+01 8.288323879241943359e-03
8.800000000000000000e+01 5.188168957829475403e-03
8.900000000000000000e+01 2.331397728994488716e-03
9.000000000000000000e+01 -2.032718621194362640e-04
9.100000000000000000e+01 -2.010417869314551353e-03
9.200000000000000000e+01 -4.389248322695493698e-03
9.300000000000000000e+01 -6.826557684689760208e-03
9.400000000000000000e+01 -9.586378931999206543e-03
9.500000000000000000e+01 -1.090009789913892746e-02
9.600000000000000000e+01 -1.233596447855234146e-02
9.700000000000000000e+01 -1.367747224867343903e-02
9.800000000000000000e+01 -1.387765910476446152e-02
9.900000000000000000e+01 -1.381583791226148605e-02
