1.000000000000000000e+00 1.000000000000000000e+00
2.000000000000000000e+00 8.701828122138977051e-01
3.000000000000000000e+00 7.710562944412231445e-01
4.000000000000000000e+00 6.869277954101562500e-01
5.000000000000000000e+00 6.113618612289428711e-01
6.000000000000000000e+00 5.419335365295410156e-01
7.000000000000000000e+00 4.771417081356048584e-01
8.000000000000000000e+00 4.161047339439392090e-01
9.000000000000000000e+00 3.584862947463989258e-01
1.000000000000000000e+01 3.035656809806823730e-01
1.100000000000000000e+01 2.512219548225402832e-01
1.200000000000000000e+01 2.010240405797958374e-01
1.300000000000000000e+01 1.529100239276885986e-01
1.400000000000000000e+01 1.072226986289024353e-01
1.500000000000000000e+01 6.376451998949050903e-02
1.600000000000000000e+01 2.318506129086017609e-02
1.700000000000000000e+01 -1.478144526481628418e-02
1.800000000000000000e+01 -4.997683688998222351e-02
1.900000000000000000e+01 -8.231657743453979492e-02
2.000000000000000000e+01 -1.111294031143188477e-01
2.100000000000000000e+01 -1.365360021591186523e-01
2.200000000000000000e+01 -1.585993915796279907e-01
2.300000000000000000e+01 -1.773374825716018677e-01
2.400000000000000000e+01 -1.925290673971176147e-01
2.500000000000000000e+01 -2.042451053857803345e-01
2.600000000000000000e+01 -2.128307968378067017e-01
2.700000000000000000e+01 -2.182960212230682373e-01
2.800000000000000000e+01 -2.210376858711242676e-01
2.900000000000000000e+01 -2.212606519460678101e-01
3.000000000000000000e+01 -2.194923311471939087e-01
3.100000000000000000e+01 -2.152135521173477173e-01
3.200000000000000000e+01 -2.095115929841995239e-01
3.300000000000000000e+01 -2.020073831081390381e-01
3.400000000000000000e+01 -1.930064857006072998e-01
3.500000000000000000e+01 -1.829235553741455078e-01
3.600000000000000000e+01 -1.720428466796875000e-01
3.700000000000000000e+01 -1.608507931232452393e-01
3.800000000000000000e+01 -1.490178704261779785e-01
3.900000000000000000e+01 -1.364722996950149536e-01
4.000000000000000000e+01 -1.236302927136421204e-01
4.100000000000000000e+01 -1.106242612004280090e-01
4.200000000000000000e+01 -9.760573506355285645e-02
4.300000000000000000e+01 -8.478206396102905273e-02
4.400000000000000000e+01 -7.191401720046997070e-02
4.500000000000000000e+01 -5.944336950778961182e-02
4.600000000000000000e+01 -4.759614914655685425e-02
4.700000000000000000e+01 -3.618270903825759888e-02
4.800000000000000000e+01 -2.531041577458381653e-02
4.900000000000000000e+01 -1.519960258156061172e-02
5.000000000000000000e+01 -5.833039991557598114e-03
5.100000000000000000e+01 2.877095714211463928e-03
5.200000000000000000e+01 1.062842458486557007e-02
5.300000000000000000e+01 1.804293319582939148e-02
5.400000000000000000e+01 2.482642047107219696e-02
5.500000000000000000e+01 3.101940453052520752e-02
5.600000000000000000e+01 3.659679368138313293e-02
5.700000000000000000e+01 4.140879586338996887e-02
5.800000000000000000e+01 4.535247012972831726e-02
5.900000000000000000e+01 4.840372502803802490e-02
6.000000000000000000e+01 5.091802030801773071e-02
6.100000000000000000e+01 5.294264480471611023e-02
6.200000000000000000e+01 5.449712648987770081e-02
6.300000000000000000e+01 5.548563599586486816e-02
6.400000000000000000e+01 5.557445436716079712e-02
6.500000000000000000e+01 5.498232692480087280e-02
6.600000000000000000e+01 5.413140729069709778e-02
6.700000000000000000e+01 5.337296426296234131e-02
6.800000000000000000e+01 5.157330259680747986e-02
6.900000000000000000e+01 4.943063110113143921e-02
7.000000000000000000e+01 4.668629914522171021e-02
7.100000000000000000e+01 4.402455314993858337e-02
7.200000000000000000e+01 4.122776165604591370e-02
7.300000000000000000e+01 3.748010843992233276e-02
7.400000000000000000e+01 3.355448320508003235e-02
7.500000000000000000e+01 2.956195361912250519e-02
7.600000000000000000e+01 2.630551345646381378e-02
7.700000000000000000e+01 2.373038046061992645e-02
7.800000000000000000e+01 2.128718234598636627e-02
7.900000000000000000e+01 1.855572499334812164e-02
8.000000000000000000e+01 1.540593151003122330e-02
8.100000000000000000e+01 1.193421520292758942e-02
8.200000000000000000e+01 8.773365058004856110e-03
8.300000000000000000e+01 6.315823644399642944e-03
8.400000000000000000e+01 3.876678645610809326e-03
8.500000000000000000e+01 1.263140817172825336e-03
8.600000000000000000e+01 -6.941096507944166660e-04
8.700000000000000000e+01 -2.698721596971154213e-03
8.800000000000000000e+01 -4.675858654081821442e-03
8.900000000000000000e+01 -6.150941830128431320e-03
9.000000000000000000e+01 -8.760218508541584015e-03
9.100000000000000000e+01 -1.142081525176763535e-02
9.200000000000000000e+01 -1.349651347845792770e-02
9.300000000000000000e+01 -1.472174283117055893e-02
9.400000000000000000e+01 -1.685990393161773682e-02
9.500000000000000000e+01 -1.775615476071834564e-02
9.600000000000000000e+01 -1.743323728442192078e-02
9.700000000000000000e+01 -1.876802742481231689e-02
9.800000000000000000e+01 -1.714658178389072418e-02
9.900000000000000000e+01 -1.654165983200073242e-02
