1.000000000000000000e+00 1.000000000000000000e+00
2.000000000000000000e+00 8.838443160057067871e-01
3.000000000000000000e+00 7.941647171974182129e-01
4.000000000000000000e+00 7.172799706459045410e-01
5.000000000000000000e+00 6.474945545196533203e-01
6.000000000000000000e+00 5.822025537490844727e-01
7.000000000000000000e+00 5.204725861549377441e-01
8.000000000000000000e+00 4.611800312995910645e-01
9.000000000000000000e+00 4.040924608707427979e-01
1.000000000000000000e+01 3.490879833698272705e-01
1.100000000000000000e+01 2.958357632160186768e-01
1.200000000000000000e+01 2.442371994256973267e-01
1.300000000000000000e+01 1.941919475793838501e-01
1.400000000000000000e+01 1.461516916751861572e-01
1.500000000000000000e+01 9.979154169559478760e-02
1.600000000000000000e+01 5.535942688584327698e-02
1.700000000000000000e+01 1.310561317950487137e-02
1.800000000000000000e+01 -2.673396095633506775e-02
1.900000000000000000e+01 -6.384755671024322510e-02
2.000000000000000000e+01 -9.825211018323898315e-02
2.100000000000000000e+01 -1.297523230314254761e-01
2.200000000000000000e+01 -1.579336524009704590e-01
2.300000000000000000e+01 -1.829624325037002563e-01
2.400000000000000000e+01 -2.040705084800720215e-01
2.500000000000000000e+01 -2.214854657649993896e-01
2.600000000000000000e+01 -2.353701740503311157e-01
2.700000000000000000e+01 -2.459225207567214966e-01
2.800000000000000000e+01 -2.529927194118499756e-01
2.900000000000000000e+01 -2.568338811397552490e-01
3.000000000000000000e+01 -2.578998208045959473e-01
3.100000000000000000e+01 -2.563097774982452393e-01
3.200000000000000000e+01 -2.523226439952850342e-01
3.300000000000000000e+01 -2.462857365608215332e-01
3.400000000000000000e+01 -2.384436726570129395e-01
3.500000000000000000e+01 -2.292076051235198975e-01
3.600000000000000000e+01 -2.186480909585952759e-01
3.700000000000000000e+01 -2.067053765058517456e-01
3.800000000000000000e+01 -1.939197033643722534e-01
3.900000000000000000e+01 -1.805734038352966309e-01
4.000000000000000000e+01 -1.665771305561065674e-01
4.100000000000000000e+01 -1.522548943758010864e-01
4.200000000000000000e+01 -1.376018971204757690e-01
4.300000000000000000e+01 -1.224356666207313538e-01
4.400000000000000000e+01 -1.075879856944084167e-01
4.500000000000000000e+01 -9.293664246797561646e-02
4.600000000000000000e+01 -7.910063117742538452e-02
4.700000000000000000e+01 -6.555278599262237549e-02
4.800000000000000000e+01 -5.259799584746360779e-02
4.900000000000000000e+01 -4.026969522237777710e-02
5.000000000000000000e+01 -2.804442681372165680e-02
5.100000000000000000e+01 -1.660111360251903534e-02
5.200000000000000000e+01 -5.966795608401298523e-03
5.300000000000000000e+01 4.148418549448251724e-03
5.400000000000000000e+01 1.360672526061534882e-02
5.500000000000000000e+01 2.226977422833442688e-02
5.600000000000000000e+01 3.009481541812419891e-02
5.700000000000000000e+01 3.707626089453697205e-02
5.800000000000000000e+01 4.308765754103660583e-02
5.900000000000000000e+01 4.866062477231025696e-02
6.000000000000000000e+01 5.371564254164695740e-02
6.100000000000000000e+01 5.821510776877403259e-02
6.200000000000000000e+01 6.178587675094604492e-02
6.300000000000000000e+01 6.470664590597152710e-02
6.400000000000000000e+01 6.718350946903228760e-02
6.500000000000000000e+01 6.870623677968978882e-02
6.600000000000000000e+01 6.917747110128402710e-02
6.700000000000000000e+01 6.889565289020538330e-02
6.800000000000000000e+01 6.852485239505767822e-02
6.900000000000000000e+01 6.748619675636291504e-02
7.000000000000000000e+01 6.609440594911575317e-02
7.100000000000000000e+01 6.392069160938262939e-02
7.200000000000000000e+01 6.168843805789947510e-02
7.300000000000000000e+01 5.912142992019653320e-02
7.400000000000000000e+01 5.554540082812309265e-02
7.500000000000000000e+01 5.163123086094856262e-02
7.600000000000000000e+01 4.766970872879028320e-02
7.700000000000000000e+01 4.358843341469764709e-02
7.800000000000000000e+01 3.958533704280853271e-02
7.900000000000000000e+01 3.582390025258064270e-02
8.000000000000000000e+01 3.191239386796951294e-02
8.100000000000000000e+01 2.835748903453350067e-02
8.200000000000000000e+01 2.506241388618946075e-02
8.300000000000000000e+01 2.246296592056751251e-02
8.400000000000000000e+01 1.997417770326137543e-02
8.500000000000000000e+01 1.695303060114383698e-02
8.600000000000000000e+01 1.403459254652261734e-02
8.700000000000000000e+01 1.151763461530208588e-02
8.800000000000000000e+01 9.230316616594791412e-03
8.900000000000000000e+01 6.810427643358707428e-03
9.000000000000000000e+01 4.521610215306282043e-03
9.100000000000000000e+01 3.632970619946718216e-03
9.200000000000000000e+01 1.856328221037983894e-03
9.300000000000000000e+01 1.111597302951849997e-04
9.400000000000000000e+01 -9.556471486575901508e-04
9.500000000000000000e+01 -2.919025951996445656e-03
9.600000000000000000e+01 -5.086513701826334000e-03
9.700000000000000000e+01 -9.063082747161388397e-03
9.800000000000000000e+01 -1.050365995615720749e-02
9.900000000000000000e+01 -1.254578027874231339e-02
