1.000000000000000000e+00 1.000000000000000000e+00
2.000000000000000000e+00 8.848875761032104492e-01
3.000000000000000000e+00 7.961804866790771484e-01
4.000000000000000000e+00 7.194467782974243164e-01
5.000000000000000000e+00 6.499106287956237793e-01
6.000000000000000000e+00 5.850744843482971191e-01
7.000000000000000000e+00 5.237445235252380371e-01
8.000000000000000000e+00 4.649170041084289551e-01
9.000000000000000000e+00 4.082777202129364014e-01
1.000000000000000000e+01 3.534798324108123779e-01
1.100000000000000000e+01 3.005942106246948242e-01
1.200000000000000000e+01 2.492294758558273315e-01
1.300000000000000000e+01 1.992680430412292480e-01
1.400000000000000000e+01 1.507790535688400269e-01
1.500000000000000000e+01 1.040295138955116272e-01
1.600000000000000000e+01 5.917116627097129822e-02
1.700000000000000000e+01 1.638282276690006256e-02
1.800000000000000000e+01 -2.391224727034568787e-02
1.900000000000000000e+01 -6.168135628104209900e-02
2.000000000000000000e+01 -9.666466712951660156e-02
2.100000000000000000e+01 -1.284976303577423096e-01
2.200000000000000000e+01 -1.571245938539505005e-01
2.300000000000000000e+01 -1.823367178440093994e-01
2.400000000000000000e+01 -2.041903138160705566e-01
2.500000000000000000e+01 -2.223009616136550903e-01
2.600000000000000000e+01 -2.365248352289199829e-01
2.700000000000000000e+01 -2.473100423812866211e-01
2.800000000000000000e+01 -2.546510994434356689e-01
2.900000000000000000e+01 -2.591578662395477295e-01
3.000000000000000000e+01 -2.607735693454742432e-01
3.100000000000000000e+01 -2.594788372516632080e-01
3.200000000000000000e+01 -2.555285692214965820e-01
3.300000000000000000e+01 -2.495972812175750732e-01
3.400000000000000000e+01 -2.418306916952133179e-01
3.500000000000000000e+01 -2.328062057495117188e-01
3.600000000000000000e+01 -2.224059700965881348e-01
3.700000000000000000e+01 -2.107135653495788574e-01
3.800000000000000000e+01 -1.980851441621780396e-01
3.900000000000000000e+01 -1.846755743026733398e-01
4.000000000000000000e+01 -1.705340892076492310e-01
4.100000000000000000e+01 -1.558679491281509399e-01
4.200000000000000000e+01 -1.410339921712875366e-01
4.300000000000000000e+01 -1.262648403644561768e-01
4.400000000000000000e+01 -1.115256994962692261e-01
4.500000000000000000e+01 -9.732234477996826172e-02
4.600000000000000000e+01 -8.314672112464904785e-02
4.700000000000000000e+01 -6.927711516618728638e-02
4.800000000000000000e+01 -5.599496513605117798e-02
4.900000000000000000e+01 -4.276778548955917358e-02
5.000000000000000000e+01 -3.001675009727478027e-02
5.100000000000000000e+01 -1.815061271190643311e-02
5.200000000000000000e+01 -6.804295815527439117e-03
5.300000000000000000e+01 3.648940706625580788e-03
5.400000000000000000e+01 1.285933796316385269e-02
5.500000000000000000e+01 2.203303948044776917e-02
5.600000000000000000e+01 3.085681982338428497e-02
5.700000000000000000e+01 3.855385631322860718e-02
5.800000000000000000e+01 4.553570598363876343e-02
5.900000000000000000e+01 5.181837081909179688e-02
6.000000000000000000e+01 5.732772126793861389e-02
6.100000000000000000e+01 6.173694133758544922e-02
6.200000000000000000e+01 6.550384312868118286e-02
6.300000000000000000e+01 6.866256147623062134e-02
6.400000000000000000e+01 7.119335234165191650e-02
6.500000000000000000e+01 7.315225899219512939e-02
6.600000000000000000e+01 7.404179871082305908e-02
6.700000000000000000e+01 7.431944459676742554e-02
6.800000000000000000e+01 7.337599247694015503e-02
6.900000000000000000e+01 7.175796478986740112e-02
7.000000000000000000e+01 6.993357092142105103e-02
7.100000000000000000e+01 6.727860122919082642e-02
7.200000000000000000e+01 6.420487165451049805e-02
7.300000000000000000e+01 6.069434806704521179e-02
7.400000000000000000e+01 5.689107999205589294e-02
7.500000000000000000e+01 5.313831567764282227e-02
7.600000000000000000e+01 4.938895255327224731e-02
7.700000000000000000e+01 4.614401236176490784e-02
7.800000000000000000e+01 4.274252802133560181e-02
7.900000000000000000e+01 3.940631076693534851e-02
8.000000000000000000e+01 3.634463995695114136e-02
8.100000000000000000e+01 3.330364823341369629e-02
8.200000000000000000e+01 3.023148328065872192e-02
8.300000000000000000e+01 2.677308395504951477e-02
8.400000000000000000e+01 2.353752963244915009e-02
8.500000000000000000e+01 1.961334794759750366e-02
8.600000000000000000e+01 1.618870534002780914e-02
8.700000000000000000e+01 1.292482018470764160e-02
8.800000000000000000e+01 1.003813464194536209e-02
8.900000000000000000e+01 7.170692551881074905e-03
9.000000000000000000e+01 4.158854018896818161e-03
9.100000000000000000e+01 1.134596881456673145e-03
9.200000000000000000e+01 -2.284978516399860382e-03
9.300000000000000000e+01 -5.930429790169000626e-03
9.400000000000000000e+01 -9.888017550110816956e-03
9.500000000000000000e+01 -1.369039155542850494e-02
9.600000000000000000e+01 -1.718560792505741119e-02
9.700000000000000000e+01 -1.917838118970394135e-02
9.800000000000000000e+01 -2.072446793317794800e-02
9.900000000000000000e+01 -2.085516788065433502e-02
