1.000000000000000000e+00 1.000000000000000000e+00
2.000000000000000000e+00 8.825625777244567871e-01
3.000000000000000000e+00 7.918679714202880859e-01
4.000000000000000000e+00 7.141650319099426270e-01
5.000000000000000000e+00 6.437121033668518066e-01
6.000000000000000000e+00 5.776674151420593262e-01
7.000000000000000000e+00 5.154793858528137207e-01
8.000000000000000000e+00 4.561023414134979248e-01
9.000000000000000000e+00 3.991492092609405518e-01
1.000000000000000000e+01 3.442365527153015137e-01
1.100000000000000000e+01 2.910064160823822021e-01
1.200000000000000000e+01 2.394798099994659424e-01
1.300000000000000000e+01 1.898056715726852417e-01
1.400000000000000000e+01 1.414884328842163086e-01
1.500000000000000000e+01 9.502555429935455322e-02
1.600000000000000000e+01 5.082636326551437378e-02
1.700000000000000000e+01 8.882685564458370209e-03
1.800000000000000000e+01 -3.060099110007286072e-02
1.900000000000000000e+01 -6.726843863725662231e-02
2.000000000000000000e+01 -1.011349931359291077e-01
2.100000000000000000e+01 -1.317408233880996704e-01
2.200000000000000000e+01 -1.586896628141403198e-01
2.300000000000000000e+01 -1.822907626628875732e-01
2.400000000000000000e+01 -2.021990567445755005e-01
2.500000000000000000e+01 -2.186212241649627686e-01
2.600000000000000000e+01 -2.319008409976959229e-01
2.700000000000000000e+01 -2.417141944169998169e-01
2.800000000000000000e+01 -2.481441795825958252e-01
2.900000000000000000e+01 -2.520281672477722168e-01
3.000000000000000000e+01 -2.529112100601196289e-01
3.100000000000000000e+01 -2.507817745208740234e-01
3.200000000000000000e+01 -2.464827448129653931e-01
3.300000000000000000e+01 -2.403067350387573242e-01
3.400000000000000000e+01 -2.325641214847564697e-01
3.500000000000000000e+01 -2.230163365602493286e-01
3.600000000000000000e+01 -2.123781591653823853e-01
3.700000000000000000e+01 -2.007490843534469604e-01
3.800000000000000000e+01 -1.881958991289138794e-01
3.900000000000000000e+01 -1.748457849025726318e-01
4.000000000000000000e+01 -1.609490066766738892e-01
4.100000000000000000e+01 -1.465026140213012695e-01
4.200000000000000000e+01 -1.321438550949096680e-01
4.300000000000000000e+01 -1.179828867316246033e-01
4.400000000000000000e+01 -1.039370149374008179e-01
4.500000000000000000e+01 -9.020213037729263306e-02
4.600000000000000000e+01 -7.675631344318389893e-02
4.700000000000000000e+01 -6.371769309043884277e-02
4.800000000000000000e+01 -5.094139650464057922e-02
4.900000000000000000e+01 -3.859790414571762085e-02
5.000000000000000000e+01 -2.682099118828773499e-02
5.100000000000000000e+01 -1.615599915385246277e-02
5.200000000000000000e+01 -6.031891331076622009e-03
5.300000000000000000e+01 3.509095171466469765e-03
5.400000000000000000e+01 1.234183181077241898e-02
5.500000000000000000e+01 2.071590162813663483e-02
5.600000000000000000e+01 2.836602739989757538e-02
5.700000000000000000e+01 3.515685722231864929e-02
5.800000000000000000e+01 4.114090278744697571e-02
5.900000000000000000e+01 4.660854861140251160e-02
6.000000000000000000e+01 5.134741216897964478e-02
6.100000000000000000e+01 5.573648959398269653e-02
6.200000000000000000e+01 5.961107090115547180e-02
6.300000000000000000e+01 6.299139559268951416e-02
6.400000000000000000e+01 6.558550149202346802e-02
6.500000000000000000e+01 6.757009029388427734e-02
6.600000000000000000e+01 6.873682141304016113e-02
6.700000000000000000e+01 6.894578039646148682e-02
6.800000000000000000e+01 6.871714442968368530e-02
6.900000000000000000e+01 6.786783784627914429e-02
7.000000000000000000e+01 6.595581769943237305e-02
7.100000000000000000e+01 6.345435976982116699e-02
7.200000000000000000e+01 6.032628193497657776e-02
7.300000000000000000e+01 5.687590315937995911e-02
7.400000000000000000e+01 5.324705690145492554e-02
7.500000000000000000e+01 4.955798387527465820e-02
7.600000000000000000e+01 4.642581567168235779e-02
7.700000000000000000e+01 4.353710263967514038e-02
7.800000000000000000e+01 4.081793874502182007e-02
7.900000000000000000e+01 3.822070732712745667e-02
8.000000000000000000e+01 3.563281893730163574e-02
8.100000000000000000e+01 3.299798443913459778e-02
8.200000000000000000e+01 3.037616610527038574e-02
8.300000000000000000e+01 2.766473591327667236e-02
8.400000000000000000e+01 2.514588646590709686e-02
8.500000000000000000e+01 2.216327562928199768e-02
8.600000000000000000e+01 1.941676065325737000e-02
8.700000000000000000e+01 1.680747419595718384e-02
8.800000000000000000e+01 1.410986110568046570e-02
8.900000000000000000e+01 1.089875400066375732e-02
9.000000000000000000e+01 8.064175955951213837e-03
9.100000000000000000e+01 5.392256658524274826e-03
9.200000000000000000e+01 2.488472964614629745e-03
9.300000000000000000e+01 1.977727079065516591e-04
9.400000000000000000e+01 -2.365218242630362511e-03
9.500000000000000000e+01 -4.364918917417526245e-03
9.600000000000000000e+01 -6.301172077655792236e-03
9.700000000000000000e+01 -8.234813809394836426e-03
9.800000000000000000e+01 -1.180267427116632462e-02
9.900000000000000000e+01 -1.427500788122415543e-02
