1.000000000000000000e+00 1.000000000000000000e+00
2.000000000000000000e+00 8.776372075080871582e-01
3.000000000000000000e+00 7.835406064987182617e-01
4.000000000000000000e+00 7.030165791511535645e-01
5.000000000000000000e+00 6.303172707557678223e-01
6.000000000000000000e+00 5.630852580070495605e-01
7.000000000000000000e+00 4.996385574340820312e-01
8.000000000000000000e+00 4.395589828491210938e-01
9.000000000000000000e+00 3.822265565395355225e-01
1.000000000000000000e+01 3.271330595016479492e-01
1.100000000000000000e+01 2.742994725704193115e-01
1.200000000000000000e+01 2.233840972185134888e-01
1.300000000000000000e+01 1.743956506252288818e-01
1.400000000000000000e+01 1.271223574876785278e-01
1.500000000000000000e+01 8.150339871644973755e-02
1.600000000000000000e+01 3.822515904903411865e-02
1.700000000000000000e+01 -2.368523506447672844e-03
1.800000000000000000e+01 -4.018855094909667969e-02
1.900000000000000000e+01 -7.527355104684829712e-02
2.000000000000000000e+01 -1.073287576436996460e-01
2.100000000000000000e+01 -1.363215595483779907e-01
2.200000000000000000e+01 -1.616969108581542969e-01
2.300000000000000000e+01 -1.833557784557342529e-01
2.400000000000000000e+01 -2.012230008840560913e-01
2.500000000000000000e+01 -2.157957404851913452e-01
2.600000000000000000e+01 -2.271309047937393188e-01
2.700000000000000000e+01 -2.351078987121582031e-01
2.800000000000000000e+01 -2.403663694858551025e-01
2.900000000000000000e+01 -2.427413016557693481e-01
3.000000000000000000e+01 -2.421470731496810913e-01
3.100000000000000000e+01 -2.391753792762756348e-01
3.200000000000000000e+01 -2.340257316827774048e-01
3.300000000000000000e+01 -2.269427925348281860e-01
3.400000000000000000e+01 -2.181939184665679932e-01
3.500000000000000000e+01 -2.083564549684524536e-01
3.600000000000000000e+01 -1.971721947193145752e-01
3.700000000000000000e+01 -1.849074065685272217e-01
3.800000000000000000e+01 -1.723193973302841187e-01
3.900000000000000000e+01 -1.589111387729644775e-01
4.000000000000000000e+01 -1.453738063573837280e-01
4.100000000000000000e+01 -1.316954344511032104e-01
4.200000000000000000e+01 -1.180898919701576233e-01
4.300000000000000000e+01 -1.042127981781959534e-01
4.400000000000000000e+01 -9.036188572645187378e-02
4.500000000000000000e+01 -7.699170708656311035e-02
4.600000000000000000e+01 -6.384254992008209229e-02
4.700000000000000000e+01 -5.095434188842773438e-02
4.800000000000000000e+01 -3.865431249141693115e-02
4.900000000000000000e+01 -2.709992602467536926e-02
5.000000000000000000e+01 -1.604074239730834961e-02
5.100000000000000000e+01 -5.526301916688680649e-03
5.200000000000000000e+01 4.033721517771482468e-03
5.300000000000000000e+01 1.333126798272132874e-02
5.400000000000000000e+01 2.180648408830165863e-02
5.500000000000000000e+01 2.928691729903221130e-02
5.600000000000000000e+01 3.617251664400100708e-02
5.700000000000000000e+01 4.205364733934402466e-02
5.800000000000000000e+01 4.727799817919731140e-02
5.900000000000000000e+01 5.152868479490280151e-02
6.000000000000000000e+01 5.537581816315650940e-02
6.100000000000000000e+01 5.893513932824134827e-02
6.200000000000000000e+01 6.188102066516876221e-02
6.300000000000000000e+01 6.404558569192886353e-02
6.400000000000000000e+01 6.507045775651931763e-02
6.500000000000000000e+01 6.561163067817687988e-02
6.600000000000000000e+01 6.554108858108520508e-02
6.700000000000000000e+01 6.454338878393173218e-02
6.800000000000000000e+01 6.308218836784362793e-02
6.900000000000000000e+01 6.170142814517021179e-02
7.000000000000000000e+01 5.966290459036827087e-02
7.100000000000000000e+01 5.701557174324989319e-02
7.200000000000000000e+01 5.414867773652076721e-02
7.300000000000000000e+01 5.075485259294509888e-02
7.400000000000000000e+01 4.673643782734870911e-02
7.500000000000000000e+01 4.266923293471336365e-02
7.600000000000000000e+01 3.816181793808937073e-02
7.700000000000000000e+01 3.400837257504463196e-02
7.800000000000000000e+01 3.037676215171813965e-02
7.900000000000000000e+01 2.698820270597934723e-02
8.000000000000000000e+01 2.371367067098617554e-02
8.100000000000000000e+01 2.042255736887454987e-02
8.200000000000000000e+01 1.755981892347335815e-02
8.300000000000000000e+01 1.401444710791110992e-02
8.400000000000000000e+01 1.018966827541589737e-02
8.500000000000000000e+01 6.382074207067489624e-03
8.600000000000000000e+01 2.523727482184767723e-03
8.700000000000000000e+01 -1.257675350643694401e-03
8.800000000000000000e+01 -4.907913040369749069e-03
8.900000000000000000e+01 -8.124978281557559967e-03
9.000000000000000000e+01 -1.164641045033931732e-02
9.100000000000000000e+01 -1.541579514741897583e-02
9.200000000000000000e+01 -1.821654662489891052e-02
9.300000000000000000e+01 -2.128396555781364441e-02
9.400000000000000000e+01 -2.323997765779495239e-02
9.500000000000000000e+01 -2.412992529571056366e-02
9.600000000000000000e+01 -2.558315917849540710e-02
9.700000000000000000e+01 -2.607826702296733856e-02
9.800000000000000000e+01 -2.615313045680522919e-02
9.900000000000000000e+01 -2.730680629611015320e-02
