1.000000000000000000e+00 1.000000000000000000e+00
2.000000000000000000e+00 8.800163269042968750e-01
3.000000000000000000e+00 7.873813509941101074e-01
4.000000000000000000e+00 7.079853415489196777e-01
5.000000000000000000e+00 6.363437771797180176e-01
6.000000000000000000e+00 5.694156289100646973e-01
7.000000000000000000e+00 5.063118934631347656e-01
8.000000000000000000e+00 4.462622702121734619e-01
9.000000000000000000e+00 3.887405991554260254e-01
1.000000000000000000e+01 3.331888020038604736e-01
1.100000000000000000e+01 2.798155248165130615e-01
1.200000000000000000e+01 2.283536493778228760e-01
1.300000000000000000e+01 1.788015067577362061e-01
1.400000000000000000e+01 1.313329935073852539e-01
1.500000000000000000e+01 8.591689169406890869e-02
1.600000000000000000e+01 4.262090846896171570e-02
1.700000000000000000e+01 1.568178064189851284e-03
1.800000000000000000e+01 -3.691404312849044800e-02
1.900000000000000000e+01 -7.235702127218246460e-02
2.000000000000000000e+01 -1.047295406460762024e-01
2.100000000000000000e+01 -1.342270374298095703e-01
2.200000000000000000e+01 -1.603217720985412598e-01
2.300000000000000000e+01 -1.831203848123550415e-01
2.400000000000000000e+01 -2.022686898708343506e-01
2.500000000000000000e+01 -2.180050313472747803e-01
2.600000000000000000e+01 -2.306205183267593384e-01
2.700000000000000000e+01 -2.397821545600891113e-01
2.800000000000000000e+01 -2.455764710903167725e-01
2.900000000000000000e+01 -2.483444660902023315e-01
3.000000000000000000e+01 -2.482315003871917725e-01
3.100000000000000000e+01 -2.454908639192581177e-01
3.200000000000000000e+01 -2.404295951128005981e-01
3.300000000000000000e+01 -2.337151765823364258e-01
3.400000000000000000e+01 -2.249223142862319946e-01
3.500000000000000000e+01 -2.149267047643661499e-01
3.600000000000000000e+01 -2.035925537347793579e-01
3.700000000000000000e+01 -1.916341632604598999e-01
3.800000000000000000e+01 -1.787822246551513672e-01
3.900000000000000000e+01 -1.656071394681930542e-01
4.000000000000000000e+01 -1.522658169269561768e-01
4.100000000000000000e+01 -1.384420543909072876e-01
4.200000000000000000e+01 -1.242943927645683289e-01
4.300000000000000000e+01 -1.099965646862983704e-01
4.400000000000000000e+01 -9.581626951694488525e-02
4.500000000000000000e+01 -8.138603717088699341e-02
4.600000000000000000e+01 -6.711874157190322876e-02
4.700000000000000000e+01 -5.382771417498588562e-02
4.800000000000000000e+01 -4.125869646668434143e-02
4.900000000000000000e+01 -2.951828204095363617e-02
5.000000000000000000e+01 -1.813261769711971283e-02
5.100000000000000000e+01 -7.685214746743440628e-03
5.200000000000000000e+01 1.929343910887837410e-03
5.300000000000000000e+01 1.065822038799524307e-02
5.400000000000000000e+01 1.902603544294834137e-02
5.500000000000000000e+01 2.686326578259468079e-02
5.600000000000000000e+01 3.394489362835884094e-02
5.700000000000000000e+01 4.027342796325683594e-02
5.800000000000000000e+01 4.533168673515319824e-02
5.900000000000000000e+01 5.030461028218269348e-02
6.000000000000000000e+01 5.427752062678337097e-02
6.100000000000000000e+01 5.801998078823089600e-02
6.200000000000000000e+01 6.074285507202148438e-02
6.300000000000000000e+01 6.304388493299484253e-02
6.400000000000000000e+01 6.438139826059341431e-02
6.500000000000000000e+01 6.571215391159057617e-02
6.600000000000000000e+01 6.612654030323028564e-02
6.700000000000000000e+01 6.540632992982864380e-02
6.800000000000000000e+01 6.419812142848968506e-02
6.900000000000000000e+01 6.151441112160682678e-02
7.000000000000000000e+01 5.876080691814422607e-02
7.100000000000000000e+01 5.610853061079978943e-02
7.200000000000000000e+01 5.293952673673629761e-02
7.300000000000000000e+01 4.914334788918495178e-02
7.400000000000000000e+01 4.533676430583000183e-02
7.500000000000000000e+01 4.173231497406959534e-02
7.600000000000000000e+01 3.799666464328765869e-02
7.700000000000000000e+01 3.490310162305831909e-02
7.800000000000000000e+01 3.178569674491882324e-02
7.900000000000000000e+01 2.814636565744876862e-02
8.000000000000000000e+01 2.450188249349594116e-02
8.100000000000000000e+01 2.138932980597019196e-02
8.200000000000000000e+01 1.830750517547130585e-02
8.300000000000000000e+01 1.537306141108274460e-02
8.400000000000000000e+01 1.232505310326814651e-02
8.500000000000000000e+01 9.513830766081809998e-03
8.600000000000000000e+01 7.256468757987022400e-03
8.700000000000000000e+01 4.667833447456359863e-03
8.800000000000000000e+01 2.282364526763558388e-03
8.900000000000000000e+01 1.557494979351758957e-04
9.000000000000000000e+01 -2.329146489500999451e-03
9.100000000000000000e+01 -3.960125613957643509e-03
9.200000000000000000e+01 -5.374559201300144196e-03
9.300000000000000000e+01 -7.732212077826261520e-03
9.400000000000000000e+01 -1.007500942796468735e-02
9.500000000000000000e+01 -1.173521019518375397e-02
9.600000000000000000e+01 -1.364179980009794235e-02
9.700000000000000000e+01 -1.685304753482341766e-02
9.800000000000000000e+01 -2.081219106912612915e-02
9.900000000000000000e+01 -2.188997901976108551e-02
