1.000000000000000000e+00 1.000000000000000000e+00
2.000000000000000000e+00 8.810285329818725586e-01
3.000000000000000000e+00 7.893272638320922852e-01
4.000000000000000000e+00 7.105487585067749023e-01
5.000000000000000000e+00 6.390010714530944824e-01
6.000000000000000000e+00 5.724413990974426270e-01
7.000000000000000000e+00 5.100440979003906250e-01
8.000000000000000000e+00 4.506316781044006348e-01
9.000000000000000000e+00 3.934138119220733643e-01
1.000000000000000000e+01 3.386460840702056885e-01
1.100000000000000000e+01 2.857034802436828613e-01
1.200000000000000000e+01 2.343243807554244995e-01
1.300000000000000000e+01 1.843593418598175049e-01
1.400000000000000000e+01 1.364042907953262329e-01
1.500000000000000000e+01 9.037242829799652100e-02
1.600000000000000000e+01 4.620600119233131409e-02
1.700000000000000000e+01 4.481405951082706451e-03
1.800000000000000000e+01 -3.424588590860366821e-02
1.900000000000000000e+01 -7.023721933364868164e-02
2.000000000000000000e+01 -1.030756831169128418e-01
2.100000000000000000e+01 -1.328053474426269531e-01
2.200000000000000000e+01 -1.594016104936599731e-01
2.300000000000000000e+01 -1.824418306350708008e-01
2.400000000000000000e+01 -2.020440101623535156e-01
2.500000000000000000e+01 -2.181873768568038940e-01
2.600000000000000000e+01 -2.310405373573303223e-01
2.700000000000000000e+01 -2.403207719326019287e-01
2.800000000000000000e+01 -2.462544739246368408e-01
2.900000000000000000e+01 -2.490769922733306885e-01
3.000000000000000000e+01 -2.493107169866561890e-01
3.100000000000000000e+01 -2.468416243791580200e-01
3.200000000000000000e+01 -2.423636615276336670e-01
3.300000000000000000e+01 -2.359384596347808838e-01
3.400000000000000000e+01 -2.275099754333496094e-01
3.500000000000000000e+01 -2.178453803062438965e-01
3.600000000000000000e+01 -2.067146599292755127e-01
3.700000000000000000e+01 -1.949926167726516724e-01
3.800000000000000000e+01 -1.828600764274597168e-01
3.900000000000000000e+01 -1.697179675102233887e-01
4.000000000000000000e+01 -1.559882164001464844e-01
4.100000000000000000e+01 -1.422257721424102783e-01
4.200000000000000000e+01 -1.281112432479858398e-01
4.300000000000000000e+01 -1.138203069567680359e-01
4.400000000000000000e+01 -9.966099262237548828e-02
4.500000000000000000e+01 -8.604916185140609741e-02
4.600000000000000000e+01 -7.273408770561218262e-02
4.700000000000000000e+01 -5.955382436513900757e-02
4.800000000000000000e+01 -4.668098688125610352e-02
4.900000000000000000e+01 -3.448778390884399414e-02
5.000000000000000000e+01 -2.338006533682346344e-02
5.100000000000000000e+01 -1.270303875207901001e-02
5.200000000000000000e+01 -2.918804064393043518e-03
5.300000000000000000e+01 6.029602140188217163e-03
5.400000000000000000e+01 1.443654764443635941e-02
5.500000000000000000e+01 2.218629606068134308e-02
5.600000000000000000e+01 2.900763973593711853e-02
5.700000000000000000e+01 3.544392064213752747e-02
5.800000000000000000e+01 4.129683598875999451e-02
5.900000000000000000e+01 4.704264551401138306e-02
6.000000000000000000e+01 5.277116596698760986e-02
6.100000000000000000e+01 5.726284533739089966e-02
6.200000000000000000e+01 6.077296286821365356e-02
6.300000000000000000e+01 6.372488290071487427e-02
6.400000000000000000e+01 6.565367430448532104e-02
6.500000000000000000e+01 6.679841130971908569e-02
6.600000000000000000e+01 6.726548075675964355e-02
6.700000000000000000e+01 6.698203831911087036e-02
6.800000000000000000e+01 6.599851697683334351e-02
6.900000000000000000e+01 6.411843746900558472e-02
7.000000000000000000e+01 6.230939179658889771e-02
7.100000000000000000e+01 6.001815944910049438e-02
7.200000000000000000e+01 5.687798187136650085e-02
7.300000000000000000e+01 5.327716842293739319e-02
7.400000000000000000e+01 4.979497194290161133e-02
7.500000000000000000e+01 4.619310423731803894e-02
7.600000000000000000e+01 4.203789681196212769e-02
7.700000000000000000e+01 3.865661099553108215e-02
7.800000000000000000e+01 3.560047596693038940e-02
7.900000000000000000e+01 3.279495239257812500e-02
8.000000000000000000e+01 3.036747127771377563e-02
8.100000000000000000e+01 2.769380994141101837e-02
8.200000000000000000e+01 2.446341700851917267e-02
8.300000000000000000e+01 2.157514356076717377e-02
8.400000000000000000e+01 1.865701004862785339e-02
8.500000000000000000e+01 1.593545824289321899e-02
8.600000000000000000e+01 1.287435833364725113e-02
8.700000000000000000e+01 1.011875364929437637e-02
8.800000000000000000e+01 7.786157075315713882e-03
8.900000000000000000e+01 5.454393103718757629e-03
9.000000000000000000e+01 2.893216675147414207e-03
9.100000000000000000e+01 1.466865534894168377e-03
9.200000000000000000e+01 -3.268153523094952106e-04
9.300000000000000000e+01 -1.993452431634068489e-03
9.400000000000000000e+01 -2.674884162843227386e-03
9.500000000000000000e+01 -4.279848653823137283e-03
9.600000000000000000e+01 -6.602241192013025284e-03
9.700000000000000000e+01 -7.793268188834190369e-03
9.800000000000000000e+01 -9.959234856069087982e-03
9.900000000000000000e+01 -1.027831062674522400e-02
