1.000000000000000000e+00 1.000000000000000000e+00
2.000000000000000000e+00 8.862243294715881348e-01
3.000000000000000000e+00 7.982674837112426758e-01
4.000000000000000000e+00 7.227686643600463867e-01
5.000000000000000000e+00 6.542208194732666016e-01
6.000000000000000000e+00 5.902650952339172363e-01
7.000000000000000000e+00 5.295693278312683105e-01
8.000000000000000000e+00 4.714470505714416504e-01
9.000000000000000000e+00 4.152056574821472168e-01
1.000000000000000000e+01 3.607975840568542480e-01
1.100000000000000000e+01 3.078444898128509521e-01
1.200000000000000000e+01 2.563299536705017090e-01
1.300000000000000000e+01 2.063736766576766968e-01
1.400000000000000000e+01 1.575738042593002319e-01
1.500000000000000000e+01 1.104274690151214600e-01
1.600000000000000000e+01 6.506776809692382812e-02
1.700000000000000000e+01 2.222898975014686584e-02
1.800000000000000000e+01 -1.859920844435691833e-02
1.900000000000000000e+01 -5.697732046246528625e-02
2.000000000000000000e+01 -9.254387766122817993e-02
2.100000000000000000e+01 -1.253463774919509888e-01
2.200000000000000000e+01 -1.544413566589355469e-01
2.300000000000000000e+01 -1.804362684488296509e-01
2.400000000000000000e+01 -2.031573653221130371e-01
2.500000000000000000e+01 -2.222907841205596924e-01
2.600000000000000000e+01 -2.378652840852737427e-01
2.700000000000000000e+01 -2.499776035547256470e-01
2.800000000000000000e+01 -2.583021819591522217e-01
2.900000000000000000e+01 -2.636685073375701904e-01
3.000000000000000000e+01 -2.660082280635833740e-01
3.100000000000000000e+01 -2.660327553749084473e-01
3.200000000000000000e+01 -2.636025547981262207e-01
3.300000000000000000e+01 -2.585302889347076416e-01
3.400000000000000000e+01 -2.513438761234283447e-01
3.500000000000000000e+01 -2.425746917724609375e-01
3.600000000000000000e+01 -2.319688349962234497e-01
3.700000000000000000e+01 -2.202568054199218750e-01
3.800000000000000000e+01 -2.070788145065307617e-01
3.900000000000000000e+01 -1.933964341878890991e-01
4.000000000000000000e+01 -1.792532205581665039e-01
4.100000000000000000e+01 -1.648826599121093750e-01
4.200000000000000000e+01 -1.502596884965896606e-01
4.300000000000000000e+01 -1.352303177118301392e-01
4.400000000000000000e+01 -1.199754178524017334e-01
4.500000000000000000e+01 -1.049057170748710632e-01
4.600000000000000000e+01 -8.982601761817932129e-02
4.700000000000000000e+01 -7.512546330690383911e-02
4.800000000000000000e+01 -6.068580970168113708e-02
4.900000000000000000e+01 -4.692115262150764465e-02
5.000000000000000000e+01 -3.430306911468505859e-02
5.100000000000000000e+01 -2.222004532814025879e-02
5.200000000000000000e+01 -1.050507184118032455e-02
5.300000000000000000e+01 8.340170024894177914e-04
5.400000000000000000e+01 1.121405698359012604e-02
5.500000000000000000e+01 2.098347805440425873e-02
5.600000000000000000e+01 3.012903593480587006e-02
5.700000000000000000e+01 3.843233361840248108e-02
5.800000000000000000e+01 4.590088874101638794e-02
5.900000000000000000e+01 5.280233547091484070e-02
6.000000000000000000e+01 5.865853279829025269e-02
6.100000000000000000e+01 6.374368071556091309e-02
6.200000000000000000e+01 6.820589303970336914e-02
6.300000000000000000e+01 7.184585928916931152e-02
6.400000000000000000e+01 7.405831664800643921e-02
6.500000000000000000e+01 7.532554119825363159e-02
6.600000000000000000e+01 7.654328644275665283e-02
6.700000000000000000e+01 7.726494222879409790e-02
6.800000000000000000e+01 7.696938514709472656e-02
6.900000000000000000e+01 7.562907040119171143e-02
7.000000000000000000e+01 7.372312247753143311e-02
7.100000000000000000e+01 7.137823104858398438e-02
7.200000000000000000e+01 6.825831532478332520e-02
7.300000000000000000e+01 6.464423984289169312e-02
7.400000000000000000e+01 6.123900786042213440e-02
7.500000000000000000e+01 5.735464394092559814e-02
7.600000000000000000e+01 5.353151634335517883e-02
7.700000000000000000e+01 4.990167543292045593e-02
7.800000000000000000e+01 4.630143567919731140e-02
7.900000000000000000e+01 4.260862618684768677e-02
8.000000000000000000e+01 3.946701437234878540e-02
8.100000000000000000e+01 3.649270161986351013e-02
8.200000000000000000e+01 3.308907151222229004e-02
8.300000000000000000e+01 2.947531268000602722e-02
8.400000000000000000e+01 2.571417950093746185e-02
8.500000000000000000e+01 2.196601219475269318e-02
8.600000000000000000e+01 1.859233714640140533e-02
8.700000000000000000e+01 1.560031156986951828e-02
8.800000000000000000e+01 1.217578537762165070e-02
8.900000000000000000e+01 9.756943210959434509e-03
9.000000000000000000e+01 6.550424732267856598e-03
9.100000000000000000e+01 2.789880149066448212e-03
9.200000000000000000e+01 -1.568439620314165950e-04
9.300000000000000000e+01 -2.736604772508144379e-03
9.400000000000000000e+01 -4.780930932611227036e-03
9.500000000000000000e+01 -8.171104826033115387e-03
9.600000000000000000e+01 -1.032651588320732117e-02
9.700000000000000000e+01 -1.302830222994089127e-02
9.800000000000000000e+01 -1.448905002325773239e-02
9.900000000000000000e+01 -1.551429182291030884e-02
