1.000000000000000000e+00 1.000000000000000000e+00
2.000000000000000000e+00 8.842930197715759277e-01
3.000000000000000000e+00 7.947511076927185059e-01
4.000000000000000000e+00 7.175118923187255859e-01
5.000000000000000000e+00 6.476400494575500488e-01
6.000000000000000000e+00 5.823497176170349121e-01
7.000000000000000000e+00 5.206527709960937500e-01
8.000000000000000000e+00 4.616111218929290771e-01
9.000000000000000000e+00 4.048873484134674072e-01
1.000000000000000000e+01 3.501482903957366943e-01
1.100000000000000000e+01 2.974477410316467285e-01
1.200000000000000000e+01 2.460638284683227539e-01
1.300000000000000000e+01 1.961380839347839355e-01
1.400000000000000000e+01 1.478966623544692993e-01
1.500000000000000000e+01 1.013066619634628296e-01
1.600000000000000000e+01 5.679647251963615417e-02
1.700000000000000000e+01 1.435229741036891937e-02
1.800000000000000000e+01 -2.559312805533409119e-02
1.900000000000000000e+01 -6.277883052825927734e-02
2.000000000000000000e+01 -9.723838418722152710e-02
2.100000000000000000e+01 -1.287785619497299194e-01
2.200000000000000000e+01 -1.568667888641357422e-01
2.300000000000000000e+01 -1.815074086189270020e-01
2.400000000000000000e+01 -2.026347070932388306e-01
2.500000000000000000e+01 -2.203066200017929077e-01
2.600000000000000000e+01 -2.344583272933959961e-01
2.700000000000000000e+01 -2.455388456583023071e-01
2.800000000000000000e+01 -2.529044449329376221e-01
2.900000000000000000e+01 -2.574885785579681396e-01
3.000000000000000000e+01 -2.588844597339630127e-01
3.100000000000000000e+01 -2.576186656951904297e-01
3.200000000000000000e+01 -2.541154026985168457e-01
3.300000000000000000e+01 -2.485241591930389404e-01
3.400000000000000000e+01 -2.408626675605773926e-01
3.500000000000000000e+01 -2.316382527351379395e-01
3.600000000000000000e+01 -2.210127711296081543e-01
3.700000000000000000e+01 -2.091886401176452637e-01
3.800000000000000000e+01 -1.961613893508911133e-01
3.900000000000000000e+01 -1.824777722358703613e-01
4.000000000000000000e+01 -1.683630049228668213e-01
4.100000000000000000e+01 -1.537296473979949951e-01
4.200000000000000000e+01 -1.390862613916397095e-01
4.300000000000000000e+01 -1.243361830711364746e-01
4.400000000000000000e+01 -1.098334640264511108e-01
4.500000000000000000e+01 -9.534721821546554565e-02
4.600000000000000000e+01 -8.104347437620162964e-02
4.700000000000000000e+01 -6.698793172836303711e-02
4.800000000000000000e+01 -5.347698554396629333e-02
4.900000000000000000e+01 -4.046993330121040344e-02
5.000000000000000000e+01 -2.814264968037605286e-02
5.100000000000000000e+01 -1.672708056867122650e-02
5.200000000000000000e+01 -6.185815203934907913e-03
5.300000000000000000e+01 4.104263149201869965e-03
5.400000000000000000e+01 1.360683515667915344e-02
5.500000000000000000e+01 2.248577214777469635e-02
5.600000000000000000e+01 3.070783615112304688e-02
5.700000000000000000e+01 3.798533603549003601e-02
5.800000000000000000e+01 4.481242969632148743e-02
5.900000000000000000e+01 5.070439353585243225e-02
6.000000000000000000e+01 5.549853667616844177e-02
6.100000000000000000e+01 5.980948731303215027e-02
6.200000000000000000e+01 6.354144960641860962e-02
6.300000000000000000e+01 6.673354655504226685e-02
6.400000000000000000e+01 6.890524923801422119e-02
6.500000000000000000e+01 7.011611759662628174e-02
6.600000000000000000e+01 7.112415879964828491e-02
6.700000000000000000e+01 7.135473191738128662e-02
6.800000000000000000e+01 7.076375931501388550e-02
6.900000000000000000e+01 7.006412744522094727e-02
7.000000000000000000e+01 6.852836161851882935e-02
7.100000000000000000e+01 6.598190963268280029e-02
7.200000000000000000e+01 6.319490820169448853e-02
7.300000000000000000e+01 5.953683704137802124e-02
7.400000000000000000e+01 5.547794327139854431e-02
7.500000000000000000e+01 5.145936831831932068e-02
7.600000000000000000e+01 4.768786206841468811e-02
7.700000000000000000e+01 4.395373165607452393e-02
7.800000000000000000e+01 4.073716700077056885e-02
7.900000000000000000e+01 3.781545907258987427e-02
8.000000000000000000e+01 3.453422710299491882e-02
8.100000000000000000e+01 3.178703412413597107e-02
8.200000000000000000e+01 2.881352044641971588e-02
8.300000000000000000e+01 2.607735246419906616e-02
8.400000000000000000e+01 2.321474999189376831e-02
8.500000000000000000e+01 2.006520703434944153e-02
8.600000000000000000e+01 1.717590168118476868e-02
8.700000000000000000e+01 1.384434197098016739e-02
8.800000000000000000e+01 9.812373667955398560e-03
8.900000000000000000e+01 5.849340930581092834e-03
9.000000000000000000e+01 3.275883849710226059e-03
9.100000000000000000e+01 7.063172524794936180e-04
9.200000000000000000e+01 -2.067924942821264267e-03
9.300000000000000000e+01 -4.628176335245370865e-03
9.400000000000000000e+01 -7.059689611196517944e-03
9.500000000000000000e+01 -1.054592244327068329e-02
9.600000000000000000e+01 -1.149071939289569855e-02
9.700000000000000000e+01 -1.210617553442716599e-02
9.800000000000000000e+01 -1.268179714679718018e-02
9.900000000000000000e+01 -1.221750490367412567e-02
