1.000000000000000000e+00 1.000000000000000000e+00
2.000000000000000000e+00 8.765243887901306152e-01
3.000000000000000000e+00 7.816118001937866211e-01
4.000000000000000000e+00 7.004880309104919434e-01
5.000000000000000000e+00 6.278947591781616211e-01
6.000000000000000000e+00 5.603241920471191406e-01
7.000000000000000000e+00 4.965997636318206787e-01
8.000000000000000000e+00 4.364002645015716553e-01
9.000000000000000000e+00 3.789303302764892578e-01
1.000000000000000000e+01 3.238785862922668457e-01
1.100000000000000000e+01 2.709091305732727051e-01
1.200000000000000000e+01 2.198527902364730835e-01
1.300000000000000000e+01 1.706766039133071899e-01
1.400000000000000000e+01 1.232646629214286804e-01
1.500000000000000000e+01 7.802366465330123901e-02
1.600000000000000000e+01 3.488966450095176697e-02
1.700000000000000000e+01 -5.612804088741540909e-03
1.800000000000000000e+01 -4.337482899427413940e-02
1.900000000000000000e+01 -7.818388938903808594e-02
2.000000000000000000e+01 -1.098719984292984009e-01
2.100000000000000000e+01 -1.383258104324340820e-01
2.200000000000000000e+01 -1.630820631980895996e-01
2.300000000000000000e+01 -1.842572093009948730e-01
2.400000000000000000e+01 -2.016738653182983398e-01
2.500000000000000000e+01 -2.154527306556701660e-01
2.600000000000000000e+01 -2.257747352123260498e-01
2.700000000000000000e+01 -2.328781634569168091e-01
2.800000000000000000e+01 -2.368729412555694580e-01
2.900000000000000000e+01 -2.381297051906585693e-01
3.000000000000000000e+01 -2.369270324707031250e-01
3.100000000000000000e+01 -2.331139743328094482e-01
3.200000000000000000e+01 -2.272848933935165405e-01
3.300000000000000000e+01 -2.199953049421310425e-01
3.400000000000000000e+01 -2.109418809413909912e-01
3.500000000000000000e+01 -2.005728036165237427e-01
3.600000000000000000e+01 -1.895524412393569946e-01
3.700000000000000000e+01 -1.776027530431747437e-01
3.800000000000000000e+01 -1.645588278770446777e-01
3.900000000000000000e+01 -1.513981074094772339e-01
4.000000000000000000e+01 -1.382911354303359985e-01
4.100000000000000000e+01 -1.246981248259544373e-01
4.200000000000000000e+01 -1.111988052725791931e-01
4.300000000000000000e+01 -9.750596433877944946e-02
4.400000000000000000e+01 -8.445525169372558594e-02
4.500000000000000000e+01 -7.160757482051849365e-02
4.600000000000000000e+01 -5.877285450696945190e-02
4.700000000000000000e+01 -4.645622149109840393e-02
4.800000000000000000e+01 -3.525258600711822510e-02
4.900000000000000000e+01 -2.397523820400238037e-02
5.000000000000000000e+01 -1.291546970605850220e-02
5.100000000000000000e+01 -2.811974380165338516e-03
5.200000000000000000e+01 6.440733093768358231e-03
5.300000000000000000e+01 1.472007576376199722e-02
5.400000000000000000e+01 2.175312303006649017e-02
5.500000000000000000e+01 2.852340415120124817e-02
5.600000000000000000e+01 3.432824835181236267e-02
5.700000000000000000e+01 3.917152062058448792e-02
5.800000000000000000e+01 4.356156289577484131e-02
5.900000000000000000e+01 4.749185219407081604e-02
6.000000000000000000e+01 5.065345019102096558e-02
6.100000000000000000e+01 5.339380353689193726e-02
6.200000000000000000e+01 5.589600279927253723e-02
6.300000000000000000e+01 5.776162818074226379e-02
6.400000000000000000e+01 5.917333811521530151e-02
6.500000000000000000e+01 6.012443453073501587e-02
6.600000000000000000e+01 6.075751036405563354e-02
6.700000000000000000e+01 6.060959026217460632e-02
6.800000000000000000e+01 5.961341783404350281e-02
6.900000000000000000e+01 5.804814025759696960e-02
7.000000000000000000e+01 5.523541197180747986e-02
7.100000000000000000e+01 5.193677917122840881e-02
7.200000000000000000e+01 4.934186488389968872e-02
7.300000000000000000e+01 4.595948755741119385e-02
7.400000000000000000e+01 4.252534359693527222e-02
7.500000000000000000e+01 3.912627696990966797e-02
7.600000000000000000e+01 3.569655120372772217e-02
7.700000000000000000e+01 3.262287378311157227e-02
7.800000000000000000e+01 2.859736420214176178e-02
7.900000000000000000e+01 2.511251345276832581e-02
8.000000000000000000e+01 2.188562229275703430e-02
8.100000000000000000e+01 1.927747204899787903e-02
8.200000000000000000e+01 1.681938953697681427e-02
8.300000000000000000e+01 1.415610127151012421e-02
8.400000000000000000e+01 1.131497509777545929e-02
8.500000000000000000e+01 8.717763237655162811e-03
8.600000000000000000e+01 5.567352753132581711e-03
8.700000000000000000e+01 2.956373617053031921e-03
8.800000000000000000e+01 7.206497248262166977e-04
8.900000000000000000e+01 -1.447158982045948505e-03
9.000000000000000000e+01 -4.110264591872692108e-03
9.100000000000000000e+01 -7.061229087412357330e-03
9.200000000000000000e+01 -9.947450831532478333e-03
9.300000000000000000e+01 -1.222701370716094971e-02
9.400000000000000000e+01 -1.401202101260423660e-02
9.500000000000000000e+01 -1.719312556087970734e-02
9.600000000000000000e+01 -1.934181898832321167e-02
9.700000000000000000e+01 -1.983432099223136902e-02
9.800000000000000000e+01 -2.122252434492111206e-02
9.900000000000000000e+01 -2.019218914210796356e-02
