1.000000000000000000e+00 1.000000000000000000e+00
2.000000000000000000e+00 8.860779404640197754e-01
3.000000000000000000e+00 7.981817126274108887e-01
4.000000000000000000e+00 7.223272919654846191e-01
5.000000000000000000e+00 6.535789370536804199e-01
6.000000000000000000e+00 5.891814827919006348e-01
7.000000000000000000e+00 5.280852913856506348e-01
8.000000000000000000e+00 4.696654677391052246e-01
9.000000000000000000e+00 4.132296144962310791e-01
1.000000000000000000e+01 3.586069047451019287e-01
1.100000000000000000e+01 3.054694235324859619e-01
1.200000000000000000e+01 2.536837160587310791e-01
1.300000000000000000e+01 2.032978385686874390e-01
1.400000000000000000e+01 1.546809077262878418e-01
1.500000000000000000e+01 1.078092232346534729e-01
1.600000000000000000e+01 6.292890757322311401e-02
1.700000000000000000e+01 1.987791433930397034e-02
1.800000000000000000e+01 -2.091318927705287933e-02
1.900000000000000000e+01 -5.904980003833770752e-02
2.000000000000000000e+01 -9.424982219934463501e-02
2.100000000000000000e+01 -1.263929456472396851e-01
2.200000000000000000e+01 -1.551802605390548706e-01
2.300000000000000000e+01 -1.805134117603302002e-01
2.400000000000000000e+01 -2.023906856775283813e-01
2.500000000000000000e+01 -2.210423499345779419e-01
2.600000000000000000e+01 -2.363442778587341309e-01
2.700000000000000000e+01 -2.478869557380676270e-01
2.800000000000000000e+01 -2.556785047054290771e-01
2.900000000000000000e+01 -2.603686749935150146e-01
3.000000000000000000e+01 -2.624043524265289307e-01
3.100000000000000000e+01 -2.617787718772888184e-01
3.200000000000000000e+01 -2.589108049869537354e-01
3.300000000000000000e+01 -2.537024915218353271e-01
3.400000000000000000e+01 -2.465016245841979980e-01
3.500000000000000000e+01 -2.376374006271362305e-01
3.600000000000000000e+01 -2.274296879768371582e-01
3.700000000000000000e+01 -2.153519839048385620e-01
3.800000000000000000e+01 -2.028801888227462769e-01
3.900000000000000000e+01 -1.895928382873535156e-01
4.000000000000000000e+01 -1.757024973630905151e-01
4.100000000000000000e+01 -1.615104079246520996e-01
4.200000000000000000e+01 -1.469606459140777588e-01
4.300000000000000000e+01 -1.324002891778945923e-01
4.400000000000000000e+01 -1.177157610654830933e-01
4.500000000000000000e+01 -1.031150221824645996e-01
4.600000000000000000e+01 -8.878800272941589355e-02
4.700000000000000000e+01 -7.464951276779174805e-02
4.800000000000000000e+01 -6.095737963914871216e-02
4.900000000000000000e+01 -4.770251363515853882e-02
5.000000000000000000e+01 -3.480919077992439270e-02
5.100000000000000000e+01 -2.260323986411094666e-02
5.200000000000000000e+01 -1.112608332186937332e-02
5.300000000000000000e+01 5.716656596632674336e-05
5.400000000000000000e+01 1.050929259508848190e-02
5.500000000000000000e+01 2.044573053717613220e-02
5.600000000000000000e+01 2.997628599405288696e-02
5.700000000000000000e+01 3.874512016773223877e-02
5.800000000000000000e+01 4.609950631856918335e-02
5.900000000000000000e+01 5.295985192060470581e-02
6.000000000000000000e+01 5.899257957935333252e-02
6.100000000000000000e+01 6.404607743024826050e-02
6.200000000000000000e+01 6.855788826942443848e-02
6.300000000000000000e+01 7.232806831598281860e-02
6.400000000000000000e+01 7.486099749803543091e-02
6.500000000000000000e+01 7.640180736780166626e-02
6.600000000000000000e+01 7.723578810691833496e-02
6.700000000000000000e+01 7.729244977235794067e-02
6.800000000000000000e+01 7.659062743186950684e-02
6.900000000000000000e+01 7.498953491449356079e-02
7.000000000000000000e+01 7.273149490356445312e-02
7.100000000000000000e+01 6.988216936588287354e-02
7.200000000000000000e+01 6.686326116323471069e-02
7.300000000000000000e+01 6.349582970142364502e-02
7.400000000000000000e+01 5.980504304170608521e-02
7.500000000000000000e+01 5.562986806035041809e-02
7.600000000000000000e+01 5.110390856862068176e-02
7.700000000000000000e+01 4.726344719529151917e-02
7.800000000000000000e+01 4.314900562167167664e-02
7.900000000000000000e+01 3.920988366007804871e-02
8.000000000000000000e+01 3.567922860383987427e-02
8.100000000000000000e+01 3.220628574490547180e-02
8.200000000000000000e+01 2.861325815320014954e-02
8.300000000000000000e+01 2.536604553461074829e-02
8.400000000000000000e+01 2.217349968850612640e-02
8.500000000000000000e+01 1.905343681573867798e-02
8.600000000000000000e+01 1.600534841418266296e-02
8.700000000000000000e+01 1.310053933411836624e-02
8.800000000000000000e+01 1.016886439174413681e-02
8.900000000000000000e+01 6.854802370071411133e-03
9.000000000000000000e+01 2.996935741975903511e-03
9.100000000000000000e+01 -9.766059229150414467e-04
9.200000000000000000e+01 -4.163109697401523590e-03
9.300000000000000000e+01 -7.129201199859380722e-03
9.400000000000000000e+01 -1.079956069588661194e-02
9.500000000000000000e+01 -1.312649715691804886e-02
9.600000000000000000e+01 -1.466291584074497223e-02
9.700000000000000000e+01 -1.647763326764106750e-02
9.800000000000000000e+01 -1.900563575327396393e-02
9.900000000000000000e+01 -1.986328139901161194e-02
