1.000000000000000000e+00 1.000000000000000000e+00
2.000000000000000000e+00 8.864706754684448242e-01
3.000000000000000000e+00 7.985657453536987305e-01
4.000000000000000000e+00 7.228320240974426270e-01
5.000000000000000000e+00 6.539831757545471191e-01
6.000000000000000000e+00 5.897880792617797852e-01
7.000000000000000000e+00 5.287365913391113281e-01
8.000000000000000000e+00 4.703314304351806641e-01
9.000000000000000000e+00 4.143685996532440186e-01
1.000000000000000000e+01 3.599609434604644775e-01
1.100000000000000000e+01 3.070379495620727539e-01
1.200000000000000000e+01 2.556786835193634033e-01
1.300000000000000000e+01 2.057583034038543701e-01
1.400000000000000000e+01 1.571244597434997559e-01
1.500000000000000000e+01 1.097145453095436096e-01
1.600000000000000000e+01 6.433098763227462769e-02
1.700000000000000000e+01 2.102384902536869049e-02
1.800000000000000000e+01 -2.020350284874439240e-02
1.900000000000000000e+01 -5.853775516152381897e-02
2.000000000000000000e+01 -9.390935301780700684e-02
2.100000000000000000e+01 -1.263115257024765015e-01
2.200000000000000000e+01 -1.552906483411788940e-01
2.300000000000000000e+01 -1.811364144086837769e-01
2.400000000000000000e+01 -2.032456845045089722e-01
2.500000000000000000e+01 -2.218094766139984131e-01
2.600000000000000000e+01 -2.368148416280746460e-01
2.700000000000000000e+01 -2.484852075576782227e-01
2.800000000000000000e+01 -2.570695877075195312e-01
2.900000000000000000e+01 -2.625465095043182373e-01
3.000000000000000000e+01 -2.650732398033142090e-01
3.100000000000000000e+01 -2.648906707763671875e-01
3.200000000000000000e+01 -2.618124783039093018e-01
3.300000000000000000e+01 -2.566786110401153564e-01
3.400000000000000000e+01 -2.495021969079971313e-01
3.500000000000000000e+01 -2.405271828174591064e-01
3.600000000000000000e+01 -2.301287651062011719e-01
3.700000000000000000e+01 -2.186978906393051147e-01
3.800000000000000000e+01 -2.060376852750778198e-01
3.900000000000000000e+01 -1.924665868282318115e-01
4.000000000000000000e+01 -1.782844215631484985e-01
4.100000000000000000e+01 -1.637467592954635620e-01
4.200000000000000000e+01 -1.488592773675918579e-01
4.300000000000000000e+01 -1.338950544595718384e-01
4.400000000000000000e+01 -1.186940595507621765e-01
4.500000000000000000e+01 -1.036441996693611145e-01
4.600000000000000000e+01 -8.929784595966339111e-02
4.700000000000000000e+01 -7.515123486518859863e-02
4.800000000000000000e+01 -6.138145178556442261e-02
4.900000000000000000e+01 -4.787547513842582703e-02
5.000000000000000000e+01 -3.501539677381515503e-02
5.100000000000000000e+01 -2.262795157730579376e-02
5.200000000000000000e+01 -1.087968703359365463e-02
5.300000000000000000e+01 1.632038620300590992e-04
5.400000000000000000e+01 1.043199189007282257e-02
5.500000000000000000e+01 2.012995816767215729e-02
5.600000000000000000e+01 2.922357246279716492e-02
5.700000000000000000e+01 3.781159967184066772e-02
5.800000000000000000e+01 4.570446163415908813e-02
5.900000000000000000e+01 5.282766744494438171e-02
6.000000000000000000e+01 5.867413431406021118e-02
6.100000000000000000e+01 6.384277343750000000e-02
6.200000000000000000e+01 6.845851242542266846e-02
6.300000000000000000e+01 7.246801257133483887e-02
6.400000000000000000e+01 7.574173063039779663e-02
6.500000000000000000e+01 7.784382253885269165e-02
6.600000000000000000e+01 7.905393093824386597e-02
6.700000000000000000e+01 7.915785908699035645e-02
6.800000000000000000e+01 7.888189703226089478e-02
6.900000000000000000e+01 7.792419940233230591e-02
7.000000000000000000e+01 7.577876001596450806e-02
7.100000000000000000e+01 7.320377975702285767e-02
7.200000000000000000e+01 6.992062926292419434e-02
7.300000000000000000e+01 6.641761213541030884e-02
7.400000000000000000e+01 6.227436661720275879e-02
7.500000000000000000e+01 5.797555670142173767e-02
7.600000000000000000e+01 5.431217327713966370e-02
7.700000000000000000e+01 5.075007304549217224e-02
7.800000000000000000e+01 4.749304801225662231e-02
7.900000000000000000e+01 4.435767605900764465e-02
8.000000000000000000e+01 4.101629927754402161e-02
8.100000000000000000e+01 3.729743883013725281e-02
8.200000000000000000e+01 3.443462774157524109e-02
8.300000000000000000e+01 3.124061785638332367e-02
8.400000000000000000e+01 2.852288261055946350e-02
8.500000000000000000e+01 2.567303925752639771e-02
8.600000000000000000e+01 2.267925627529621124e-02
8.700000000000000000e+01 1.957986317574977875e-02
8.800000000000000000e+01 1.609344780445098877e-02
8.900000000000000000e+01 1.274948008358478546e-02
9.000000000000000000e+01 9.593542665243148804e-03
9.100000000000000000e+01 7.001651450991630554e-03
9.200000000000000000e+01 3.971461206674575806e-03
9.300000000000000000e+01 1.174826291389763355e-03
9.400000000000000000e+01 -2.180018695071339607e-03
9.500000000000000000e+01 -5.218547768890857697e-03
9.600000000000000000e+01 -7.460465654730796814e-03
9.700000000000000000e+01 -1.148925255984067917e-02
9.800000000000000000e+01 -1.447218097746372223e-02
9.900000000000000000e+01 -1.506823953241109848e-02
