1.000000000000000000e+00 1.000000000000000000e+00
2.000000000000000000e+00 8.807981610298156738e-01
3.000000000000000000e+00 7.887172102928161621e-01
4.000000000000000000e+00 7.097241878509521484e-01
5.000000000000000000e+00 6.383715271949768066e-01
6.000000000000000000e+00 5.720127224922180176e-01
7.000000000000000000e+00 5.093519687652587891e-01
8.000000000000000000e+00 4.496587216854095459e-01
9.000000000000000000e+00 3.924175500869750977e-01
1.000000000000000000e+01 3.373620808124542236e-01
1.100000000000000000e+01 2.842324078083038330e-01
1.200000000000000000e+01 2.328696250915527344e-01
1.300000000000000000e+01 1.831272840499877930e-01
1.400000000000000000e+01 1.353562474250793457e-01
1.500000000000000000e+01 8.945041894912719727e-02
1.600000000000000000e+01 4.550945758819580078e-02
1.700000000000000000e+01 3.852715250104665756e-03
1.800000000000000000e+01 -3.537873923778533936e-02
1.900000000000000000e+01 -7.166613638401031494e-02
2.000000000000000000e+01 -1.048213392496109009e-01
2.100000000000000000e+01 -1.349751055240631104e-01
2.200000000000000000e+01 -1.612861752510070801e-01
2.300000000000000000e+01 -1.837684214115142822e-01
2.400000000000000000e+01 -2.030138522386550903e-01
2.500000000000000000e+01 -2.187237441539764404e-01
2.600000000000000000e+01 -2.310172319412231445e-01
2.700000000000000000e+01 -2.398912906646728516e-01
2.800000000000000000e+01 -2.459435760974884033e-01
2.900000000000000000e+01 -2.488378286361694336e-01
3.000000000000000000e+01 -2.486740499734878540e-01
3.100000000000000000e+01 -2.458633333444595337e-01
3.200000000000000000e+01 -2.410729229450225830e-01
3.300000000000000000e+01 -2.340725809335708618e-01
3.400000000000000000e+01 -2.257016003131866455e-01
3.500000000000000000e+01 -2.157474756240844727e-01
3.600000000000000000e+01 -2.047193646430969238e-01
3.700000000000000000e+01 -1.926216781139373779e-01
3.800000000000000000e+01 -1.798018515110015869e-01
3.900000000000000000e+01 -1.665266007184982300e-01
4.000000000000000000e+01 -1.530487984418869019e-01
4.100000000000000000e+01 -1.391957253217697144e-01
4.200000000000000000e+01 -1.251677274703979492e-01
4.300000000000000000e+01 -1.111537292599678040e-01
4.400000000000000000e+01 -9.670799970626831055e-02
4.500000000000000000e+01 -8.239042013883590698e-02
4.600000000000000000e+01 -6.878466159105300903e-02
4.700000000000000000e+01 -5.545266717672348022e-02
4.800000000000000000e+01 -4.287332296371459961e-02
4.900000000000000000e+01 -3.106539882719516754e-02
5.000000000000000000e+01 -1.985588856041431427e-02
5.100000000000000000e+01 -9.503556415438652039e-03
5.200000000000000000e+01 1.155605350504629314e-04
5.300000000000000000e+01 8.987538516521453857e-03
5.400000000000000000e+01 1.720583438873291016e-02
5.500000000000000000e+01 2.526955492794513702e-02
5.600000000000000000e+01 3.299719840288162231e-02
5.700000000000000000e+01 3.963057696819305420e-02
5.800000000000000000e+01 4.571200907230377197e-02
5.900000000000000000e+01 5.096062645316123962e-02
6.000000000000000000e+01 5.540740862488746643e-02
6.100000000000000000e+01 5.899351462721824646e-02
6.200000000000000000e+01 6.181304529309272766e-02
6.300000000000000000e+01 6.356316059827804565e-02
6.400000000000000000e+01 6.465173512697219849e-02
6.500000000000000000e+01 6.541965901851654053e-02
6.600000000000000000e+01 6.534495949745178223e-02
6.700000000000000000e+01 6.453930586576461792e-02
6.800000000000000000e+01 6.347347050905227661e-02
6.900000000000000000e+01 6.142872944474220276e-02
7.000000000000000000e+01 5.876090377569198608e-02
7.100000000000000000e+01 5.581321567296981812e-02
7.200000000000000000e+01 5.204981938004493713e-02
7.300000000000000000e+01 4.782418161630630493e-02
7.400000000000000000e+01 4.381583258509635925e-02
7.500000000000000000e+01 3.988696634769439697e-02
7.600000000000000000e+01 3.585506603121757507e-02
7.700000000000000000e+01 3.227922692894935608e-02
7.800000000000000000e+01 2.858982421457767487e-02
7.900000000000000000e+01 2.528490126132965088e-02
8.000000000000000000e+01 2.198249474167823792e-02
8.100000000000000000e+01 1.870731823146343231e-02
8.200000000000000000e+01 1.510743517428636551e-02
8.300000000000000000e+01 1.268639601767063141e-02
8.400000000000000000e+01 1.013274863362312317e-02
8.500000000000000000e+01 6.979865487664937973e-03
8.600000000000000000e+01 3.721281420439481735e-03
8.700000000000000000e+01 5.722693749703466892e-04
8.800000000000000000e+01 -1.636352506466209888e-03
8.900000000000000000e+01 -3.983163274824619293e-03
9.000000000000000000e+01 -6.179990246891975403e-03
9.100000000000000000e+01 -7.444710005074739456e-03
9.200000000000000000e+01 -8.313775993883609772e-03
9.300000000000000000e+01 -9.375926107168197632e-03
9.400000000000000000e+01 -1.014920976012945175e-02
9.500000000000000000e+01 -1.173095125705003738e-02
9.600000000000000000e+01 -1.429598033428192139e-02
9.700000000000000000e+01 -1.712561212480068207e-02
9.800000000000000000e+01 -1.972259767353534698e-02
9.900000000000000000e+01 -2.115220949053764343e-02
