1.000000000000000000e+00 1.000000000000000000e+00
2.000000000000000000e+00 8.842977285385131836e-01
3.000000000000000000e+00 7.947349548339843750e-01
4.000000000000000000e+00 7.180383205413818359e-01
5.000000000000000000e+00 6.483522057533264160e-01
6.000000000000000000e+00 5.832492709159851074e-01
7.000000000000000000e+00 5.214729309082031250e-01
8.000000000000000000e+00 4.624533355236053467e-01
9.000000000000000000e+00 4.056674242019653320e-01
1.000000000000000000e+01 3.507150709629058838e-01
1.100000000000000000e+01 2.976169288158416748e-01
1.200000000000000000e+01 2.462195754051208496e-01
1.300000000000000000e+01 1.963207870721817017e-01
1.400000000000000000e+01 1.479777842760086060e-01
1.500000000000000000e+01 1.012842580676078796e-01
1.600000000000000000e+01 5.658782646059989929e-02
1.700000000000000000e+01 1.392086129635572433e-02
1.800000000000000000e+01 -2.611934021115303040e-02
1.900000000000000000e+01 -6.344464421272277832e-02
2.000000000000000000e+01 -9.791258722543716431e-02
2.100000000000000000e+01 -1.294407844543457031e-01
2.200000000000000000e+01 -1.576124727725982666e-01
2.300000000000000000e+01 -1.822908371686935425e-01
2.400000000000000000e+01 -2.034471631050109863e-01
2.500000000000000000e+01 -2.207299023866653442e-01
2.600000000000000000e+01 -2.344910204410552979e-01
2.700000000000000000e+01 -2.449332475662231445e-01
2.800000000000000000e+01 -2.522255778312683105e-01
2.900000000000000000e+01 -2.565587460994720459e-01
3.000000000000000000e+01 -2.580191195011138916e-01
3.100000000000000000e+01 -2.567527592182159424e-01
3.200000000000000000e+01 -2.528947591781616211e-01
3.300000000000000000e+01 -2.469916343688964844e-01
3.400000000000000000e+01 -2.395342886447906494e-01
3.500000000000000000e+01 -2.302333563566207886e-01
3.600000000000000000e+01 -2.199164479970932007e-01
3.700000000000000000e+01 -2.080817371606826782e-01
3.800000000000000000e+01 -1.949511021375656128e-01
3.900000000000000000e+01 -1.813164502382278442e-01
4.000000000000000000e+01 -1.670839339494705200e-01
4.100000000000000000e+01 -1.526894271373748779e-01
4.200000000000000000e+01 -1.376025080680847168e-01
4.300000000000000000e+01 -1.228012368083000183e-01
4.400000000000000000e+01 -1.084164828062057495e-01
4.500000000000000000e+01 -9.416402131319046021e-02
4.600000000000000000e+01 -8.020932972431182861e-02
4.700000000000000000e+01 -6.674193590879440308e-02
4.800000000000000000e+01 -5.394091829657554626e-02
4.900000000000000000e+01 -4.127497971057891846e-02
5.000000000000000000e+01 -2.917704358696937561e-02
5.100000000000000000e+01 -1.767214946448802948e-02
5.200000000000000000e+01 -6.944797467440366745e-03
5.300000000000000000e+01 2.842300338670611382e-03
5.400000000000000000e+01 1.223738584667444229e-02
5.500000000000000000e+01 2.109691128134727478e-02
5.600000000000000000e+01 2.918224595487117767e-02
5.700000000000000000e+01 3.656350821256637573e-02
5.800000000000000000e+01 4.315387830138206482e-02
5.900000000000000000e+01 4.894765838980674744e-02
6.000000000000000000e+01 5.426802486181259155e-02
6.100000000000000000e+01 5.914252623915672302e-02
6.200000000000000000e+01 6.288138777017593384e-02
6.300000000000000000e+01 6.564968824386596680e-02
6.400000000000000000e+01 6.770122051239013672e-02
6.500000000000000000e+01 6.908869743347167969e-02
6.600000000000000000e+01 6.992256641387939453e-02
6.700000000000000000e+01 7.039254903793334961e-02
6.800000000000000000e+01 6.997580081224441528e-02
6.900000000000000000e+01 6.855355203151702881e-02
7.000000000000000000e+01 6.668048352003097534e-02
7.100000000000000000e+01 6.456846743822097778e-02
7.200000000000000000e+01 6.131421029567718506e-02
7.300000000000000000e+01 5.757813528180122375e-02
7.400000000000000000e+01 5.364721640944480896e-02
7.500000000000000000e+01 4.996531829237937927e-02
7.600000000000000000e+01 4.605455696582794189e-02
7.700000000000000000e+01 4.214744642376899719e-02
7.800000000000000000e+01 3.826557099819183350e-02
7.900000000000000000e+01 3.533373028039932251e-02
8.000000000000000000e+01 3.292821720242500305e-02
8.100000000000000000e+01 3.047923184931278229e-02
8.200000000000000000e+01 2.741433121263980865e-02
8.300000000000000000e+01 2.433438040316104889e-02
8.400000000000000000e+01 2.098799496889114380e-02
8.500000000000000000e+01 1.747685298323631287e-02
8.600000000000000000e+01 1.425568945705890656e-02
8.700000000000000000e+01 1.152217946946620941e-02
8.800000000000000000e+01 8.605230599641799927e-03
8.900000000000000000e+01 6.303751375526189804e-03
9.000000000000000000e+01 4.312461242079734802e-03
9.100000000000000000e+01 1.416118582710623741e-03
9.200000000000000000e+01 -1.725922105833888054e-03
9.300000000000000000e+01 -3.846422536298632622e-03
9.400000000000000000e+01 -5.058818962424993515e-03
9.500000000000000000e+01 -6.739647127687931061e-03
9.600000000000000000e+01 -6.875430233776569366e-03
9.700000000000000000e+01 -8.580219000577926636e-03
9.800000000000000000e+01 -9.593809023499488831e-03
9.900000000000000000e+01 -1.277219969779253006e-02
