1.000000000000000000e+00 1.000000000000000000e+00
2.000000000000000000e+00 8.832847476005554199e-01
3.000000000000000000e+00 7.930452823638916016e-01
4.000000000000000000e+00 7.156149744987487793e-01
5.000000000000000000e+00 6.455466747283935547e-01
6.000000000000000000e+00 5.799674391746520996e-01
7.000000000000000000e+00 5.181585550308227539e-01
8.000000000000000000e+00 4.588423073291778564e-01
9.000000000000000000e+00 4.018925428390502930e-01
1.000000000000000000e+01 3.470169901847839355e-01
1.100000000000000000e+01 2.938528358936309814e-01
1.200000000000000000e+01 2.422130703926086426e-01
1.300000000000000000e+01 1.925896257162094116e-01
1.400000000000000000e+01 1.444577574729919434e-01
1.500000000000000000e+01 9.788826853036880493e-02
1.600000000000000000e+01 5.332440510392189026e-02
1.700000000000000000e+01 1.115795318037271500e-02
1.800000000000000000e+01 -2.837584912776947021e-02
1.900000000000000000e+01 -6.524964421987533569e-02
2.000000000000000000e+01 -9.941598773002624512e-02
2.100000000000000000e+01 -1.299870461225509644e-01
2.200000000000000000e+01 -1.575707346200942993e-01
2.300000000000000000e+01 -1.815136820077896118e-01
2.400000000000000000e+01 -2.020794600248336792e-01
2.500000000000000000e+01 -2.189800292253494263e-01
2.600000000000000000e+01 -2.323770076036453247e-01
2.700000000000000000e+01 -2.427019178867340088e-01
2.800000000000000000e+01 -2.496491670608520508e-01
2.900000000000000000e+01 -2.535859346389770508e-01
3.000000000000000000e+01 -2.546388506889343262e-01
3.100000000000000000e+01 -2.530778944492340088e-01
3.200000000000000000e+01 -2.491250336170196533e-01
3.300000000000000000e+01 -2.430797666311264038e-01
3.400000000000000000e+01 -2.350574433803558350e-01
3.500000000000000000e+01 -2.259988784790039062e-01
3.600000000000000000e+01 -2.155215442180633545e-01
3.700000000000000000e+01 -2.044246792793273926e-01
3.800000000000000000e+01 -1.918778866529464722e-01
3.900000000000000000e+01 -1.782832890748977661e-01
4.000000000000000000e+01 -1.640856415033340454e-01
4.100000000000000000e+01 -1.496995240449905396e-01
4.200000000000000000e+01 -1.353167295455932617e-01
4.300000000000000000e+01 -1.211856156587600708e-01
4.400000000000000000e+01 -1.068988293409347534e-01
4.500000000000000000e+01 -9.269697219133377075e-02
4.600000000000000000e+01 -7.882072776556015015e-02
4.700000000000000000e+01 -6.518877297639846802e-02
4.800000000000000000e+01 -5.185595154762268066e-02
4.900000000000000000e+01 -3.865898028016090393e-02
5.000000000000000000e+01 -2.664727345108985901e-02
5.100000000000000000e+01 -1.505657099187374115e-02
5.200000000000000000e+01 -4.395929630845785141e-03
5.300000000000000000e+01 5.577236879616975784e-03
5.400000000000000000e+01 1.464946288615465164e-02
5.500000000000000000e+01 2.312177978456020355e-02
5.600000000000000000e+01 3.064940311014652252e-02
5.700000000000000000e+01 3.740761056542396545e-02
5.800000000000000000e+01 4.383798688650131226e-02
5.900000000000000000e+01 4.946456104516983032e-02
6.000000000000000000e+01 5.431928858160972595e-02
6.100000000000000000e+01 5.806864798069000244e-02
6.200000000000000000e+01 6.111247837543487549e-02
6.300000000000000000e+01 6.417174637317657471e-02
6.400000000000000000e+01 6.625937670469284058e-02
6.500000000000000000e+01 6.764996796846389771e-02
6.600000000000000000e+01 6.881761550903320312e-02
6.700000000000000000e+01 6.910341233015060425e-02
6.800000000000000000e+01 6.787879765033721924e-02
6.900000000000000000e+01 6.642355024814605713e-02
7.000000000000000000e+01 6.429383158683776855e-02
7.100000000000000000e+01 6.116963550448417664e-02
7.200000000000000000e+01 5.743497982621192932e-02
7.300000000000000000e+01 5.367172881960868835e-02
7.400000000000000000e+01 5.025980621576309204e-02
7.500000000000000000e+01 4.631050676107406616e-02
7.600000000000000000e+01 4.229383170604705811e-02
7.700000000000000000e+01 3.893603384494781494e-02
7.800000000000000000e+01 3.540745377540588379e-02
7.900000000000000000e+01 3.217926993966102600e-02
8.000000000000000000e+01 2.920852974057197571e-02
8.100000000000000000e+01 2.612631022930145264e-02
8.200000000000000000e+01 2.319685928523540497e-02
8.300000000000000000e+01 2.023203298449516296e-02
8.400000000000000000e+01 1.780308596789836884e-02
8.500000000000000000e+01 1.546129025518894196e-02
8.600000000000000000e+01 1.279016584157943726e-02
8.700000000000000000e+01 9.893638081848621368e-03
8.800000000000000000e+01 7.818765938282012939e-03
8.900000000000000000e+01 5.830116104334592819e-03
9.000000000000000000e+01 3.676732303574681282e-03
9.100000000000000000e+01 1.386632677167654037e-03
9.200000000000000000e+01 -7.679390837438404560e-04
9.300000000000000000e+01 -3.024168312549591064e-03
9.400000000000000000e+01 -5.690860562026500702e-03
9.500000000000000000e+01 -7.888608612120151520e-03
9.600000000000000000e+01 -7.637792732566595078e-03
9.700000000000000000e+01 -9.258553385734558105e-03
9.800000000000000000e+01 -1.283370237797498703e-02
9.900000000000000000e+01 -1.333694253116846085e-02
