1.000000000000000000e+00 1.000000000000000000e+00
2.000000000000000000e+00 8.825111389160156250e-01
3.000000000000000000e+00 7.914817333221435547e-01
4.000000000000000000e+00 7.135813832283020020e-01
5.000000000000000000e+00 6.433154344558715820e-01
6.000000000000000000e+00 5.778791308403015137e-01
7.000000000000000000e+00 5.159152150154113770e-01
8.000000000000000000e+00 4.567850232124328613e-01
9.000000000000000000e+00 3.997107744216918945e-01
1.000000000000000000e+01 3.445785343647003174e-01
1.100000000000000000e+01 2.914276123046875000e-01
1.200000000000000000e+01 2.398123741149902344e-01
1.300000000000000000e+01 1.896920949220657349e-01
1.400000000000000000e+01 1.416335105895996094e-01
1.500000000000000000e+01 9.542079269886016846e-02
1.600000000000000000e+01 5.109527334570884705e-02
1.700000000000000000e+01 9.047972038388252258e-03
1.800000000000000000e+01 -3.049032948911190033e-02
1.900000000000000000e+01 -6.736511737108230591e-02
2.000000000000000000e+01 -1.013499721884727478e-01
2.100000000000000000e+01 -1.317915767431259155e-01
2.200000000000000000e+01 -1.588282585144042969e-01
2.300000000000000000e+01 -1.825383901596069336e-01
2.400000000000000000e+01 -2.024457603693008423e-01
2.500000000000000000e+01 -2.189038246870040894e-01
2.600000000000000000e+01 -2.319806218147277832e-01
2.700000000000000000e+01 -2.417542487382888794e-01
2.800000000000000000e+01 -2.485240846872329712e-01
2.900000000000000000e+01 -2.519696056842803955e-01
3.000000000000000000e+01 -2.525303959846496582e-01
3.100000000000000000e+01 -2.503247261047363281e-01
3.200000000000000000e+01 -2.461612820625305176e-01
3.300000000000000000e+01 -2.396792173385620117e-01
3.400000000000000000e+01 -2.314702272415161133e-01
3.500000000000000000e+01 -2.217465937137603760e-01
3.600000000000000000e+01 -2.109919935464859009e-01
3.700000000000000000e+01 -1.992214769124984741e-01
3.800000000000000000e+01 -1.863706707954406738e-01
3.900000000000000000e+01 -1.732986420392990112e-01
4.000000000000000000e+01 -1.597914099693298340e-01
4.100000000000000000e+01 -1.459296196699142456e-01
4.200000000000000000e+01 -1.322389543056488037e-01
4.300000000000000000e+01 -1.184348091483116150e-01
4.400000000000000000e+01 -1.044406667351722717e-01
4.500000000000000000e+01 -9.072824567556381226e-02
4.600000000000000000e+01 -7.731524109840393066e-02
4.700000000000000000e+01 -6.431937962770462036e-02
4.800000000000000000e+01 -5.188837647438049316e-02
4.900000000000000000e+01 -3.930159658193588257e-02
5.000000000000000000e+01 -2.745003998279571533e-02
5.100000000000000000e+01 -1.641144603490829468e-02
5.200000000000000000e+01 -5.960735492408275604e-03
5.300000000000000000e+01 3.641477320343255997e-03
5.400000000000000000e+01 1.227413769811391830e-02
5.500000000000000000e+01 2.054441906511783600e-02
5.600000000000000000e+01 2.810456976294517517e-02
5.700000000000000000e+01 3.482279926538467407e-02
5.800000000000000000e+01 4.072511941194534302e-02
5.900000000000000000e+01 4.637168347835540771e-02
6.000000000000000000e+01 5.127942934632301331e-02
6.100000000000000000e+01 5.606934055685997009e-02
6.200000000000000000e+01 6.009842082858085632e-02
6.300000000000000000e+01 6.314491480588912964e-02
6.400000000000000000e+01 6.565151363611221313e-02
6.500000000000000000e+01 6.768959015607833862e-02
6.600000000000000000e+01 6.872826814651489258e-02
6.700000000000000000e+01 6.909232586622238159e-02
6.800000000000000000e+01 6.822511553764343262e-02
6.900000000000000000e+01 6.636413186788558960e-02
7.000000000000000000e+01 6.451734155416488647e-02
7.100000000000000000e+01 6.232454627752304077e-02
7.200000000000000000e+01 5.926913768053054810e-02
7.300000000000000000e+01 5.614565685391426086e-02
7.400000000000000000e+01 5.310595780611038208e-02
7.500000000000000000e+01 5.030393972992897034e-02
7.600000000000000000e+01 4.742881283164024353e-02
7.700000000000000000e+01 4.416126385331153870e-02
7.800000000000000000e+01 4.087462276220321655e-02
7.900000000000000000e+01 3.774330765008926392e-02
8.000000000000000000e+01 3.489153087139129639e-02
8.100000000000000000e+01 3.146239370107650757e-02
8.200000000000000000e+01 2.806014753878116608e-02
8.300000000000000000e+01 2.477589808404445648e-02
8.400000000000000000e+01 2.120515331625938416e-02
8.500000000000000000e+01 1.829676702618598938e-02
8.600000000000000000e+01 1.588513888418674469e-02
8.700000000000000000e+01 1.424549240618944168e-02
8.800000000000000000e+01 1.239854935556650162e-02
8.900000000000000000e+01 1.037700101733207703e-02
9.000000000000000000e+01 7.801800500601530075e-03
9.100000000000000000e+01 5.662801209837198257e-03
9.200000000000000000e+01 3.350239712744951248e-03
9.300000000000000000e+01 1.646134071052074432e-03
9.400000000000000000e+01 3.791977651417255402e-04
9.500000000000000000e+01 -3.809791523963212967e-04
9.600000000000000000e+01 -1.245789579115808010e-03
9.700000000000000000e+01 -2.494452521204948425e-03
9.800000000000000000e+01 -6.980431731790304184e-03
9.900000000000000000e+01 -1.147349551320075989e-02
