1.000000000000000000e+00 1.000000000000000000e+00
2.000000000000000000e+00 8.743621706962585449e-01
3.000000000000000000e+00 7.781541347503662109e-01
4.000000000000000000e+00 6.957894563674926758e-01
5.000000000000000000e+00 6.221011877059936523e-01
6.000000000000000000e+00 5.541288852691650391e-01
7.000000000000000000e+00 4.899936616420745850e-01
8.000000000000000000e+00 4.294379353523254395e-01
9.000000000000000000e+00 3.715683817863464355e-01
1.000000000000000000e+01 3.163988590240478516e-01
1.100000000000000000e+01 2.634082734584808350e-01
1.200000000000000000e+01 2.125947922468185425e-01
1.300000000000000000e+01 1.638991385698318481e-01
1.400000000000000000e+01 1.172338873147964478e-01
1.500000000000000000e+01 7.279949635267257690e-02
1.600000000000000000e+01 3.094835765659809113e-02
1.700000000000000000e+01 -8.792181499302387238e-03
1.800000000000000000e+01 -4.594669863581657410e-02
1.900000000000000000e+01 -7.975713908672332764e-02
2.000000000000000000e+01 -1.104527190327644348e-01
2.100000000000000000e+01 -1.376999914646148682e-01
2.200000000000000000e+01 -1.615267544984817505e-01
2.300000000000000000e+01 -1.816550642251968384e-01
2.400000000000000000e+01 -1.983126252889633179e-01
2.500000000000000000e+01 -2.115863114595413208e-01
2.600000000000000000e+01 -2.219024747610092163e-01
2.700000000000000000e+01 -2.288355082273483276e-01
2.800000000000000000e+01 -2.326079905033111572e-01
2.900000000000000000e+01 -2.337587475776672363e-01
3.000000000000000000e+01 -2.321167737245559692e-01
3.100000000000000000e+01 -2.281550168991088867e-01
3.200000000000000000e+01 -2.220761775970458984e-01
3.300000000000000000e+01 -2.141781747341156006e-01
3.400000000000000000e+01 -2.048789560794830322e-01
3.500000000000000000e+01 -1.941550523042678833e-01
3.600000000000000000e+01 -1.825048625469207764e-01
3.700000000000000000e+01 -1.703837960958480835e-01
3.800000000000000000e+01 -1.580280363559722900e-01
3.900000000000000000e+01 -1.453248858451843262e-01
4.000000000000000000e+01 -1.321605294942855835e-01
4.100000000000000000e+01 -1.187246888875961304e-01
4.200000000000000000e+01 -1.053543761372566223e-01
4.300000000000000000e+01 -9.196491539478302002e-02
4.400000000000000000e+01 -7.886491715908050537e-02
4.500000000000000000e+01 -6.593000143766403198e-02
4.600000000000000000e+01 -5.376463383436203003e-02
4.700000000000000000e+01 -4.209430143237113953e-02
4.800000000000000000e+01 -3.105477988719940186e-02
4.900000000000000000e+01 -2.046458050608634949e-02
5.000000000000000000e+01 -1.057165302336215973e-02
5.100000000000000000e+01 -1.222979393787682056e-03
5.200000000000000000e+01 7.433658465743064880e-03
5.300000000000000000e+01 1.526146661490201950e-02
5.400000000000000000e+01 2.217960171401500702e-02
5.500000000000000000e+01 2.837169542908668518e-02
5.600000000000000000e+01 3.433231636881828308e-02
5.700000000000000000e+01 3.932653367519378662e-02
5.800000000000000000e+01 4.373516887426376343e-02
5.900000000000000000e+01 4.736351594328880310e-02
6.000000000000000000e+01 5.040964111685752869e-02
6.100000000000000000e+01 5.294506996870040894e-02
6.200000000000000000e+01 5.499630048871040344e-02
6.300000000000000000e+01 5.621074140071868896e-02
6.400000000000000000e+01 5.636537820100784302e-02
6.500000000000000000e+01 5.654348060488700867e-02
6.600000000000000000e+01 5.597111210227012634e-02
6.700000000000000000e+01 5.535230785608291626e-02
6.800000000000000000e+01 5.409054085612297058e-02
6.900000000000000000e+01 5.142488703131675720e-02
7.000000000000000000e+01 4.910951107740402222e-02
7.100000000000000000e+01 4.624212533235549927e-02
7.200000000000000000e+01 4.268281161785125732e-02
7.300000000000000000e+01 3.878166526556015015e-02
7.400000000000000000e+01 3.494348749518394470e-02
7.500000000000000000e+01 3.098767995834350586e-02
7.600000000000000000e+01 2.701400034129619598e-02
7.700000000000000000e+01 2.306747250258922577e-02
7.800000000000000000e+01 1.942344754934310913e-02
7.900000000000000000e+01 1.635372824966907501e-02
8.000000000000000000e+01 1.293885987251996994e-02
8.100000000000000000e+01 1.063999813050031662e-02
8.200000000000000000e+01 8.598564192652702332e-03
8.300000000000000000e+01 6.835630163550376892e-03
8.400000000000000000e+01 4.990104120224714279e-03
8.500000000000000000e+01 3.074488602578639984e-03
8.600000000000000000e+01 1.633858541026711464e-03
8.700000000000000000e+01 -4.594844067469239235e-04
8.800000000000000000e+01 -2.538768807426095009e-03
8.900000000000000000e+01 -4.184009041637182236e-03
9.000000000000000000e+01 -5.878635216504335403e-03
9.100000000000000000e+01 -7.581513375043869019e-03
9.200000000000000000e+01 -8.923009037971496582e-03
9.300000000000000000e+01 -1.066671684384346008e-02
9.400000000000000000e+01 -1.082722470164299011e-02
9.500000000000000000e+01 -1.021205633878707886e-02
9.600000000000000000e+01 -1.005957927554845810e-02
9.700000000000000000e+01 -9.342067874968051910e-03
9.800000000000000000e+01 -6.210240535438060760e-03
9.900000000000000000e+01 -6.549353245645761490e-03
