1.000000000000000000e+00 1.000000000000000000e+00
2.000000000000000000e+00 8.802300095558166504e-01
3.000000000000000000e+00 7.882033586502075195e-01
4.000000000000000000e+00 7.088355422019958496e-01
5.000000000000000000e+00 6.370167732238769531e-01
6.000000000000000000e+00 5.704956650733947754e-01
7.000000000000000000e+00 5.078869462013244629e-01
8.000000000000000000e+00 4.481291472911834717e-01
9.000000000000000000e+00 3.907410800457000732e-01
1.000000000000000000e+01 3.355582356452941895e-01
1.100000000000000000e+01 2.824046611785888672e-01
1.200000000000000000e+01 2.309411019086837769e-01
1.300000000000000000e+01 1.811044961214065552e-01
1.400000000000000000e+01 1.333892792463302612e-01
1.500000000000000000e+01 8.766553550958633423e-02
1.600000000000000000e+01 4.396810755133628845e-02
1.700000000000000000e+01 2.900780644267797470e-03
1.800000000000000000e+01 -3.561900556087493896e-02
1.900000000000000000e+01 -7.149801403284072876e-02
2.000000000000000000e+01 -1.043520122766494751e-01
2.100000000000000000e+01 -1.340401619672775269e-01
2.200000000000000000e+01 -1.603325754404067993e-01
2.300000000000000000e+01 -1.832521706819534302e-01
2.400000000000000000e+01 -2.024968266487121582e-01
2.500000000000000000e+01 -2.183035016059875488e-01
2.600000000000000000e+01 -2.309357523918151855e-01
2.700000000000000000e+01 -2.399064600467681885e-01
2.800000000000000000e+01 -2.454046756029129028e-01
2.900000000000000000e+01 -2.479954957962036133e-01
3.000000000000000000e+01 -2.479291856288909912e-01
3.100000000000000000e+01 -2.458723038434982300e-01
3.200000000000000000e+01 -2.413788437843322754e-01
3.300000000000000000e+01 -2.349179983139038086e-01
3.400000000000000000e+01 -2.263216674327850342e-01
3.500000000000000000e+01 -2.160674780607223511e-01
3.600000000000000000e+01 -2.046681940555572510e-01
3.700000000000000000e+01 -1.924123615026473999e-01
3.800000000000000000e+01 -1.797191500663757324e-01
3.900000000000000000e+01 -1.662022024393081665e-01
4.000000000000000000e+01 -1.521336138248443604e-01
4.100000000000000000e+01 -1.378115564584732056e-01
4.200000000000000000e+01 -1.233365014195442200e-01
4.300000000000000000e+01 -1.088220104575157166e-01
4.400000000000000000e+01 -9.458187967538833618e-02
4.500000000000000000e+01 -8.094131201505661011e-02
4.600000000000000000e+01 -6.779544800519943237e-02
4.700000000000000000e+01 -5.473188683390617371e-02
4.800000000000000000e+01 -4.220705106854438782e-02
4.900000000000000000e+01 -3.003234229981899261e-02
5.000000000000000000e+01 -1.880855299532413483e-02
5.100000000000000000e+01 -8.274948224425315857e-03
5.200000000000000000e+01 1.581048942171037197e-03
5.300000000000000000e+01 1.073842309415340424e-02
5.400000000000000000e+01 1.901066862046718597e-02
5.500000000000000000e+01 2.677479945123195648e-02
5.600000000000000000e+01 3.353750705718994141e-02
5.700000000000000000e+01 3.935002163052558899e-02
5.800000000000000000e+01 4.489838331937789917e-02
5.900000000000000000e+01 4.936598241329193115e-02
6.000000000000000000e+01 5.349001288414001465e-02
6.100000000000000000e+01 5.665352568030357361e-02
6.200000000000000000e+01 5.944230034947395325e-02
6.300000000000000000e+01 6.178015470504760742e-02
6.400000000000000000e+01 6.366759538650512695e-02
6.500000000000000000e+01 6.494612991809844971e-02
6.600000000000000000e+01 6.513980031013488770e-02
6.700000000000000000e+01 6.466878950595855713e-02
6.800000000000000000e+01 6.338798999786376953e-02
6.900000000000000000e+01 6.187037006020545959e-02
7.000000000000000000e+01 5.970194190740585327e-02
7.100000000000000000e+01 5.679576098918914795e-02
7.200000000000000000e+01 5.372466146945953369e-02
7.300000000000000000e+01 4.973586648702621460e-02
7.400000000000000000e+01 4.562345519661903381e-02
7.500000000000000000e+01 4.161922261118888855e-02
7.600000000000000000e+01 3.794555738568305969e-02
7.700000000000000000e+01 3.383278846740722656e-02
7.800000000000000000e+01 2.984684333205223083e-02
7.900000000000000000e+01 2.611478045582771301e-02
8.000000000000000000e+01 2.270042896270751953e-02
8.100000000000000000e+01 1.960755698382854462e-02
8.200000000000000000e+01 1.636369712650775909e-02
8.300000000000000000e+01 1.363085489720106125e-02
8.400000000000000000e+01 1.078365370631217957e-02
8.500000000000000000e+01 8.547300472855567932e-03
8.600000000000000000e+01 6.285565905272960663e-03
8.700000000000000000e+01 4.737126640975475311e-03
8.800000000000000000e+01 2.680822275578975677e-03
8.900000000000000000e+01 1.124491100199520588e-03
9.000000000000000000e+01 -6.261745584197342396e-04
9.100000000000000000e+01 -2.777402987703680992e-03
9.200000000000000000e+01 -4.800172988325357437e-03
9.300000000000000000e+01 -5.880788434296846390e-03
9.400000000000000000e+01 -7.319741416722536087e-03
9.500000000000000000e+01 -8.143777959048748016e-03
9.600000000000000000e+01 -8.552376180887222290e-03
9.700000000000000000e+01 -8.789233863353729248e-03
9.800000000000000000e+01 -9.610570967197418213e-03
9.900000000000000000e+01 -8.995287120342254639e-03
