1.000000000000000000e+00 1.000000000000000000e+00
2.000000000000000000e+00 8.634973168373107910e-01
3.000000000000000000e+00 7.598556876182556152e-01
4.000000000000000000e+00 6.722133159637451172e-01
5.000000000000000000e+00 5.947113633155822754e-01
6.000000000000000000e+00 5.241237878799438477e-01
7.000000000000000000e+00 4.589871466159820557e-01
8.000000000000000000e+00 3.980470001697540283e-01
9.000000000000000000e+00 3.408960402011871338e-01
1.000000000000000000e+01 2.865858376026153564e-01
1.100000000000000000e+01 2.348214089870452881e-01
1.200000000000000000e+01 1.858667731285095215e-01
1.300000000000000000e+01 1.394560039043426514e-01
1.400000000000000000e+01 9.538149833679199219e-02
1.500000000000000000e+01 5.343096703290939331e-02
1.600000000000000000e+01 1.407627481967210770e-02
1.700000000000000000e+01 -2.217486687004566193e-02
1.800000000000000000e+01 -5.552159622311592102e-02
1.900000000000000000e+01 -8.562860637903213501e-02
2.000000000000000000e+01 -1.124749034643173218e-01
2.100000000000000000e+01 -1.360467523336410522e-01
2.200000000000000000e+01 -1.561730802059173584e-01
2.300000000000000000e+01 -1.728543341159820557e-01
2.400000000000000000e+01 -1.860713362693786621e-01
2.500000000000000000e+01 -1.963313370943069458e-01
2.600000000000000000e+01 -2.035837918519973755e-01
2.700000000000000000e+01 -2.078961431980133057e-01
2.800000000000000000e+01 -2.096396386623382568e-01
2.900000000000000000e+01 -2.090417444705963135e-01
3.000000000000000000e+01 -2.062018513679504395e-01
3.100000000000000000e+01 -2.009903788566589355e-01
3.200000000000000000e+01 -1.941205710172653198e-01
3.300000000000000000e+01 -1.853697896003723145e-01
3.400000000000000000e+01 -1.752236783504486084e-01
3.500000000000000000e+01 -1.644425541162490845e-01
3.600000000000000000e+01 -1.532984226942062378e-01
3.700000000000000000e+01 -1.416365355253219604e-01
3.800000000000000000e+01 -1.294920295476913452e-01
3.900000000000000000e+01 -1.172669678926467896e-01
4.000000000000000000e+01 -1.048321872949600220e-01
4.100000000000000000e+01 -9.210701286792755127e-02
4.200000000000000000e+01 -7.945673167705535889e-02
4.300000000000000000e+01 -6.712178140878677368e-02
4.400000000000000000e+01 -5.521266534924507141e-02
4.500000000000000000e+01 -4.391905665397644043e-02
4.600000000000000000e+01 -3.302988037467002869e-02
4.700000000000000000e+01 -2.308706194162368774e-02
4.800000000000000000e+01 -1.331568881869316101e-02
4.900000000000000000e+01 -4.529784899204969406e-03
5.000000000000000000e+01 3.968279343098402023e-03
5.100000000000000000e+01 1.162821985781192780e-02
5.200000000000000000e+01 1.852288842201232910e-02
5.300000000000000000e+01 2.498915605247020721e-02
5.400000000000000000e+01 3.069346770644187927e-02
5.500000000000000000e+01 3.548632562160491943e-02
5.600000000000000000e+01 3.981348872184753418e-02
5.700000000000000000e+01 4.342474043369293213e-02
5.800000000000000000e+01 4.572330042719841003e-02
5.900000000000000000e+01 4.756745696067810059e-02
6.000000000000000000e+01 4.901732876896858215e-02
6.100000000000000000e+01 4.975803196430206299e-02
6.200000000000000000e+01 4.982738941907882690e-02
6.300000000000000000e+01 4.976230859756469727e-02
6.400000000000000000e+01 4.886912181973457336e-02
6.500000000000000000e+01 4.743909463286399841e-02
6.600000000000000000e+01 4.617255926132202148e-02
6.700000000000000000e+01 4.483393579721450806e-02
6.800000000000000000e+01 4.311173036694526672e-02
6.900000000000000000e+01 4.095997661352157593e-02
7.000000000000000000e+01 3.868170455098152161e-02
7.100000000000000000e+01 3.559998050332069397e-02
7.200000000000000000e+01 3.254393115639686584e-02
7.300000000000000000e+01 2.927285805344581604e-02
7.400000000000000000e+01 2.588206902146339417e-02
7.500000000000000000e+01 2.292092703282833099e-02
7.600000000000000000e+01 2.035417594015598297e-02
7.700000000000000000e+01 1.743764244019985199e-02
7.800000000000000000e+01 1.423558499664068222e-02
7.900000000000000000e+01 1.126177608966827393e-02
8.000000000000000000e+01 7.969621568918228149e-03
8.100000000000000000e+01 5.702462512999773026e-03
8.200000000000000000e+01 3.771426621824502945e-03
8.300000000000000000e+01 1.551652792841196060e-03
8.400000000000000000e+01 -6.997382733970880508e-04
8.500000000000000000e+01 -2.948367269709706306e-03
8.600000000000000000e+01 -5.502237472683191299e-03
8.700000000000000000e+01 -7.658885791897773743e-03
8.800000000000000000e+01 -8.842285722494125366e-03
8.900000000000000000e+01 -1.000939123332500458e-02
9.000000000000000000e+01 -1.104473136365413666e-02
9.100000000000000000e+01 -1.241756509989500046e-02
9.200000000000000000e+01 -1.359111443161964417e-02
9.300000000000000000e+01 -1.431494671851396561e-02
9.400000000000000000e+01 -1.451543532311916351e-02
9.500000000000000000e+01 -1.574364677071571350e-02
9.600000000000000000e+01 -1.579572074115276337e-02
9.700000000000000000e+01 -1.658333651721477509e-02
9.800000000000000000e+01 -1.814543828368186951e-02
9.900000000000000000e+01 -1.919401995837688446e-02
