1.000000000000000000e+00 1.000000000000000000e+00
2.000000000000000000e+00 8.847810626029968262e-01
3.000000000000000000e+00 7.956557869911193848e-01
4.000000000000000000e+00 7.186745405197143555e-01
5.000000000000000000e+00 6.488627195358276367e-01
6.000000000000000000e+00 5.838010907173156738e-01
7.000000000000000000e+00 5.223900079727172852e-01
8.000000000000000000e+00 4.636927247047424316e-01
9.000000000000000000e+00 4.070300161838531494e-01
1.000000000000000000e+01 3.525159358978271484e-01
1.100000000000000000e+01 2.995360195636749268e-01
1.200000000000000000e+01 2.480603307485580444e-01
1.300000000000000000e+01 1.981935650110244751e-01
1.400000000000000000e+01 1.497493535280227661e-01
1.500000000000000000e+01 1.031646132469177246e-01
1.600000000000000000e+01 5.824863910675048828e-02
1.700000000000000000e+01 1.551927719265222549e-02
1.800000000000000000e+01 -2.473436854779720306e-02
1.900000000000000000e+01 -6.270676106214523315e-02
2.000000000000000000e+01 -9.744736552238464355e-02
2.100000000000000000e+01 -1.290817409753799438e-01
2.200000000000000000e+01 -1.576796323060989380e-01
2.300000000000000000e+01 -1.828813254833221436e-01
2.400000000000000000e+01 -2.042821049690246582e-01
2.500000000000000000e+01 -2.218550294637680054e-01
2.600000000000000000e+01 -2.360533624887466431e-01
2.700000000000000000e+01 -2.469159364700317383e-01
2.800000000000000000e+01 -2.544435560703277588e-01
2.900000000000000000e+01 -2.589947283267974854e-01
3.000000000000000000e+01 -2.606478333473205566e-01
3.100000000000000000e+01 -2.591835856437683105e-01
3.200000000000000000e+01 -2.554285526275634766e-01
3.300000000000000000e+01 -2.497154623270034790e-01
3.400000000000000000e+01 -2.420747876167297363e-01
3.500000000000000000e+01 -2.326859980821609497e-01
3.600000000000000000e+01 -2.220895439386367798e-01
3.700000000000000000e+01 -2.100533396005630493e-01
3.800000000000000000e+01 -1.969458013772964478e-01
3.900000000000000000e+01 -1.833081841468811035e-01
4.000000000000000000e+01 -1.691253632307052612e-01
4.100000000000000000e+01 -1.543897986412048340e-01
4.200000000000000000e+01 -1.395790576934814453e-01
4.300000000000000000e+01 -1.250554770231246948e-01
4.400000000000000000e+01 -1.102186068892478943e-01
4.500000000000000000e+01 -9.579223394393920898e-02
4.600000000000000000e+01 -8.172377198934555054e-02
4.700000000000000000e+01 -6.767334789037704468e-02
4.800000000000000000e+01 -5.411136522889137268e-02
4.900000000000000000e+01 -4.141309112310409546e-02
5.000000000000000000e+01 -2.891701646149158478e-02
5.100000000000000000e+01 -1.732577569782733917e-02
5.200000000000000000e+01 -6.061463616788387299e-03
5.300000000000000000e+01 3.966997377574443817e-03
5.400000000000000000e+01 1.329102180898189545e-02
5.500000000000000000e+01 2.163073979318141937e-02
5.600000000000000000e+01 2.934860996901988983e-02
5.700000000000000000e+01 3.662440553307533264e-02
5.800000000000000000e+01 4.329664632678031921e-02
5.900000000000000000e+01 4.891025647521018982e-02
6.000000000000000000e+01 5.358924716711044312e-02
6.100000000000000000e+01 5.778644606471061707e-02
6.200000000000000000e+01 6.132031977176666260e-02
6.300000000000000000e+01 6.388079375028610229e-02
6.400000000000000000e+01 6.647610664367675781e-02
6.500000000000000000e+01 6.822191178798675537e-02
6.600000000000000000e+01 6.941164284944534302e-02
6.700000000000000000e+01 7.009489834308624268e-02
6.800000000000000000e+01 6.966268271207809448e-02
6.900000000000000000e+01 6.889714300632476807e-02
7.000000000000000000e+01 6.738453358411788940e-02
7.100000000000000000e+01 6.522940844297409058e-02
7.200000000000000000e+01 6.249739229679107666e-02
7.300000000000000000e+01 5.959650874137878418e-02
7.400000000000000000e+01 5.665279924869537354e-02
7.500000000000000000e+01 5.321843922138214111e-02
7.600000000000000000e+01 5.062847957015037537e-02
7.700000000000000000e+01 4.758860170841217041e-02
7.800000000000000000e+01 4.412253201007843018e-02
7.900000000000000000e+01 4.129892215132713318e-02
8.000000000000000000e+01 3.842974826693534851e-02
8.100000000000000000e+01 3.565658256411552429e-02
8.200000000000000000e+01 3.289849683642387390e-02
8.300000000000000000e+01 3.041298873722553253e-02
8.400000000000000000e+01 2.754731848835945129e-02
8.500000000000000000e+01 2.486258186399936676e-02
8.600000000000000000e+01 2.136575244367122650e-02
8.700000000000000000e+01 1.737289316952228546e-02
8.800000000000000000e+01 1.369733922183513641e-02
8.900000000000000000e+01 1.089897844940423965e-02
9.000000000000000000e+01 8.235401473939418793e-03
9.100000000000000000e+01 6.241123657673597336e-03
9.200000000000000000e+01 3.951675258576869965e-03
9.300000000000000000e+01 1.792329014278948307e-03
9.400000000000000000e+01 -3.228699497412890196e-04
9.500000000000000000e+01 -2.289569005370140076e-03
9.600000000000000000e+01 -5.402381066232919693e-03
9.700000000000000000e+01 -7.673135958611965179e-03
9.800000000000000000e+01 -6.984852254390716553e-03
9.900000000000000000e+01 -7.887992076575756073e-03
