1.000000000000000000e+00 1.000000000000000000e+00
2.000000000000000000e+00 8.857561945915222168e-01
3.000000000000000000e+00 7.973107099533081055e-01
4.000000000000000000e+00 7.211009263992309570e-01
5.000000000000000000e+00 6.518479585647583008e-01
6.000000000000000000e+00 5.871760845184326172e-01
7.000000000000000000e+00 5.257567167282104492e-01
8.000000000000000000e+00 4.669082760810852051e-01
9.000000000000000000e+00 4.104878008365631104e-01
1.000000000000000000e+01 3.557894825935363770e-01
1.100000000000000000e+01 3.029005527496337891e-01
1.200000000000000000e+01 2.512707412242889404e-01
1.300000000000000000e+01 2.013861536979675293e-01
1.400000000000000000e+01 1.531286388635635376e-01
1.500000000000000000e+01 1.064661964774131775e-01
1.600000000000000000e+01 6.135008484125137329e-02
1.700000000000000000e+01 1.840640977025032043e-02
1.800000000000000000e+01 -2.216108143329620361e-02
1.900000000000000000e+01 -5.984177440404891968e-02
2.000000000000000000e+01 -9.494226425886154175e-02
2.100000000000000000e+01 -1.267872899770736694e-01
2.200000000000000000e+01 -1.557383388280868530e-01
2.300000000000000000e+01 -1.811334788799285889e-01
2.400000000000000000e+01 -2.028142958879470825e-01
2.500000000000000000e+01 -2.209226042032241821e-01
2.600000000000000000e+01 -2.355824261903762817e-01
2.700000000000000000e+01 -2.467393577098846436e-01
2.800000000000000000e+01 -2.544001340866088867e-01
2.900000000000000000e+01 -2.591692805290222168e-01
3.000000000000000000e+01 -2.608455717563629150e-01
3.100000000000000000e+01 -2.599301040172576904e-01
3.200000000000000000e+01 -2.568214535713195801e-01
3.300000000000000000e+01 -2.514198720455169678e-01
3.400000000000000000e+01 -2.444774955511093140e-01
3.500000000000000000e+01 -2.355072498321533203e-01
3.600000000000000000e+01 -2.248157262802124023e-01
3.700000000000000000e+01 -2.130959928035736084e-01
3.800000000000000000e+01 -2.004627734422683716e-01
3.900000000000000000e+01 -1.868447810411453247e-01
4.000000000000000000e+01 -1.732471734285354614e-01
4.100000000000000000e+01 -1.589132249355316162e-01
4.200000000000000000e+01 -1.443748027086257935e-01
4.300000000000000000e+01 -1.298259794712066650e-01
4.400000000000000000e+01 -1.153470948338508606e-01
4.500000000000000000e+01 -1.007464081048965454e-01
4.600000000000000000e+01 -8.637040108442306519e-02
4.700000000000000000e+01 -7.224939018487930298e-02
4.800000000000000000e+01 -5.883137509226799011e-02
4.900000000000000000e+01 -4.594882577657699585e-02
5.000000000000000000e+01 -3.335847705602645874e-02
5.100000000000000000e+01 -2.108624391257762909e-02
5.200000000000000000e+01 -9.627087973058223724e-03
5.300000000000000000e+01 1.170102739706635475e-03
5.400000000000000000e+01 1.115198805928230286e-02
5.500000000000000000e+01 2.060237340629100800e-02
5.600000000000000000e+01 2.889258041977882385e-02
5.700000000000000000e+01 3.624381497502326965e-02
5.800000000000000000e+01 4.314411804080009460e-02
5.900000000000000000e+01 4.977994784712791443e-02
6.000000000000000000e+01 5.556746199727058411e-02
6.100000000000000000e+01 6.054735183715820312e-02
6.200000000000000000e+01 6.462160497903823853e-02
6.300000000000000000e+01 6.796807050704956055e-02
6.400000000000000000e+01 7.068464159965515137e-02
6.500000000000000000e+01 7.239412516355514526e-02
6.600000000000000000e+01 7.356605678796768188e-02
6.700000000000000000e+01 7.405713945627212524e-02
6.800000000000000000e+01 7.410021126270294189e-02
6.900000000000000000e+01 7.328636944293975830e-02
7.000000000000000000e+01 7.151585817337036133e-02
7.100000000000000000e+01 6.930528581142425537e-02
7.200000000000000000e+01 6.603863835334777832e-02
7.300000000000000000e+01 6.237854063510894775e-02
7.400000000000000000e+01 5.876058340072631836e-02
7.500000000000000000e+01 5.475106462836265564e-02
7.600000000000000000e+01 5.016563087701797485e-02
7.700000000000000000e+01 4.593046382069587708e-02
7.800000000000000000e+01 4.145052284002304077e-02
7.900000000000000000e+01 3.766398504376411438e-02
8.000000000000000000e+01 3.482681140303611755e-02
8.100000000000000000e+01 3.189111500978469849e-02
8.200000000000000000e+01 2.908024378120899200e-02
8.300000000000000000e+01 2.592483721673488617e-02
8.400000000000000000e+01 2.279372513294219971e-02
8.500000000000000000e+01 1.976578496396541595e-02
8.600000000000000000e+01 1.726666465401649475e-02
8.700000000000000000e+01 1.481860503554344177e-02
8.800000000000000000e+01 1.250143814831972122e-02
8.900000000000000000e+01 8.830917067825794220e-03
9.000000000000000000e+01 5.417890846729278564e-03
9.100000000000000000e+01 2.636683639138936996e-03
9.200000000000000000e+01 -2.390022273175418377e-04
9.300000000000000000e+01 -3.485852619633078575e-03
9.400000000000000000e+01 -6.503898650407791138e-03
9.500000000000000000e+01 -9.805635549128055573e-03
9.600000000000000000e+01 -1.307138986885547638e-02
9.700000000000000000e+01 -1.478631887584924698e-02
9.800000000000000000e+01 -1.602642796933650970e-02
9.900000000000000000e+01 -1.736647821962833405e-02
