1.000000000000000000e+00 1.000000000000000000e+00
2.000000000000000000e+00 8.125159144401550293e-01
3.000000000000000000e+00 6.744409799575805664e-01
4.000000000000000000e+00 5.629983544349670410e-01
5.000000000000000000e+00 4.691641926765441895e-01
6.000000000000000000e+00 3.890379965305328369e-01
7.000000000000000000e+00 3.192522823810577393e-01
8.000000000000000000e+00 2.582572698593139648e-01
9.000000000000000000e+00 2.048095017671585083e-01
1.000000000000000000e+01 1.574405878782272339e-01
1.100000000000000000e+01 1.150738820433616638e-01
1.200000000000000000e+01 7.750692218542098999e-02
1.300000000000000000e+01 4.425420612096786499e-02
1.400000000000000000e+01 1.528605446219444275e-02
1.500000000000000000e+01 -1.051889825612306595e-02
1.600000000000000000e+01 -3.247442096471786499e-02
1.700000000000000000e+01 -5.102670937776565552e-02
1.800000000000000000e+01 -6.672032922506332397e-02
1.900000000000000000e+01 -7.956983894109725952e-02
2.000000000000000000e+01 -8.958029001951217651e-02
2.100000000000000000e+01 -9.705604612827301025e-02
2.200000000000000000e+01 -1.019899025559425354e-01
2.300000000000000000e+01 -1.047738641500473022e-01
2.400000000000000000e+01 -1.054330393671989441e-01
2.500000000000000000e+01 -1.053304672241210938e-01
2.600000000000000000e+01 -1.036855205893516541e-01
2.700000000000000000e+01 -1.006395593285560608e-01
2.800000000000000000e+01 -9.660700708627700806e-02
2.900000000000000000e+01 -9.153633564710617065e-02
3.000000000000000000e+01 -8.560124784708023071e-02
3.100000000000000000e+01 -7.960385084152221680e-02
3.200000000000000000e+01 -7.343616336584091187e-02
3.300000000000000000e+01 -6.710092723369598389e-02
3.400000000000000000e+01 -6.019997969269752502e-02
3.500000000000000000e+01 -5.352159217000007629e-02
3.600000000000000000e+01 -4.691728204488754272e-02
3.700000000000000000e+01 -4.014865309000015259e-02
3.800000000000000000e+01 -3.357851877808570862e-02
3.900000000000000000e+01 -2.688453532755374908e-02
4.000000000000000000e+01 -2.099691890180110931e-02
4.100000000000000000e+01 -1.568501256406307220e-02
4.200000000000000000e+01 -1.077482011169195175e-02
4.300000000000000000e+01 -6.395688280463218689e-03
4.400000000000000000e+01 -2.350699389353394508e-03
4.500000000000000000e+01 1.439252286218106747e-03
4.600000000000000000e+01 4.364719148725271225e-03
4.700000000000000000e+01 7.209072355180978775e-03
4.800000000000000000e+01 9.470765478909015656e-03
4.900000000000000000e+01 1.177521143108606339e-02
5.000000000000000000e+01 1.337562967091798782e-02
5.100000000000000000e+01 1.466350536793470383e-02
5.200000000000000000e+01 1.550839003175497055e-02
5.300000000000000000e+01 1.613394543528556824e-02
5.400000000000000000e+01 1.680706441402435303e-02
5.500000000000000000e+01 1.723170652985572815e-02
5.600000000000000000e+01 1.713771373033523560e-02
5.700000000000000000e+01 1.697136834263801575e-02
5.800000000000000000e+01 1.662242040038108826e-02
5.900000000000000000e+01 1.549807377159595490e-02
6.000000000000000000e+01 1.402202714234590530e-02
6.100000000000000000e+01 1.276273094117641449e-02
6.200000000000000000e+01 1.108789350837469101e-02
6.300000000000000000e+01 9.217823855578899384e-03
6.400000000000000000e+01 7.187357638031244278e-03
6.500000000000000000e+01 5.479870829731225967e-03
6.600000000000000000e+01 3.959786612540483475e-03
6.700000000000000000e+01 3.162791486829519272e-03
6.800000000000000000e+01 2.459679264575242996e-03
6.900000000000000000e+01 1.657038461416959763e-03
7.000000000000000000e+01 9.639161289669573307e-04
7.100000000000000000e+01 1.179193495772778988e-04
7.200000000000000000e+01 -8.229061495512723923e-05
7.300000000000000000e+01 -6.962445331737399101e-04
7.400000000000000000e+01 -1.462062238715589046e-03
7.500000000000000000e+01 -2.357948105782270432e-03
7.600000000000000000e+01 -2.763878554105758667e-03
7.700000000000000000e+01 -3.275195602327585220e-03
7.800000000000000000e+01 -4.092078655958175659e-03
7.900000000000000000e+01 -4.719371441751718521e-03
8.000000000000000000e+01 -5.193207878619432449e-03
8.100000000000000000e+01 -5.509715992957353592e-03
8.200000000000000000e+01 -5.463368259370326996e-03
8.300000000000000000e+01 -6.038640625774860382e-03
8.400000000000000000e+01 -6.245671305805444717e-03
8.500000000000000000e+01 -5.976083222776651382e-03
8.600000000000000000e+01 -6.298531312495470047e-03
8.700000000000000000e+01 -7.475185673683881760e-03
8.800000000000000000e+01 -8.467927575111389160e-03
8.900000000000000000e+01 -8.387190289795398712e-03
9.000000000000000000e+01 -7.390067912638187408e-03
9.100000000000000000e+01 -8.051536977291107178e-03
9.200000000000000000e+01 -7.297568488866090775e-03
9.300000000000000000e+01 -5.673148669302463531e-03
9.400000000000000000e+01 -3.909791819751262665e-03
9.500000000000000000e+01 -4.567385651171207428e-03
9.600000000000000000e+01 -4.402317572385072708e-03
9.700000000000000000e+01 -2.099003177136182785e-03
9.800000000000000000e+01 -2.835319144651293755e-03
9.900000000000000000e+01 -1.728263567201793194e-03
