1.000000000000000000e+00 1.000000000000000000e+00
2.000000000000000000e+00 8.826808929443359375e-01
3.000000000000000000e+00 7.921996712684631348e-01
4.000000000000000000e+00 7.144713401794433594e-01
5.000000000000000000e+00 6.441807746887207031e-01
6.000000000000000000e+00 5.785970687866210938e-01
7.000000000000000000e+00 5.167043209075927734e-01
8.000000000000000000e+00 4.577662050724029541e-01
9.000000000000000000e+00 4.012002348899841309e-01
1.000000000000000000e+01 3.462898731231689453e-01
1.100000000000000000e+01 2.932647764682769775e-01
1.200000000000000000e+01 2.418686300516128540e-01
1.300000000000000000e+01 1.918069124221801758e-01
1.400000000000000000e+01 1.433300822973251343e-01
1.500000000000000000e+01 9.702122211456298828e-02
1.600000000000000000e+01 5.276925116777420044e-02
1.700000000000000000e+01 1.074230112135410309e-02
1.800000000000000000e+01 -2.887901291251182556e-02
1.900000000000000000e+01 -6.560782343149185181e-02
2.000000000000000000e+01 -9.945394098758697510e-02
2.100000000000000000e+01 -1.303491145372390747e-01
2.200000000000000000e+01 -1.580171138048171997e-01
2.300000000000000000e+01 -1.822558790445327759e-01
2.400000000000000000e+01 -2.027646154165267944e-01
2.500000000000000000e+01 -2.196557521820068359e-01
2.600000000000000000e+01 -2.330330759286880493e-01
2.700000000000000000e+01 -2.432414889335632324e-01
2.800000000000000000e+01 -2.500351071357727051e-01
2.900000000000000000e+01 -2.535538375377655029e-01
3.000000000000000000e+01 -2.541454434394836426e-01
3.100000000000000000e+01 -2.527895867824554443e-01
3.200000000000000000e+01 -2.487152516841888428e-01
3.300000000000000000e+01 -2.424097806215286255e-01
3.400000000000000000e+01 -2.340767234563827515e-01
3.500000000000000000e+01 -2.244511693716049194e-01
3.600000000000000000e+01 -2.135382443666458130e-01
3.700000000000000000e+01 -2.018041163682937622e-01
3.800000000000000000e+01 -1.892292052507400513e-01
3.900000000000000000e+01 -1.760633438825607300e-01
4.000000000000000000e+01 -1.624530702829360962e-01
4.100000000000000000e+01 -1.485644727945327759e-01
4.200000000000000000e+01 -1.346073746681213379e-01
4.300000000000000000e+01 -1.202926784753799438e-01
4.400000000000000000e+01 -1.059493497014045715e-01
4.500000000000000000e+01 -9.168839454650878906e-02
4.600000000000000000e+01 -7.763960212469100952e-02
4.700000000000000000e+01 -6.397552043199539185e-02
4.800000000000000000e+01 -5.097514390945434570e-02
4.900000000000000000e+01 -3.839162364602088928e-02
5.000000000000000000e+01 -2.660313434898853302e-02
5.100000000000000000e+01 -1.552989333868026733e-02
5.200000000000000000e+01 -5.028638988733291626e-03
5.300000000000000000e+01 5.074449814856052399e-03
5.400000000000000000e+01 1.439289655536413193e-02
5.500000000000000000e+01 2.310154400765895844e-02
5.600000000000000000e+01 3.052246384322643280e-02
5.700000000000000000e+01 3.741252794861793518e-02
5.800000000000000000e+01 4.369259998202323914e-02
5.900000000000000000e+01 4.892861843109130859e-02
6.000000000000000000e+01 5.359539017081260681e-02
6.100000000000000000e+01 5.751729011535644531e-02
6.200000000000000000e+01 6.047781556844711304e-02
6.300000000000000000e+01 6.346236169338226318e-02
6.400000000000000000e+01 6.587060540914535522e-02
6.500000000000000000e+01 6.791134178638458252e-02
6.600000000000000000e+01 6.902757287025451660e-02
6.700000000000000000e+01 6.947452574968338013e-02
6.800000000000000000e+01 6.902994960546493530e-02
6.900000000000000000e+01 6.788017600774765015e-02
7.000000000000000000e+01 6.617148965597152710e-02
7.100000000000000000e+01 6.399451196193695068e-02
7.200000000000000000e+01 6.120794266462326050e-02
7.300000000000000000e+01 5.815286934375762939e-02
7.400000000000000000e+01 5.411991849541664124e-02
7.500000000000000000e+01 4.969515651464462280e-02
7.600000000000000000e+01 4.620788991451263428e-02
7.700000000000000000e+01 4.197223484516143799e-02
7.800000000000000000e+01 3.845266625285148621e-02
7.900000000000000000e+01 3.496726974844932556e-02
8.000000000000000000e+01 3.185288608074188232e-02
8.100000000000000000e+01 2.891477569937705994e-02
8.200000000000000000e+01 2.581309899687767029e-02
8.300000000000000000e+01 2.253428846597671509e-02
8.400000000000000000e+01 1.993566378951072693e-02
8.500000000000000000e+01 1.717926003038883209e-02
8.600000000000000000e+01 1.394873578101396561e-02
8.700000000000000000e+01 1.054675504565238953e-02
8.800000000000000000e+01 8.158032782375812531e-03
8.900000000000000000e+01 5.706117022782564163e-03
9.000000000000000000e+01 3.443422727286815643e-03
9.100000000000000000e+01 1.194085809402167797e-03
9.200000000000000000e+01 -5.810618167743086815e-04
9.300000000000000000e+01 -3.440692322328686714e-03
9.400000000000000000e+01 -5.879359785467386246e-03
9.500000000000000000e+01 -8.473156951367855072e-03
9.600000000000000000e+01 -1.061225775629281998e-02
9.700000000000000000e+01 -1.189257577061653137e-02
9.800000000000000000e+01 -1.165584009140729904e-02
9.900000000000000000e+01 -1.123706158250570297e-02
