1.000000000000000000e+00 1.000000000000000000e+00
2.000000000000000000e+00 8.768054246902465820e-01
3.000000000000000000e+00 7.817723155021667480e-01
4.000000000000000000e+00 7.007524371147155762e-01
5.000000000000000000e+00 6.278101801872253418e-01
6.000000000000000000e+00 5.602741837501525879e-01
7.000000000000000000e+00 4.968927800655364990e-01
8.000000000000000000e+00 4.368172883987426758e-01
9.000000000000000000e+00 3.793294131755828857e-01
1.000000000000000000e+01 3.243916928768157959e-01
1.100000000000000000e+01 2.712874710559844971e-01
1.200000000000000000e+01 2.201562076807022095e-01
1.300000000000000000e+01 1.710202097892761230e-01
1.400000000000000000e+01 1.236939504742622375e-01
1.500000000000000000e+01 7.868430018424987793e-02
1.600000000000000000e+01 3.592151030898094177e-02
1.700000000000000000e+01 -4.523809067904949188e-03
1.800000000000000000e+01 -4.237150400876998901e-02
1.900000000000000000e+01 -7.729525864124298096e-02
2.000000000000000000e+01 -1.091154515743255615e-01
2.100000000000000000e+01 -1.376391351222991943e-01
2.200000000000000000e+01 -1.623615324497222900e-01
2.300000000000000000e+01 -1.836070269346237183e-01
2.400000000000000000e+01 -2.013081014156341553e-01
2.500000000000000000e+01 -2.154569923877716064e-01
2.600000000000000000e+01 -2.261342406272888184e-01
2.700000000000000000e+01 -2.336369007825851440e-01
2.800000000000000000e+01 -2.381757199764251709e-01
2.900000000000000000e+01 -2.398350089788436890e-01
3.000000000000000000e+01 -2.391088753938674927e-01
3.100000000000000000e+01 -2.358318418264389038e-01
3.200000000000000000e+01 -2.300136536359786987e-01
3.300000000000000000e+01 -2.227334529161453247e-01
3.400000000000000000e+01 -2.137432843446731567e-01
3.500000000000000000e+01 -2.036466151475906372e-01
3.600000000000000000e+01 -1.920610964298248291e-01
3.700000000000000000e+01 -1.795733869075775146e-01
3.800000000000000000e+01 -1.664741188287734985e-01
3.900000000000000000e+01 -1.531674414873123169e-01
4.000000000000000000e+01 -1.394487023353576660e-01
4.100000000000000000e+01 -1.260250657796859741e-01
4.200000000000000000e+01 -1.125101670622825623e-01
4.300000000000000000e+01 -9.878731518983840942e-02
4.400000000000000000e+01 -8.508630096912384033e-02
4.500000000000000000e+01 -7.201880216598510742e-02
4.600000000000000000e+01 -5.910081788897514343e-02
4.700000000000000000e+01 -4.672617837786674500e-02
4.800000000000000000e+01 -3.505910187959671021e-02
4.900000000000000000e+01 -2.383583411574363708e-02
5.000000000000000000e+01 -1.279724482446908951e-02
5.100000000000000000e+01 -2.676301402971148491e-03
5.200000000000000000e+01 6.611898541450500488e-03
5.300000000000000000e+01 1.559980120509862900e-02
5.400000000000000000e+01 2.378993108868598938e-02
5.500000000000000000e+01 3.097751550376415253e-02
5.600000000000000000e+01 3.706950694322586060e-02
5.700000000000000000e+01 4.210069775581359863e-02
5.800000000000000000e+01 4.680583253502845764e-02
5.900000000000000000e+01 5.068828165531158447e-02
6.000000000000000000e+01 5.428563803434371948e-02
6.100000000000000000e+01 5.715843290090560913e-02
6.200000000000000000e+01 5.914653092622756958e-02
6.300000000000000000e+01 6.044413894414901733e-02
6.400000000000000000e+01 6.094071269035339355e-02
6.500000000000000000e+01 6.124776229262351990e-02
6.600000000000000000e+01 6.046378985047340393e-02
6.700000000000000000e+01 5.893703177571296692e-02
6.800000000000000000e+01 5.725224316120147705e-02
6.900000000000000000e+01 5.567777901887893677e-02
7.000000000000000000e+01 5.375217646360397339e-02
7.100000000000000000e+01 5.122686177492141724e-02
7.200000000000000000e+01 4.831616207957267761e-02
7.300000000000000000e+01 4.487165808677673340e-02
7.400000000000000000e+01 4.142398014664649963e-02
7.500000000000000000e+01 3.758461028337478638e-02
7.600000000000000000e+01 3.376668691635131836e-02
7.700000000000000000e+01 2.950108796358108521e-02
7.800000000000000000e+01 2.555407397449016571e-02
7.900000000000000000e+01 2.171107195317745209e-02
8.000000000000000000e+01 1.841310411691665649e-02
8.100000000000000000e+01 1.506042946130037308e-02
8.200000000000000000e+01 1.182772777974605560e-02
8.300000000000000000e+01 9.560137987136840820e-03
8.400000000000000000e+01 7.626200094819068909e-03
8.500000000000000000e+01 5.656620487570762634e-03
8.600000000000000000e+01 4.348902963101863861e-03
8.700000000000000000e+01 2.334675751626491547e-03
8.800000000000000000e+01 -2.189928636653348804e-04
8.900000000000000000e+01 -2.547310665249824524e-03
9.000000000000000000e+01 -4.916525911539793015e-03
9.100000000000000000e+01 -6.814751308411359787e-03
9.200000000000000000e+01 -9.295674972236156464e-03
9.300000000000000000e+01 -1.105384901165962219e-02
9.400000000000000000e+01 -1.243804581463336945e-02
9.500000000000000000e+01 -1.390972640365362167e-02
9.600000000000000000e+01 -1.662826724350452423e-02
9.700000000000000000e+01 -1.947814598679542542e-02
9.800000000000000000e+01 -1.924499869346618652e-02
9.900000000000000000e+01 -2.566572651267051697e-02
