1.000000000000000000e+00 1.000000000000000000e+00
2.000000000000000000e+00 8.602809309959411621e-01
3.000000000000000000e+00 7.543668746948242188e-01
4.000000000000000000e+00 6.651661992073059082e-01
5.000000000000000000e+00 5.863033533096313477e-01
6.000000000000000000e+00 5.146443247795104980e-01
7.000000000000000000e+00 4.485716521739959717e-01
8.000000000000000000e+00 3.872556984424591064e-01
9.000000000000000000e+00 3.298825323581695557e-01
1.000000000000000000e+01 2.757986485958099365e-01
1.100000000000000000e+01 2.245285660028457642e-01
1.200000000000000000e+01 1.762333065271377563e-01
1.300000000000000000e+01 1.305273622274398804e-01
1.400000000000000000e+01 8.732666075229644775e-02
1.500000000000000000e+01 4.653104767203330994e-02
1.600000000000000000e+01 8.475000038743019104e-03
1.700000000000000000e+01 -2.673389017581939697e-02
1.800000000000000000e+01 -5.884212255477905273e-02
1.900000000000000000e+01 -8.782509714365005493e-02
2.000000000000000000e+01 -1.134375631809234619e-01
2.100000000000000000e+01 -1.356106549501419067e-01
2.200000000000000000e+01 -1.546710580587387085e-01
2.300000000000000000e+01 -1.703638434410095215e-01
2.400000000000000000e+01 -1.826130896806716919e-01
2.500000000000000000e+01 -1.918248236179351807e-01
2.600000000000000000e+01 -1.979890167713165283e-01
2.700000000000000000e+01 -2.012461274862289429e-01
2.800000000000000000e+01 -2.017555683851242065e-01
2.900000000000000000e+01 -2.001034617424011230e-01
3.000000000000000000e+01 -1.962000280618667603e-01
3.100000000000000000e+01 -1.904288083314895630e-01
3.200000000000000000e+01 -1.831619441509246826e-01
3.300000000000000000e+01 -1.749389767646789551e-01
3.400000000000000000e+01 -1.658863872289657593e-01
3.500000000000000000e+01 -1.555880308151245117e-01
3.600000000000000000e+01 -1.444228738546371460e-01
3.700000000000000000e+01 -1.330244094133377075e-01
3.800000000000000000e+01 -1.211853474378585815e-01
3.900000000000000000e+01 -1.090952455997467041e-01
4.000000000000000000e+01 -9.696434438228607178e-02
4.100000000000000000e+01 -8.488317579030990601e-02
4.200000000000000000e+01 -7.260314375162124634e-02
4.300000000000000000e+01 -6.086853146553039551e-02
4.400000000000000000e+01 -4.934728145599365234e-02
4.500000000000000000e+01 -3.853901475667953491e-02
4.600000000000000000e+01 -2.854165807366371155e-02
4.700000000000000000e+01 -1.906938850879669189e-02
4.800000000000000000e+01 -9.849855676293373108e-03
4.900000000000000000e+01 -1.158237457275390625e-03
5.000000000000000000e+01 6.940171122550964355e-03
5.100000000000000000e+01 1.415620557963848114e-02
5.200000000000000000e+01 2.080984786152839661e-02
5.300000000000000000e+01 2.635437808930873871e-02
5.400000000000000000e+01 3.117055632174015045e-02
5.500000000000000000e+01 3.510039672255516052e-02
5.600000000000000000e+01 3.844878450036048889e-02
5.700000000000000000e+01 4.154046624898910522e-02
5.800000000000000000e+01 4.434736818075180054e-02
5.900000000000000000e+01 4.633894562721252441e-02
6.000000000000000000e+01 4.732704535126686096e-02
6.100000000000000000e+01 4.745163023471832275e-02
6.200000000000000000e+01 4.714842885732650757e-02
6.300000000000000000e+01 4.698052629828453064e-02
6.400000000000000000e+01 4.655078426003456116e-02
6.500000000000000000e+01 4.564131796360015869e-02
6.600000000000000000e+01 4.415781423449516296e-02
6.700000000000000000e+01 4.218553751707077026e-02
6.800000000000000000e+01 3.943208232522010803e-02
6.900000000000000000e+01 3.711577504873275757e-02
7.000000000000000000e+01 3.492052853107452393e-02
7.100000000000000000e+01 3.259768337011337280e-02
7.200000000000000000e+01 2.996947243809700012e-02
7.300000000000000000e+01 2.672452107071876526e-02
7.400000000000000000e+01 2.343150600790977478e-02
7.500000000000000000e+01 2.056474611163139343e-02
7.600000000000000000e+01 1.772123947739601135e-02
7.700000000000000000e+01 1.535762194544076920e-02
7.800000000000000000e+01 1.269605569541454315e-02
7.900000000000000000e+01 9.885749779641628265e-03
8.000000000000000000e+01 7.664849981665611267e-03
8.100000000000000000e+01 5.456849932670593262e-03
8.200000000000000000e+01 3.149808617308735847e-03
8.300000000000000000e+01 9.973103879019618034e-04
8.400000000000000000e+01 -8.178999414667487144e-04
8.500000000000000000e+01 -2.762736519798636436e-03
8.600000000000000000e+01 -4.055293742567300797e-03
8.700000000000000000e+01 -5.810321308672428131e-03
8.800000000000000000e+01 -7.843107916414737701e-03
8.900000000000000000e+01 -9.202071465551853180e-03
9.000000000000000000e+01 -1.123487111181020737e-02
9.100000000000000000e+01 -1.228315010666847229e-02
9.200000000000000000e+01 -1.329031400382518768e-02
9.300000000000000000e+01 -1.409540325403213501e-02
9.400000000000000000e+01 -1.547743193805217743e-02
9.500000000000000000e+01 -1.533840969204902649e-02
9.600000000000000000e+01 -1.545067410916090012e-02
9.700000000000000000e+01 -1.562188193202018738e-02
9.800000000000000000e+01 -1.632970385253429413e-02
9.900000000000000000e+01 -1.406148541718721390e-02
