1.000000000000000000e+00 1.000000000000000000e+00
2.000000000000000000e+00 8.851272463798522949e-01
3.000000000000000000e+00 7.961831688880920410e-01
4.000000000000000000e+00 7.196531295776367188e-01
5.000000000000000000e+00 6.500682234764099121e-01
6.000000000000000000e+00 5.850011110305786133e-01
7.000000000000000000e+00 5.232382416725158691e-01
8.000000000000000000e+00 4.642269015312194824e-01
9.000000000000000000e+00 4.076203107833862305e-01
1.000000000000000000e+01 3.529003858566284180e-01
1.100000000000000000e+01 2.997654080390930176e-01
1.200000000000000000e+01 2.482699155807495117e-01
1.300000000000000000e+01 1.981403529644012451e-01
1.400000000000000000e+01 1.497055441141128540e-01
1.500000000000000000e+01 1.030676811933517456e-01
1.600000000000000000e+01 5.823260918259620667e-02
1.700000000000000000e+01 1.557628251612186432e-02
1.800000000000000000e+01 -2.462727390229701996e-02
1.900000000000000000e+01 -6.251750141382217407e-02
2.000000000000000000e+01 -9.742573648691177368e-02
2.100000000000000000e+01 -1.292351633310317993e-01
2.200000000000000000e+01 -1.575384885072708130e-01
2.300000000000000000e+01 -1.824772804975509644e-01
2.400000000000000000e+01 -2.039109766483306885e-01
2.500000000000000000e+01 -2.218509912490844727e-01
2.600000000000000000e+01 -2.360721528530120850e-01
2.700000000000000000e+01 -2.471369355916976929e-01
2.800000000000000000e+01 -2.549307048320770264e-01
2.900000000000000000e+01 -2.595200240612030029e-01
3.000000000000000000e+01 -2.610192894935607910e-01
3.100000000000000000e+01 -2.596746683120727539e-01
3.200000000000000000e+01 -2.558157742023468018e-01
3.300000000000000000e+01 -2.497406154870986938e-01
3.400000000000000000e+01 -2.417754530906677246e-01
3.500000000000000000e+01 -2.322619557380676270e-01
3.600000000000000000e+01 -2.215440422296524048e-01
3.700000000000000000e+01 -2.096661329269409180e-01
3.800000000000000000e+01 -1.968077570199966431e-01
3.900000000000000000e+01 -1.833259314298629761e-01
4.000000000000000000e+01 -1.693779677152633667e-01
4.100000000000000000e+01 -1.548695862293243408e-01
4.200000000000000000e+01 -1.402350515127182007e-01
4.300000000000000000e+01 -1.255457401275634766e-01
4.400000000000000000e+01 -1.111853867769241333e-01
4.500000000000000000e+01 -9.674879908561706543e-02
4.600000000000000000e+01 -8.262000977993011475e-02
4.700000000000000000e+01 -6.908086687326431274e-02
4.800000000000000000e+01 -5.570238456130027771e-02
4.900000000000000000e+01 -4.294089972972869873e-02
5.000000000000000000e+01 -3.055705502629280090e-02
5.100000000000000000e+01 -1.881397888064384460e-02
5.200000000000000000e+01 -7.675835397094488144e-03
5.300000000000000000e+01 2.750951563939452171e-03
5.400000000000000000e+01 1.264758314937353134e-02
5.500000000000000000e+01 2.167887985706329346e-02
5.600000000000000000e+01 3.024050034582614899e-02
5.700000000000000000e+01 3.810856118798255920e-02
5.800000000000000000e+01 4.549257829785346985e-02
5.900000000000000000e+01 5.189534276723861694e-02
6.000000000000000000e+01 5.734472721815109253e-02
6.100000000000000000e+01 6.191365420818328857e-02
6.200000000000000000e+01 6.627307832241058350e-02
6.300000000000000000e+01 6.995681673288345337e-02
6.400000000000000000e+01 7.252506166696548462e-02
6.500000000000000000e+01 7.380530238151550293e-02
6.600000000000000000e+01 7.470865547657012939e-02
6.700000000000000000e+01 7.509410381317138672e-02
6.800000000000000000e+01 7.436604052782058716e-02
6.900000000000000000e+01 7.290098071098327637e-02
7.000000000000000000e+01 7.058594375848770142e-02
7.100000000000000000e+01 6.812408566474914551e-02
7.200000000000000000e+01 6.491117924451828003e-02
7.300000000000000000e+01 6.152023375034332275e-02
7.400000000000000000e+01 5.728842690587043762e-02
7.500000000000000000e+01 5.281877517700195312e-02
7.600000000000000000e+01 4.830538854002952576e-02
7.700000000000000000e+01 4.434993490576744080e-02
7.800000000000000000e+01 4.006753116846084595e-02
7.900000000000000000e+01 3.636311739683151245e-02
8.000000000000000000e+01 3.283076360821723938e-02
8.100000000000000000e+01 2.944142185151576996e-02
8.200000000000000000e+01 2.660990878939628601e-02
8.300000000000000000e+01 2.304709888994693756e-02
8.400000000000000000e+01 1.986698992550373077e-02
8.500000000000000000e+01 1.701364666223526001e-02
8.600000000000000000e+01 1.432998478412628174e-02
8.700000000000000000e+01 1.177417021244764328e-02
8.800000000000000000e+01 8.764791302382946014e-03
8.900000000000000000e+01 5.274652503430843353e-03
9.000000000000000000e+01 2.552605466917157173e-03
9.100000000000000000e+01 -4.571448371279984713e-04
9.200000000000000000e+01 -2.505277981981635094e-03
9.300000000000000000e+01 -4.532543011009693146e-03
9.400000000000000000e+01 -6.370432674884796143e-03
9.500000000000000000e+01 -7.821409963071346283e-03
9.600000000000000000e+01 -1.097725797444581985e-02
9.700000000000000000e+01 -1.265517529100179672e-02
9.800000000000000000e+01 -1.353047974407672882e-02
9.900000000000000000e+01 -1.362556871026754379e-02
