1.000000000000000000e+00 1.000000000000000000e+00
2.000000000000000000e+00 8.836553692817687988e-01
3.000000000000000000e+00 7.940430641174316406e-01
4.000000000000000000e+00 7.170535326004028320e-01
5.000000000000000000e+00 6.470950841903686523e-01
6.000000000000000000e+00 5.817393064498901367e-01
7.000000000000000000e+00 5.199114680290222168e-01
8.000000000000000000e+00 4.609088897705078125e-01
9.000000000000000000e+00 4.039220809936523438e-01
1.000000000000000000e+01 3.492083251476287842e-01
1.100000000000000000e+01 2.960671782493591309e-01
1.200000000000000000e+01 2.445300221443176270e-01
1.300000000000000000e+01 1.947250962257385254e-01
1.400000000000000000e+01 1.464779675006866455e-01
1.500000000000000000e+01 9.993548691272735596e-02
1.600000000000000000e+01 5.527861788868904114e-02
1.700000000000000000e+01 1.285536307841539383e-02
1.800000000000000000e+01 -2.689250372350215912e-02
1.900000000000000000e+01 -6.401361525058746338e-02
2.000000000000000000e+01 -9.865459799766540527e-02
2.100000000000000000e+01 -1.299913674592971802e-01
2.200000000000000000e+01 -1.580754518508911133e-01
2.300000000000000000e+01 -1.825049519538879395e-01
2.400000000000000000e+01 -2.031725049018859863e-01
2.500000000000000000e+01 -2.202443778514862061e-01
2.600000000000000000e+01 -2.340127527713775635e-01
2.700000000000000000e+01 -2.447632700204849243e-01
2.800000000000000000e+01 -2.522218823432922363e-01
2.900000000000000000e+01 -2.562067508697509766e-01
3.000000000000000000e+01 -2.576054632663726807e-01
3.100000000000000000e+01 -2.561924159526824951e-01
3.200000000000000000e+01 -2.525252997875213623e-01
3.300000000000000000e+01 -2.469211518764495850e-01
3.400000000000000000e+01 -2.393480241298675537e-01
3.500000000000000000e+01 -2.301206737756729126e-01
3.600000000000000000e+01 -2.195737659931182861e-01
3.700000000000000000e+01 -2.074750959873199463e-01
3.800000000000000000e+01 -1.944911479949951172e-01
3.900000000000000000e+01 -1.807020008563995361e-01
4.000000000000000000e+01 -1.666868478059768677e-01
4.100000000000000000e+01 -1.519982665777206421e-01
4.200000000000000000e+01 -1.372347772121429443e-01
4.300000000000000000e+01 -1.224689781665802002e-01
4.400000000000000000e+01 -1.079455688595771790e-01
4.500000000000000000e+01 -9.346547722816467285e-02
4.600000000000000000e+01 -7.936167716979980469e-02
4.700000000000000000e+01 -6.547304987907409668e-02
4.800000000000000000e+01 -5.192834883928298950e-02
4.900000000000000000e+01 -3.911408782005310059e-02
5.000000000000000000e+01 -2.707096748054027557e-02
5.100000000000000000e+01 -1.575402542948722839e-02
5.200000000000000000e+01 -5.224548745900392532e-03
5.300000000000000000e+01 4.422279540449380875e-03
5.400000000000000000e+01 1.339417602866888046e-02
5.500000000000000000e+01 2.177153900265693665e-02
5.600000000000000000e+01 2.960173971951007843e-02
5.700000000000000000e+01 3.702060878276824951e-02
5.800000000000000000e+01 4.351815953850746155e-02
5.900000000000000000e+01 4.970043152570724487e-02
6.000000000000000000e+01 5.508975312113761902e-02
6.100000000000000000e+01 5.927388370037078857e-02
6.200000000000000000e+01 6.259811669588088989e-02
6.300000000000000000e+01 6.496991962194442749e-02
6.400000000000000000e+01 6.687408685684204102e-02
6.500000000000000000e+01 6.737830489873886108e-02
6.600000000000000000e+01 6.765594333410263062e-02
6.700000000000000000e+01 6.781381368637084961e-02
6.800000000000000000e+01 6.729903817176818848e-02
6.900000000000000000e+01 6.605535000562667847e-02
7.000000000000000000e+01 6.457483768463134766e-02
7.100000000000000000e+01 6.228957325220108032e-02
7.200000000000000000e+01 5.943755805492401123e-02
7.300000000000000000e+01 5.685594677925109863e-02
7.400000000000000000e+01 5.333915725350379944e-02
7.500000000000000000e+01 4.952114820480346680e-02
7.600000000000000000e+01 4.579110071063041687e-02
7.700000000000000000e+01 4.205406457185745239e-02
7.800000000000000000e+01 3.822042420506477356e-02
7.900000000000000000e+01 3.464811667799949646e-02
8.000000000000000000e+01 3.145349025726318359e-02
8.100000000000000000e+01 2.806234546005725861e-02
8.200000000000000000e+01 2.494492940604686737e-02
8.300000000000000000e+01 2.237608470022678375e-02
8.400000000000000000e+01 1.968685165047645569e-02
8.500000000000000000e+01 1.698181591928005219e-02
8.600000000000000000e+01 1.447767950594425201e-02
8.700000000000000000e+01 1.211713813245296478e-02
8.800000000000000000e+01 9.887691587209701538e-03
8.900000000000000000e+01 7.525817025452852249e-03
9.000000000000000000e+01 5.278314929455518723e-03
9.100000000000000000e+01 2.743234857916831970e-03
9.200000000000000000e+01 2.723964571487158537e-04
9.300000000000000000e+01 -1.722403801977634430e-03
9.400000000000000000e+01 -4.501870833337306976e-03
9.500000000000000000e+01 -6.908566225320100784e-03
9.600000000000000000e+01 -8.218255825340747833e-03
9.700000000000000000e+01 -1.017301809042692184e-02
9.800000000000000000e+01 -1.167183648794889450e-02
9.900000000000000000e+01 -1.365479920059442520e-02
