1.000000000000000000e+00 1.000000000000000000e+00
2.000000000000000000e+00 8.763382434844970703e-01
3.000000000000000000e+00 7.812138199806213379e-01
4.000000000000000000e+00 6.995434761047363281e-01
5.000000000000000000e+00 6.259024143218994141e-01
6.000000000000000000e+00 5.577344298362731934e-01
7.000000000000000000e+00 4.938066899776458740e-01
8.000000000000000000e+00 4.331682324409484863e-01
9.000000000000000000e+00 3.756756484508514404e-01
1.000000000000000000e+01 3.206501603126525879e-01
1.100000000000000000e+01 2.676039934158325195e-01
1.200000000000000000e+01 2.166601717472076416e-01
1.300000000000000000e+01 1.674144864082336426e-01
1.400000000000000000e+01 1.200710833072662354e-01
1.500000000000000000e+01 7.496515661478042603e-02
1.600000000000000000e+01 3.229683265089988708e-02
1.700000000000000000e+01 -7.796915248036384583e-03
1.800000000000000000e+01 -4.536929726600646973e-02
1.900000000000000000e+01 -7.954280823469161987e-02
2.000000000000000000e+01 -1.105651631951332092e-01
2.100000000000000000e+01 -1.383263766765594482e-01
2.200000000000000000e+01 -1.626448631286621094e-01
2.300000000000000000e+01 -1.834145039319992065e-01
2.400000000000000000e+01 -2.002950608730316162e-01
2.500000000000000000e+01 -2.138152271509170532e-01
2.600000000000000000e+01 -2.240025401115417480e-01
2.700000000000000000e+01 -2.310594022274017334e-01
2.800000000000000000e+01 -2.348038405179977417e-01
2.900000000000000000e+01 -2.358500808477401733e-01
3.000000000000000000e+01 -2.341005653142929077e-01
3.100000000000000000e+01 -2.303543388843536377e-01
3.200000000000000000e+01 -2.246901988983154297e-01
3.300000000000000000e+01 -2.173431068658828735e-01
3.400000000000000000e+01 -2.085475325584411621e-01
3.500000000000000000e+01 -1.984497457742691040e-01
3.600000000000000000e+01 -1.874550580978393555e-01
3.700000000000000000e+01 -1.756233721971511841e-01
3.800000000000000000e+01 -1.627746224403381348e-01
3.900000000000000000e+01 -1.502679586410522461e-01
4.000000000000000000e+01 -1.373447775840759277e-01
4.100000000000000000e+01 -1.238050013780593872e-01
4.200000000000000000e+01 -1.101216375827789307e-01
4.300000000000000000e+01 -9.684415906667709351e-02
4.400000000000000000e+01 -8.348370343446731567e-02
4.500000000000000000e+01 -7.055208086967468262e-02
4.600000000000000000e+01 -5.810946598649024963e-02
4.700000000000000000e+01 -4.592502489686012268e-02
4.800000000000000000e+01 -3.454759716987609863e-02
4.900000000000000000e+01 -2.387859672307968140e-02
5.000000000000000000e+01 -1.396968122571706772e-02
5.100000000000000000e+01 -4.803054034709930420e-03
5.200000000000000000e+01 3.960611764341592789e-03
5.300000000000000000e+01 1.211222540587186813e-02
5.400000000000000000e+01 1.956962607800960541e-02
5.500000000000000000e+01 2.642328292131423950e-02
5.600000000000000000e+01 3.269692137837409973e-02
5.700000000000000000e+01 3.826405853033065796e-02
5.800000000000000000e+01 4.328997060656547546e-02
5.900000000000000000e+01 4.748246073722839355e-02
6.000000000000000000e+01 5.107006430625915527e-02
6.100000000000000000e+01 5.418824031949043274e-02
6.200000000000000000e+01 5.646372586488723755e-02
6.300000000000000000e+01 5.834698304533958435e-02
6.400000000000000000e+01 5.968641489744186401e-02
6.500000000000000000e+01 6.036072224378585815e-02
6.600000000000000000e+01 6.022885441780090332e-02
6.700000000000000000e+01 5.980696901679039001e-02
6.800000000000000000e+01 5.846564099192619324e-02
6.900000000000000000e+01 5.660738795995712280e-02
7.000000000000000000e+01 5.393347889184951782e-02
7.100000000000000000e+01 5.099622160196304321e-02
7.200000000000000000e+01 4.774900525808334351e-02
7.300000000000000000e+01 4.442564398050308228e-02
7.400000000000000000e+01 4.144810140132904053e-02
7.500000000000000000e+01 3.852986916899681091e-02
7.600000000000000000e+01 3.551754727959632874e-02
7.700000000000000000e+01 3.234468773007392883e-02
7.800000000000000000e+01 2.927478216588497162e-02
7.900000000000000000e+01 2.618766948580741882e-02
8.000000000000000000e+01 2.260409668087959290e-02
8.100000000000000000e+01 1.859659887850284576e-02
8.200000000000000000e+01 1.493960898369550705e-02
8.300000000000000000e+01 1.154251303523778915e-02
8.400000000000000000e+01 8.380298502743244171e-03
8.500000000000000000e+01 5.896319169551134109e-03
8.600000000000000000e+01 3.296558279544115067e-03
8.700000000000000000e+01 5.083446740172803402e-04
8.800000000000000000e+01 -2.626135712489485741e-03
8.900000000000000000e+01 -4.769933409988880157e-03
9.000000000000000000e+01 -7.192304823547601700e-03
9.100000000000000000e+01 -9.445627219974994659e-03
9.200000000000000000e+01 -1.069427467882633209e-02
9.300000000000000000e+01 -1.213392615318298340e-02
9.400000000000000000e+01 -1.401675399392843246e-02
9.500000000000000000e+01 -1.493390183895826340e-02
9.600000000000000000e+01 -1.490577589720487595e-02
9.700000000000000000e+01 -1.586788147687911987e-02
9.800000000000000000e+01 -1.676370948553085327e-02
9.900000000000000000e+01 -1.492589246481657028e-02
