1.000000000000000000e+00 1.000000000000000000e+00
2.000000000000000000e+00 8.865349888801574707e-01
3.000000000000000000e+00 7.986687421798706055e-01
4.000000000000000000e+00 7.229404449462890625e-01
5.000000000000000000e+00 6.540200114250183105e-01
6.000000000000000000e+00 5.897023677825927734e-01
7.000000000000000000e+00 5.286138653755187988e-01
8.000000000000000000e+00 4.701078832149505615e-01
9.000000000000000000e+00 4.135290086269378662e-01
1.000000000000000000e+01 3.590221703052520752e-01
1.100000000000000000e+01 3.063270151615142822e-01
1.200000000000000000e+01 2.549691200256347656e-01
1.300000000000000000e+01 2.050390243530273438e-01
1.400000000000000000e+01 1.563816368579864502e-01
1.500000000000000000e+01 1.092248931527137756e-01
1.600000000000000000e+01 6.375358998775482178e-02
1.700000000000000000e+01 2.046244218945503235e-02
1.800000000000000000e+01 -2.063907496631145477e-02
1.900000000000000000e+01 -5.913446843624114990e-02
2.000000000000000000e+01 -9.468186646699905396e-02
2.100000000000000000e+01 -1.270748525857925415e-01
2.200000000000000000e+01 -1.559841036796569824e-01
2.300000000000000000e+01 -1.815933287143707275e-01
2.400000000000000000e+01 -2.033735811710357666e-01
2.500000000000000000e+01 -2.218100726604461670e-01
2.600000000000000000e+01 -2.367898523807525635e-01
2.700000000000000000e+01 -2.483938932418823242e-01
2.800000000000000000e+01 -2.566875517368316650e-01
2.900000000000000000e+01 -2.620215117931365967e-01
3.000000000000000000e+01 -2.643563449382781982e-01
3.100000000000000000e+01 -2.641389966011047363e-01
3.200000000000000000e+01 -2.614411711692810059e-01
3.300000000000000000e+01 -2.565260529518127441e-01
3.400000000000000000e+01 -2.498266398906707764e-01
3.500000000000000000e+01 -2.409698069095611572e-01
3.600000000000000000e+01 -2.303175479173660278e-01
3.700000000000000000e+01 -2.188996970653533936e-01
3.800000000000000000e+01 -2.062531411647796631e-01
3.900000000000000000e+01 -1.930043250322341919e-01
4.000000000000000000e+01 -1.788556277751922607e-01
4.100000000000000000e+01 -1.643530875444412231e-01
4.200000000000000000e+01 -1.495906114578247070e-01
4.300000000000000000e+01 -1.346298158168792725e-01
4.400000000000000000e+01 -1.196975409984588623e-01
4.500000000000000000e+01 -1.048946753144264221e-01
4.600000000000000000e+01 -9.034194797277450562e-02
4.700000000000000000e+01 -7.621111720800399780e-02
4.800000000000000000e+01 -6.218299269676208496e-02
4.900000000000000000e+01 -4.876717552542686462e-02
5.000000000000000000e+01 -3.591322153806686401e-02
5.100000000000000000e+01 -2.376819588243961334e-02
5.200000000000000000e+01 -1.193612534552812576e-02
5.300000000000000000e+01 -7.941797375679016113e-04
5.400000000000000000e+01 9.825498796999454498e-03
5.500000000000000000e+01 1.968846842646598816e-02
5.600000000000000000e+01 2.914617583155632019e-02
5.700000000000000000e+01 3.768037632107734680e-02
5.800000000000000000e+01 4.549339413642883301e-02
5.900000000000000000e+01 5.272538214921951294e-02
6.000000000000000000e+01 5.924555659294128418e-02
6.100000000000000000e+01 6.476803869009017944e-02
6.200000000000000000e+01 6.966573745012283325e-02
6.300000000000000000e+01 7.399165630340576172e-02
6.400000000000000000e+01 7.747672498226165771e-02
6.500000000000000000e+01 7.976954430341720581e-02
6.600000000000000000e+01 8.097651600837707520e-02
6.700000000000000000e+01 8.131328225135803223e-02
6.800000000000000000e+01 8.048607409000396729e-02
6.900000000000000000e+01 7.886453717947006226e-02
7.000000000000000000e+01 7.669705897569656372e-02
7.100000000000000000e+01 7.417752593755722046e-02
7.200000000000000000e+01 7.110617309808731079e-02
7.300000000000000000e+01 6.748711317777633667e-02
7.400000000000000000e+01 6.379706412553787231e-02
7.500000000000000000e+01 5.949812382459640503e-02
7.600000000000000000e+01 5.533780530095100403e-02
7.700000000000000000e+01 5.140194669365882874e-02
7.800000000000000000e+01 4.759829491376876831e-02
7.900000000000000000e+01 4.339471459388732910e-02
8.000000000000000000e+01 3.965935483574867249e-02
8.100000000000000000e+01 3.687714412808418274e-02
8.200000000000000000e+01 3.334261476993560791e-02
8.300000000000000000e+01 2.976216003298759460e-02
8.400000000000000000e+01 2.660861425101757050e-02
8.500000000000000000e+01 2.314776927232742310e-02
8.600000000000000000e+01 1.942613720893859863e-02
8.700000000000000000e+01 1.601662114262580872e-02
8.800000000000000000e+01 1.278783753514289856e-02
8.900000000000000000e+01 9.019562043249607086e-03
9.000000000000000000e+01 5.558639299124479294e-03
9.100000000000000000e+01 2.034500474110245705e-03
9.200000000000000000e+01 -2.133868169039487839e-03
9.300000000000000000e+01 -5.100718233734369278e-03
9.400000000000000000e+01 -7.408069446682929993e-03
9.500000000000000000e+01 -1.027951017022132874e-02
9.600000000000000000e+01 -1.390850543975830078e-02
9.700000000000000000e+01 -1.746148429811000824e-02
9.800000000000000000e+01 -1.996672526001930237e-02
9.900000000000000000e+01 -1.875744201242923737e-02
