1.000000000000000000e+00 1.000000000000000000e+00
2.000000000000000000e+00 7.606202960014343262e-01
3.000000000000000000e+00 5.863944292068481445e-01
4.000000000000000000e+00 4.505468010902404785e-01
5.000000000000000000e+00 3.427051305770874023e-01
6.000000000000000000e+00 2.566220164299011230e-01
7.000000000000000000e+00 1.875814199447631836e-01
8.000000000000000000e+00 1.320202499628067017e-01
9.000000000000000000e+00 8.766540139913558960e-02
1.000000000000000000e+01 5.353162065148353577e-02
1.100000000000000000e+01 2.727791108191013336e-02
1.200000000000000000e+01 7.014988455921411514e-03
1.300000000000000000e+01 -8.103521540760993958e-03
1.400000000000000000e+01 -1.842259429395198822e-02
1.500000000000000000e+01 -2.518110349774360657e-02
1.600000000000000000e+01 -2.939256094396114349e-02
1.700000000000000000e+01 -3.183953464031219482e-02
1.800000000000000000e+01 -3.239520266652107239e-02
1.900000000000000000e+01 -3.177838400006294250e-02
2.000000000000000000e+01 -3.070245310664176941e-02
2.100000000000000000e+01 -2.854453213512897491e-02
2.200000000000000000e+01 -2.621260471642017365e-02
2.300000000000000000e+01 -2.388561703264713287e-02
2.400000000000000000e+01 -2.088143862783908844e-02
2.500000000000000000e+01 -1.839363947510719299e-02
2.600000000000000000e+01 -1.613394170999526978e-02
2.700000000000000000e+01 -1.371345762163400650e-02
2.800000000000000000e+01 -1.166835520416498184e-02
2.900000000000000000e+01 -1.009064540266990662e-02
3.000000000000000000e+01 -8.587042801082134247e-03
3.100000000000000000e+01 -7.147712633013725281e-03
3.200000000000000000e+01 -5.714955739676952362e-03
3.300000000000000000e+01 -4.038848448544740677e-03
3.400000000000000000e+01 -2.564714523032307625e-03
3.500000000000000000e+01 -1.856819842942059040e-03
3.600000000000000000e+01 -1.290464191697537899e-03
3.700000000000000000e+01 -6.135084549896419048e-04
3.800000000000000000e+01 -3.278332296758890152e-04
3.900000000000000000e+01 -6.774202920496463776e-04
4.000000000000000000e+01 -9.281956008635461330e-04
4.100000000000000000e+01 -6.243110983632504940e-04
4.200000000000000000e+01 -7.143939728848636150e-04
4.300000000000000000e+01 -5.636996938847005367e-04
4.400000000000000000e+01 -1.737302372930571437e-04
4.500000000000000000e+01 -4.075753095094114542e-04
4.600000000000000000e+01 -5.001250538043677807e-04
4.700000000000000000e+01 -6.043032044544816017e-04
4.800000000000000000e+01 -1.676059182500466704e-04
4.900000000000000000e+01 9.019316639751195908e-04
5.000000000000000000e+01 9.869886562228202820e-04
5.100000000000000000e+01 4.614233039319515228e-04
5.200000000000000000e+01 7.762769237160682678e-04
5.300000000000000000e+01 1.134383492171764374e-03
5.400000000000000000e+01 1.115908264182507992e-03
5.500000000000000000e+01 4.291165387257933617e-04
5.600000000000000000e+01 4.797764995601028204e-04
5.700000000000000000e+01 7.902999059297144413e-04
5.800000000000000000e+01 1.216035336256027222e-03
5.900000000000000000e+01 4.577567742671817541e-04
6.000000000000000000e+01 -1.122859190218150616e-03
6.100000000000000000e+01 -1.441541477106511593e-03
6.200000000000000000e+01 -9.231573203578591347e-04
6.300000000000000000e+01 -1.011046348139643669e-03
6.400000000000000000e+01 -2.812534803524613380e-04
6.500000000000000000e+01 -2.712606219574809074e-04
6.600000000000000000e+01 -3.966348012909293175e-04
6.700000000000000000e+01 -4.354975826572626829e-04
6.800000000000000000e+01 -6.475689588114619255e-04
6.900000000000000000e+01 -5.507309106178581715e-05
7.000000000000000000e+01 -6.570173427462577820e-04
7.100000000000000000e+01 -8.921519038267433643e-04
7.200000000000000000e+01 -8.943257853388786316e-04
7.300000000000000000e+01 -1.191237592138350010e-03
7.400000000000000000e+01 -1.297209528274834156e-03
7.500000000000000000e+01 -2.203482901677489281e-03
7.600000000000000000e+01 -2.682981779798865318e-03
7.700000000000000000e+01 -2.924851840361952782e-03
7.800000000000000000e+01 -3.988102078437805176e-03
7.900000000000000000e+01 -4.284410737454891205e-03
8.000000000000000000e+01 -4.193254280835390091e-03
8.100000000000000000e+01 -3.663615090772509575e-03
8.200000000000000000e+01 -3.515188116580247879e-03
8.300000000000000000e+01 -3.222093451768159866e-03
8.400000000000000000e+01 -3.708101809024810791e-03
8.500000000000000000e+01 -4.597444087266921997e-03
8.600000000000000000e+01 -4.441758152097463608e-03
8.700000000000000000e+01 -4.829848185181617737e-03
8.800000000000000000e+01 -5.300904624164104462e-03
8.900000000000000000e+01 -4.941650200635194778e-03
9.000000000000000000e+01 -4.207644611597061157e-03
9.100000000000000000e+01 -3.360246540978550911e-03
9.200000000000000000e+01 -2.368619898334145546e-03
9.300000000000000000e+01 -1.788574387319386005e-03
9.400000000000000000e+01 -3.537731245160102844e-03
9.500000000000000000e+01 -3.155481768772006035e-03
9.600000000000000000e+01 -3.039418719708919525e-03
9.700000000000000000e+01 -3.135135630145668983e-03
9.800000000000000000e+01 -4.170888569205999374e-03
9.900000000000000000e+01 -1.337792840786278248e-03
