1.000000000000000000e+00 1.000000000000000000e+00
2.000000000000000000e+00 8.770262002944946289e-01
3.000000000000000000e+00 7.826448678970336914e-01
4.000000000000000000e+00 7.018443942070007324e-01
5.000000000000000000e+00 6.290913820266723633e-01
6.000000000000000000e+00 5.615898966789245605e-01
7.000000000000000000e+00 4.982017278671264648e-01
8.000000000000000000e+00 4.379655122756958008e-01
9.000000000000000000e+00 3.806724846363067627e-01
1.000000000000000000e+01 3.255564272403717041e-01
1.100000000000000000e+01 2.726237773895263672e-01
1.200000000000000000e+01 2.217211425304412842e-01
1.300000000000000000e+01 1.726338565349578857e-01
1.400000000000000000e+01 1.252198666334152222e-01
1.500000000000000000e+01 8.016739785671234131e-02
1.600000000000000000e+01 3.738602995872497559e-02
1.700000000000000000e+01 -3.397463588044047356e-03
1.800000000000000000e+01 -4.139742627739906311e-02
1.900000000000000000e+01 -7.638593018054962158e-02
2.000000000000000000e+01 -1.083451509475708008e-01
2.100000000000000000e+01 -1.370685994625091553e-01
2.200000000000000000e+01 -1.621980667114257812e-01
2.300000000000000000e+01 -1.836569607257843018e-01
2.400000000000000000e+01 -2.014767676591873169e-01
2.500000000000000000e+01 -2.157960087060928345e-01
2.600000000000000000e+01 -2.267206758260726929e-01
2.700000000000000000e+01 -2.341424971818923950e-01
2.800000000000000000e+01 -2.385443747043609619e-01
2.900000000000000000e+01 -2.404003143310546875e-01
3.000000000000000000e+01 -2.393872439861297607e-01
3.100000000000000000e+01 -2.360077202320098877e-01
3.200000000000000000e+01 -2.309360206127166748e-01
3.300000000000000000e+01 -2.239197343587875366e-01
3.400000000000000000e+01 -2.154402732849121094e-01
3.500000000000000000e+01 -2.056302875280380249e-01
3.600000000000000000e+01 -1.945990175008773804e-01
3.700000000000000000e+01 -1.824030280113220215e-01
3.800000000000000000e+01 -1.697694510221481323e-01
3.900000000000000000e+01 -1.564135253429412842e-01
4.000000000000000000e+01 -1.424602717161178589e-01
4.100000000000000000e+01 -1.281848698854446411e-01
4.200000000000000000e+01 -1.143701374530792236e-01
4.300000000000000000e+01 -1.003535091876983643e-01
4.400000000000000000e+01 -8.632782846689224243e-02
4.500000000000000000e+01 -7.268361002206802368e-02
4.600000000000000000e+01 -5.975379049777984619e-02
4.700000000000000000e+01 -4.722926765680313110e-02
4.800000000000000000e+01 -3.509338572621345520e-02
4.900000000000000000e+01 -2.368777059018611908e-02
5.000000000000000000e+01 -1.270031090825796127e-02
5.100000000000000000e+01 -2.566764596849679947e-03
5.200000000000000000e+01 6.733756978064775467e-03
5.300000000000000000e+01 1.512176357209682465e-02
5.400000000000000000e+01 2.245414443314075470e-02
5.500000000000000000e+01 2.903619036078453064e-02
5.600000000000000000e+01 3.515988960862159729e-02
5.700000000000000000e+01 4.099652916193008423e-02
5.800000000000000000e+01 4.597185179591178894e-02
5.900000000000000000e+01 5.009349435567855835e-02
6.000000000000000000e+01 5.340190976858139038e-02
6.100000000000000000e+01 5.582535266876220703e-02
6.200000000000000000e+01 5.785302817821502686e-02
6.300000000000000000e+01 5.935199931263923645e-02
6.400000000000000000e+01 6.019493192434310913e-02
6.500000000000000000e+01 6.002694740891456604e-02
6.600000000000000000e+01 5.952680855989456177e-02
6.700000000000000000e+01 5.861663073301315308e-02
6.800000000000000000e+01 5.706507712602615356e-02
6.900000000000000000e+01 5.482216179370880127e-02
7.000000000000000000e+01 5.252102762460708618e-02
7.100000000000000000e+01 5.001905933022499084e-02
7.200000000000000000e+01 4.744394496083259583e-02
7.300000000000000000e+01 4.444890096783638000e-02
7.400000000000000000e+01 4.118996486067771912e-02
7.500000000000000000e+01 3.723679855465888977e-02
7.600000000000000000e+01 3.332583233714103699e-02
7.700000000000000000e+01 2.982912771403789520e-02
7.800000000000000000e+01 2.630980685353279114e-02
7.900000000000000000e+01 2.337284199893474579e-02
8.000000000000000000e+01 2.011889033019542694e-02
8.100000000000000000e+01 1.757261902093887329e-02
8.200000000000000000e+01 1.531978510320186615e-02
8.300000000000000000e+01 1.329294685274362564e-02
8.400000000000000000e+01 1.149271149188280106e-02
8.500000000000000000e+01 8.852449245750904083e-03
8.600000000000000000e+01 6.243808660656213760e-03
8.700000000000000000e+01 3.191196359694004059e-03
8.800000000000000000e+01 2.220829337602481246e-04
8.900000000000000000e+01 -2.716785296797752380e-03
9.000000000000000000e+01 -5.086250137537717819e-03
9.100000000000000000e+01 -6.878761108964681625e-03
9.200000000000000000e+01 -7.818057201802730560e-03
9.300000000000000000e+01 -8.414444513618946075e-03
9.400000000000000000e+01 -1.009480375796556473e-02
9.500000000000000000e+01 -1.169807184487581253e-02
9.600000000000000000e+01 -1.377438567578792572e-02
9.700000000000000000e+01 -1.439169421792030334e-02
9.800000000000000000e+01 -1.489039044827222824e-02
9.900000000000000000e+01 -1.593901589512825012e-02
