 time crystallinity "clusters w/ >= 2 members" "   independent clusters" "mean size cryst domains" "crystalline grid elements"
0 0.0 0.0006106248727864848 1.0 24.0 1.0 24.0
1 1200000.0 0.012237940158762468 52.0 396.0 1.2146464646464648 481.0
2 2400000.0 0.04472827193161001 201.0 801.0 2.194756554307116 1758.0
3 3600000.0 0.10240687970690006 306.0 1016.0 3.9616141732283463 4025.0
4 4800000.0 0.16166293507022186 370.0 1039.0 6.115495668912415 6354.0
5 6000000.0 0.21127620598412375 345.0 1016.0 8.173228346456693 8304.0
6 7200000.0 0.2484734378180338 344.0 1030.0 9.481553398058253 9766.0
7 8400000.0 0.2711937716262976 338.0 1015.0 10.501477832512315 10659.0
8 9600000.0 0.291853246488907 325.0 946.0 12.125792811839323 11471.0
9 10800000.0 0.30666089965397925 328.0 915.0 13.172677595628416 12053.0
10 12000000.0 0.32210462039487076 309.0 926.0 13.67170626349892 12660.0
11 13200000.0 0.33301953999592915 310.0 919.0 14.24265505984766 13089.0
12 14400000.0 0.34164461632403825 290.0 865.0 15.523699421965318 13428.0
13 15600000.0 0.3494809688581315 294.0 827.0 16.60943168077388 13736.0
14 16800000.0 0.35708833706492976 288.0 804.0 17.45646766169154 14035.0
15 18000000.0 0.35993791980460005 267.0 804.0 17.595771144278608 14147.0
16 19200000.0 0.3671636474659068 262.0 781.0 18.477592829705507 14431.0
17 20400000.0 0.37169244860573986 262.0 736.0 19.849184782608695 14609.0
18 21600000.0 0.3761194789334419 257.0 787.0 18.783989834815756 14783.0
19 22800000.0 0.3799104416853247 256.0 769.0 19.41742522756827 14932.0
20 24000000.0 0.3840576022796662 251.0 763.0 19.783748361730012 15095.0
21 25200000.0 0.3874923671890902 239.0 729.0 20.891632373113854 15230.0
22 26400000.0 0.3906218196621209 241.0 739.0 20.775372124492556 15353.0
23 27600000.0 0.39270812131080807 245.0 734.0 21.02861035422343 15435.0
24 28800000.0 0.3946163240382658 240.0 706.0 21.96883852691218 15510.0
25 30000000.0 0.3980510889476898 240.0 715.0 21.88111888111888 15645.0
26 31200000.0 0.39751679218400165 253.0 769.0 20.317295188556567 15624.0
27 32400000.0 0.4020964787299003 236.0 740.0 21.356756756756756 15804.0
28 33600000.0 0.40084978628129453 247.0 719.0 21.91237830319889 15755.0
29 34800000.0 0.40474251984530835 216.0 674.0 23.602373887240358 15908.0
30 36000000.0 0.4072613474455526 215.0 679.0 23.57437407952872 16007.0
31 37200000.0 0.4070832485243232 217.0 680.0 23.529411764705884 16000.0
32 38400000.0 0.40911866476694486 204.0 667.0 24.107946026986507 16080.0
33 39600000.0 0.41133217993079585 208.0 657.0 24.60730593607306 16167.0
34 40800000.0 0.4131640545491553 206.0 655.0 24.79236641221374 16239.0
35 42000000.0 0.4137237940158762 225.0 687.0 23.66957787481805 16261.0
36 43200000.0 0.41540301241603905 217.0 700.0 23.324285714285715 16327.0
37 44400000.0 0.4145379605129249 201.0 653.0 24.950995405819295 16293.0
38 45600000.0 0.4175910848768573 215.0 693.0 23.683982683982684 16413.0
39 46800000.0 0.4183543659678404 217.0 638.0 25.772727272727273 16443.0
40 48000000.0 0.421280276816609 215.0 667.0 24.824587706146925 16558.0
41 49200000.0 0.4179472827193161 217.0 669.0 24.55455904334828 16427.0
42 50400000.0 0.42064420924078977 199.0 647.0 25.553323029366307 16533.0
43 51600000.0 0.4216364746590678 217.0 658.0 25.185410334346503 16572.0
44 52800000.0 0.42082230816201915 219.0 609.0 27.15927750410509 16540.0
45 54000000.0 0.4247659271320985 206.0 634.0 26.332807570977916 16695.0
46 55200000.0 0.4244606146957053 208.0 673.0 24.789004457652304 16683.0
47 56400000.0 0.4244097292896397 199.0 620.0 26.90483870967742 16681.0
48 57600000.0 0.4270048849989823 206.0 640.0 26.2234375 16783.0
49 58800000.0 0.42550376552004887 207.0 636.0 26.29559748427673 16724.0
50 60000000.0 0.4293964990840627 207.0 622.0 27.133440514469452 16877.0
51 61200000.0 0.4313810299206188 203.0 623.0 27.215088282504013 16955.0
52 62400000.0 0.4300071239568492 196.0 601.0 28.12146422628952 16901.0
53 63600000.0 0.4321443110116019 195.0 615.0 27.617886178861788 16985.0
54 64800000.0 0.4312283737024221 202.0 639.0 26.524256651017215 16949.0
55 66000000.0 0.4311266028902911 207.0 666.0 25.442942942942942 16945.0
56 67200000.0 0.4332129045389782 207.0 649.0 26.235747303543913 17027.0
57 68400000.0 0.43270405047832283 201.0 602.0 28.250830564784053 17007.0
58 69600000.0 0.43171178506004476 189.0 617.0 27.500810372771475 16968.0
59 70800000.0 0.43285670669651943 198.0 619.0 27.48465266558966 17013.0
60 72000000.0 0.43445959698758396 187.0 622.0 27.45337620578778 17076.0
61 73200000.0 0.4357062894361897 188.0 609.0 28.119868637110017 17125.0
62 74400000.0 0.43677488296356604 193.0 632.0 27.162974683544302 17167.0
63 75600000.0 0.4367239975575005 200.0 629.0 27.289348171701114 17165.0
64 76800000.0 0.4377671483818441 192.0 594.0 28.966329966329965 17206.0
65 78000000.0 0.43779259108487684 200.0 622.0 27.663987138263664 17207.0
66 79200000.0 0.4367239975575005 192.0 598.0 28.704013377926422 17165.0
67 80400000.0 0.43646957052717283 184.0 578.0 29.67993079584775 17155.0
68 81600000.0 0.4379706900061062 202.0 609.0 28.266009852216747 17214.0
69 82800000.0 0.4386067575819255 183.0 602.0 28.63621262458472 17239.0
70 84000000.0 0.4379198046000407 185.0 568.0 30.302816901408452 17212.0
71 85200000.0 0.44054040301241604 183.0 606.0 28.572607260726073 17315.0
72 86400000.0 0.43947180948503967 194.0 599.0 28.836393989983307 17273.0
73 87600000.0 0.43873397109708934 190.0 591.0 29.17766497461929 17244.0
74 88800000.0 0.4401333197638917 180.0 600.0 28.831666666666667 17299.0
75 90000000.0 0.44122735599430085 190.0 604.0 28.711920529801326 17342.0
76 91200000.0 0.44028597598208835 185.0 596.0 29.03523489932886 17305.0
77 92400000.0 0.44059128841848155 177.0 569.0 30.43409490333919 17317.0
78 93600000.0 0.44199063708528397 192.0 597.0 29.098827470686768 17372.0
79 94800000.0 0.44216873600651335 195.0 602.0 28.868770764119603 17379.0
80 96000000.0 0.44145634032159575 187.0 624.0 27.806089743589745 17351.0
81 97200000.0 0.4426267046611032 194.0 567.0 30.682539682539684 17397.0
82 98400000.0 0.44153266843069405 186.0 619.0 28.035541195476576 17354.0
83 99600000.0 0.44311011601872585 184.0 619.0 28.135702746365105 17416.0
84 100800000.0 0.4437461835945451 180.0 593.0 29.411467116357503 17441.0
85 102000000.0 0.44249949114593934 191.0 563.0 30.891651865008882 17392.0
86 103200000.0 0.4441532668430694 178.0 587.0 29.739352640545146 17457.0
87 104400000.0 0.44422959495216774 189.0 590.0 29.593220338983052 17460.0
88 105600000.0 0.44608691227355995 179.0 590.0 29.716949152542373 17533.0
89 106800000.0 0.4447384490128231 199.0 592.0 29.527027027027028 17480.0
