 time crystallinity "clusters w/ >= 2 members" "   independent clusters" "mean size cryst domains" "crystalline grid elements"
0 0.0 0.0006106248727864848 1.0 24.0 1.0 24.0
1 1200000.0 0.012237940158762468 52.0 396.0 1.2146464646464648 481.0
2 2400000.0 0.04472827193161001 202.0 802.0 2.1920199501246884 1758.0
3 3600000.0 0.10240687970690006 307.0 1019.0 3.9499509322865554 4025.0
4 4800000.0 0.16166293507022186 371.0 1043.0 6.092042186001917 6354.0
5 6000000.0 0.21127620598412375 345.0 1023.0 8.117302052785924 8304.0
6 7200000.0 0.2484734378180338 347.0 1035.0 9.435748792270532 9766.0
7 8400000.0 0.2711937716262976 343.0 1029.0 10.358600583090379 10659.0
8 9600000.0 0.291853246488907 329.0 954.0 12.024109014675052 11471.0
9 10800000.0 0.30666089965397925 330.0 922.0 13.072668112798265 12053.0
10 12000000.0 0.32210462039487076 313.0 933.0 13.569131832797428 12660.0
11 13200000.0 0.33301953999592915 312.0 929.0 14.089343379978471 13089.0
12 14400000.0 0.34164461632403825 296.0 878.0 15.29384965831435 13428.0
13 15600000.0 0.3494809688581315 299.0 837.0 16.410991636798087 13736.0
14 16800000.0 0.35708833706492976 290.0 817.0 17.178702570379436 14035.0
15 18000000.0 0.35993791980460005 270.0 813.0 17.400984009840098 14147.0
16 19200000.0 0.3671636474659068 268.0 796.0 18.12939698492462 14431.0
17 20400000.0 0.37169244860573986 269.0 747.0 19.55689424364123 14609.0
18 21600000.0 0.3761194789334419 260.0 796.0 18.571608040201006 14783.0
19 22800000.0 0.3799104416853247 260.0 774.0 19.29198966408269 14932.0
20 24000000.0 0.3840576022796662 253.0 771.0 19.578469520103763 15095.0
21 25200000.0 0.3874923671890902 242.0 737.0 20.664857530529172 15230.0
22 26400000.0 0.3906218196621209 245.0 745.0 20.608053691275167 15353.0
23 27600000.0 0.39270812131080807 250.0 744.0 20.745967741935484 15435.0
24 28800000.0 0.3946163240382658 240.0 710.0 21.845070422535212 15510.0
25 30000000.0 0.3980510889476898 247.0 728.0 21.490384615384617 15645.0
26 31200000.0 0.39751679218400165 257.0 774.0 20.186046511627907 15624.0
27 32400000.0 0.4020964787299003 239.0 747.0 21.156626506024097 15804.0
28 33600000.0 0.40084978628129453 250.0 726.0 21.701101928374655 15755.0
29 34800000.0 0.40474251984530835 221.0 684.0 23.257309941520468 15908.0
30 36000000.0 0.4072613474455526 222.0 693.0 23.0981240981241 16007.0
31 37200000.0 0.4070832485243232 219.0 685.0 23.357664233576642 16000.0
32 38400000.0 0.40911866476694486 209.0 674.0 23.857566765578635 16080.0
33 39600000.0 0.41133217993079585 212.0 669.0 24.16591928251121 16167.0
34 40800000.0 0.4131640545491553 210.0 662.0 24.53021148036254 16239.0
35 42000000.0 0.4137237940158762 235.0 705.0 23.065248226950356 16261.0
36 43200000.0 0.41540301241603905 222.0 708.0 23.060734463276837 16327.0
37 44400000.0 0.4145379605129249 206.0 664.0 24.537650602409638 16293.0
38 45600000.0 0.4175910848768573 221.0 704.0 23.313920454545453 16413.0
39 46800000.0 0.4183543659678404 222.0 650.0 25.296923076923076 16443.0
40 48000000.0 0.421280276816609 218.0 676.0 24.494082840236686 16558.0
41 49200000.0 0.4179472827193161 220.0 674.0 24.37240356083086 16427.0
42 50400000.0 0.42064420924078977 204.0 658.0 25.12613981762918 16533.0
43 51600000.0 0.4216364746590678 224.0 669.0 24.771300448430495 16572.0
44 52800000.0 0.42082230816201915 223.0 625.0 26.464 16540.0
45 54000000.0 0.4247659271320985 211.0 643.0 25.964230171073094 16695.0
46 55200000.0 0.4244606146957053 212.0 685.0 24.354744525547446 16683.0
47 56400000.0 0.4244097292896397 206.0 634.0 26.310725552050474 16681.0
48 57600000.0 0.4270048849989823 211.0 652.0 25.74079754601227 16783.0
49 58800000.0 0.42550376552004887 212.0 642.0 26.049844236760123 16724.0
50 60000000.0 0.4293964990840627 207.0 632.0 26.704113924050635 16877.0
51 61200000.0 0.4313810299206188 210.0 632.0 26.82753164556962 16955.0
52 62400000.0 0.4300071239568492 203.0 613.0 27.570962479608482 16901.0
53 63600000.0 0.4321443110116019 196.0 622.0 27.307073954983924 16985.0
54 64800000.0 0.4312283737024221 208.0 649.0 26.115562403697997 16949.0
55 66000000.0 0.4311266028902911 213.0 675.0 25.103703703703705 16945.0
56 67200000.0 0.4332129045389782 212.0 660.0 25.798484848484847 17027.0
57 68400000.0 0.43270405047832283 206.0 611.0 27.83469721767594 17007.0
58 69600000.0 0.43171178506004476 194.0 626.0 27.105431309904155 16968.0
59 70800000.0 0.43285670669651943 204.0 630.0 27.004761904761907 17013.0
60 72000000.0 0.43445959698758396 193.0 634.0 26.933753943217667 17076.0
61 73200000.0 0.4357062894361897 197.0 621.0 27.576489533011273 17125.0
62 74400000.0 0.43677488296356604 198.0 645.0 26.615503875968994 17167.0
63 75600000.0 0.4367239975575005 204.0 639.0 26.8622848200313 17165.0
64 76800000.0 0.4377671483818441 196.0 601.0 28.628951747088188 17206.0
65 78000000.0 0.43779259108487684 203.0 632.0 27.22626582278481 17207.0
66 79200000.0 0.4367239975575005 195.0 607.0 28.27841845140033 17165.0
67 80400000.0 0.43646957052717283 187.0 585.0 29.324786324786324 17155.0
68 81600000.0 0.4379706900061062 203.0 619.0 27.809369951534734 17214.0
69 82800000.0 0.4386067575819255 186.0 616.0 27.98538961038961 17239.0
70 84000000.0 0.4379198046000407 188.0 572.0 30.09090909090909 17212.0
71 85200000.0 0.44054040301241604 187.0 611.0 28.338788870703766 17315.0
72 86400000.0 0.43947180948503967 197.0 605.0 28.550413223140495 17273.0
73 87600000.0 0.43873397109708934 198.0 604.0 28.549668874172184 17244.0
74 88800000.0 0.4401333197638917 184.0 614.0 28.1742671009772 17299.0
75 90000000.0 0.44122735599430085 192.0 610.0 28.42950819672131 17342.0
76 91200000.0 0.44028597598208835 186.0 602.0 28.745847176079735 17305.0
77 92400000.0 0.44059128841848155 182.0 581.0 29.80550774526678 17317.0
78 93600000.0 0.44199063708528397 196.0 603.0 28.809286898839137 17372.0
79 94800000.0 0.44216873600651335 198.0 612.0 28.397058823529413 17379.0
80 96000000.0 0.44145634032159575 192.0 637.0 27.23861852433281 17351.0
81 97200000.0 0.4426267046611032 198.0 574.0 30.308362369337978 17397.0
82 98400000.0 0.44153266843069405 190.0 630.0 27.546031746031748 17354.0
83 99600000.0 0.44311011601872585 188.0 627.0 27.77671451355662 17416.0
84 100800000.0 0.4437461835945451 187.0 602.0 28.971760797342192 17441.0
85 102000000.0 0.44249949114593934 195.0 568.0 30.619718309859156 17392.0
86 103200000.0 0.4441532668430694 182.0 598.0 29.192307692307693 17457.0
87 104400000.0 0.44422959495216774 191.0 600.0 29.1 17460.0
88 105600000.0 0.44608691227355995 185.0 601.0 29.173044925124792 17533.0
89 106800000.0 0.4447384490128231 205.0 601.0 29.08485856905158 17480.0
