 time crystallinity "clusters w/ >= 2 members" "   independent clusters" "mean size cryst domains" "crystalline grid elements" "total volume"
0 0.0 0.0001391323705373292 1.0 5.0 1.0 5.0 307550.74230296665
1 500000.0 0.0001391323705373292 1.0 5.0 1.0 5.0 306526.72593169066
2 1000000.0 0.00047305005982691933 1.0 17.0 1.0 17.0 305721.7096992598
3 1500000.0 0.0008626206973314411 2.0 30.0 1.0333333333333334 31.0 304759.1472317851
4 2000000.0 0.0020035061357375405 3.0 68.0 1.0588235294117647 72.0 303705.1463584422
5 2500000.0 0.006873139104544063 18.0 222.0 1.1126126126126126 247.0 302490.9623162268
6 3000000.0 0.022650749923477195 93.0 597.0 1.3634840871021776 814.0 300953.19112925127
7 3500000.0 0.05139549767648941 235.0 1190.0 1.5521008403361345 1847.0 299105.1766274384
8 4000000.0 0.08311767815900048 380.0 1672.0 1.7864832535885167 2987.0 297176.2666118196
9 4500000.0 0.11305896429863373 506.0 2060.0 1.9723300970873787 4063.0 295549.02312946954
10 5000000.0 0.13698973203105436 582.0 2362.0 2.0842506350550383 4923.0 294288.71404320345
11 5500000.0 0.15207168099730084 635.0 2536.0 2.154968454258675 5465.0 293087.2571456383
12 6000000.0 0.16453794139744554 649.0 2605.0 2.2698656429942417 5913.0 292179.03228565026
13 6500000.0 0.17219022177699864 722.0 2686.0 2.3037974683544302 6188.0 291345.71589014493
14 7000000.0 0.17803378133956646 700.0 2759.0 2.3189561435302646 6398.0 290570.4639944456
15 7500000.0 0.18106686701728025 705.0 2834.0 2.296047988708539 6507.0 289871.87609482644
16 8000000.0 0.18621476472716142 706.0 2866.0 2.3349616189811586 6692.0 289167.43181376974
17 8500000.0 0.18832957675932882 764.0 2892.0 2.340248962655602 6768.0 288625.38468499266
18 9000000.0 0.19233658903080392 748.0 2978.0 2.32102081934184 6912.0 288025.0964813631
19 9500000.0 0.182708740234375 676.0 2598.0 2.3044649730561972 5987.0 287463.00949788763
20 10000000.0 0.18524169921875 671.0 2601.0 2.3337178008458284 6070.0 286930.1800795104
