1.616107382550335458e+01
1.102013422818791888e+01
1.338926174496644350e+01
1.440939597315436238e+01
1.312751677852348919e+01
2.283221476510066950e+01
2.587919463087248317e+01
1.723489932885906128e+01
1.508053691275167729e+01
1.860402684563758413e+01
1.655033557046979809e+01
1.148322147651006730e+01
1.550335570469798618e+01
1.501342281879194651e+01
1.447651006711409316e+01
1.754362416107382572e+01
1.261744966442953064e+01
1.675167785234899398e+01
1.521476510067114063e+01
1.818120805369127524e+01
1.977852348993288700e+01
1.295302013422818810e+01
1.216778523489932873e+01
2.502684563758389302e+01
1.610067114093959617e+01
1.288590604026845554e+01
2.006711409395973078e+01
1.358389261744966525e+01
1.219463087248322175e+01
1.093959731543624159e+01
1.935570469798657811e+01
2.471140939597315267e+01
1.507382550335570492e+01
1.968456375838926320e+01
1.466442953020134254e+01
3.308724832214765144e+01
1.565771812080536840e+01
9.194630872483221751e+00
1.594630872483221395e+01
1.578523489932885937e+01
1.505369127516778605e+01
1.657718120805369111e+01
1.571812080536912681e+01
1.706711409395973078e+01
1.587248322147651081e+01
2.659060402684563584e+01
1.298657718120805349e+01
1.899328859060402763e+01
1.241610738255033475e+01
1.563087248322147715e+01
1.809395973154362380e+01
2.393288590604026922e+01
1.506040268456375841e+01
1.246979865771812079e+01
2.450335570469798796e+01
2.105369127516778605e+01
1.341610738255033475e+01
1.416107382550335636e+01
1.908053691275167907e+01
1.407382550335570492e+01
2.763758389261744952e+01
2.012751677852348919e+01
1.578523489932885937e+01
1.631543624161073680e+01
1.468456375838926142e+01
1.497986577181208112e+01
1.488590604026845554e+01
1.562416107382550301e+01
1.463758389261744952e+01
2.286577181208053844e+01
1.424832214765100602e+01
2.042281879194630889e+01
1.181879194630872476e+01
1.420805369127516826e+01
1.190604026845637620e+01
1.198657718120805349e+01
1.634899328859060574e+01
1.576510067114093872e+01
1.768456375838926320e+01
1.591946308724832271e+01
1.648322147651006730e+01
1.198657718120805349e+01
1.019463087248322175e+01
1.718120805369127524e+01
2.116107382550335458e+01
1.313422818791946334e+01
1.318120805369127524e+01
1.653691275167785335e+01
1.187248322147651081e+01
2.067785234899328728e+01
1.371140939597315445e+01
8.389261744966443501e+00
1.600671140939597237e+01
1.642953020134228126e+01
1.193959731543624159e+01
1.457718120805369111e+01
2.697986577181207934e+01
1.491946308724832271e+01
3.124161073825503365e+01
1.476510067114093872e+01
1.359060402684563762e+01
1.827516778523489904e+01
1.521476510067114063e+01
1.500000000000000000e+01
2.144966442953020191e+01
1.854362416107382572e+01
1.442953020134228126e+01
1.428187919463087319e+01
1.481208053691275239e+01
2.197315436241610698e+01
1.496644295302013461e+01
1.871140939597315267e+01
1.614093959731543748e+01
1.447651006711409316e+01
1.452348993288590684e+01
1.485234899328859015e+01
1.470469798657718208e+01
1.546308724832214843e+01
1.476510067114093872e+01
1.340268456375839001e+01
2.136912751677852285e+01
1.511409395973154446e+01
1.827516778523489904e+01
1.287919463087248317e+01
1.153691275167785157e+01
1.503355704697986539e+01
1.302013422818791888e+01
1.304697986577181190e+01
1.305369127516778605e+01
1.394630872483221395e+01
1.915436241610738222e+01
1.615436241610738222e+01
2.036241610738255048e+01
1.702013422818792066e+01
1.642953020134228126e+01
2.104026845637583776e+01
2.901342281879194474e+01
1.538255033557046936e+01
1.945637583892617428e+01
1.673154362416107332e+01
1.509395973154362380e+01
2.024832214765100602e+01
1.404026845637583953e+01
1.434899328859060397e+01
1.897315436241610698e+01
1.171812080536912681e+01
1.597315436241610698e+01
1.887248322147651081e+01
1.615436241610738222e+01
1.804026845637583776e+01
2.559060402684563584e+01
1.877852348993288700e+01
2.329530201342281970e+01
1.442953020134228126e+01
1.541610738255033475e+01
1.326845637583892668e+01
2.032214765100671272e+01
1.196644295302013461e+01
1.975167785234899398e+01
1.512751677852348919e+01
1.738926174496644350e+01
1.705369127516778605e+01
1.383892617449664364e+01
1.698657718120805526e+01
1.639597315436241587e+01
1.524161073825503365e+01
1.855704697986577045e+01
1.645637583892617428e+01
2.208724832214765144e+01
1.312751677852348919e+01
2.125503355704697839e+01
1.478523489932885937e+01
1.642281879194630889e+01
1.264429530201342367e+01
1.948322147651006730e+01
1.663758389261744952e+01
1.930872483221476443e+01
1.744966442953020191e+01
1.593288590604026922e+01
2.069798657718120793e+01
1.106040268456375841e+01
1.650335570469798796e+01
1.792617449664429685e+01
1.548322147651006730e+01
1.454362416107382572e+01
1.620805369127516826e+01
1.453691275167785157e+01
1.851677852348993270e+01
1.548322147651006730e+01
1.491946308724832271e+01
1.961744966442952887e+01
1.300671140939597237e+01
1.557718120805369111e+01
1.324161073825503365e+01
2.689932885906040383e+01
2.030201342281879207e+01
1.528859060402684555e+01
1.557718120805369111e+01
1.567785234899328906e+01
1.232885906040268509e+01
2.294630872483221395e+01
1.863087248322147715e+01
1.287248322147651081e+01
1.955033557046979809e+01
3.218791946308724761e+01
1.232885906040268509e+01
1.624832214765100602e+01
1.942281879194630889e+01
1.313422818791946334e+01
1.712080536912751683e+01
1.577852348993288523e+01
1.331543624161073858e+01
1.126174496644295253e+01
1.546979865771812079e+01
1.465771812080536840e+01
1.507382550335570492e+01
1.575838926174496635e+01
1.480536912751677825e+01
1.271140939597315445e+01
1.414093959731543571e+01
1.804026845637583776e+01
1.032885906040268509e+01
1.159731543624160999e+01
2.145637583892617428e+01
1.724161073825503365e+01
1.468456375838926142e+01
2.679865771812080411e+01
1.849664429530201204e+01
1.370469798657718208e+01
1.419463087248322175e+01
1.955704697986577045e+01
2.261073825503355650e+01
1.695302013422818632e+01
1.071812080536912681e+01
1.425503355704698016e+01
1.565100671140939603e+01
1.514765100671140985e+01
1.487919463087248317e+01
1.362416107382550301e+01
1.912751677852348919e+01
1.614093959731543748e+01
1.374496644295301984e+01
1.705369127516778605e+01
1.274496644295301984e+01
1.842281879194630889e+01
1.490604026845637620e+01
1.635570469798657811e+01
1.359731543624160999e+01
1.470469798657718208e+01
2.097986577181207934e+01
2.078523489932885937e+01
1.841610738255033652e+01
1.416107382550335636e+01
1.525503355704698016e+01
1.223489932885906128e+01
1.445637583892617428e+01
2.419463087248321997e+01
1.901342281879194474e+01
1.879865771812080411e+01
1.119463087248322175e+01
1.885906040268456252e+01
1.212751677852348919e+01
1.406711409395973078e+01
1.475167785234899398e+01
2.192617449664429685e+01
2.315436241610738222e+01
1.332885906040268509e+01
2.401342281879194474e+01
1.207382550335570492e+01
1.439597315436241587e+01
1.562416107382550301e+01
1.051677852348993270e+01
2.271140939597315267e+01
1.326845637583892668e+01
1.230872483221476443e+01
1.693288590604026922e+01
1.594630872483221395e+01
1.680536912751678003e+01
1.640939597315436416e+01
1.710067114093959617e+01
1.377852348993288523e+01
1.402013422818791888e+01
1.722147651006711300e+01
1.382550335570469713e+01
1.614765100671140985e+01
1.460402684563758413e+01
1.772483221476510096e+01
1.822147651006711300e+01
2.096644295302013461e+01
2.246979865771812257e+01
1.627516778523489904e+01
1.663758389261744952e+01
1.716778523489933050e+01
1.696644295302013461e+01
1.735570469798657811e+01
1.123489932885906128e+01
2.081208053691275239e+01
1.377181208053691286e+01
1.642281879194630889e+01
2.381208053691275239e+01
1.848993288590603967e+01
1.179194630872483174e+01
1.795973154362416224e+01
1.787919463087248317e+01
1.714765100671140985e+01
1.212751677852348919e+01
1.451677852348993270e+01
1.518791946308724761e+01
1.469798657718120793e+01
1.115436241610738222e+01
2.739597315436241587e+01
1.238255033557046936e+01
1.161073825503355650e+01
1.981208053691275239e+01
2.036912751677852285e+01
2.503355704697986539e+01
2.234899328859060574e+01
1.547651006711409316e+01
1.301342281879194651e+01
2.216778523489933050e+01
2.337583892617449521e+01
1.513422818791946334e+01
1.613422818791946156e+01
1.091275167785234856e+01
1.785906040268456252e+01
1.793288590604026922e+01
2.165100671140939426e+01
1.842281879194630889e+01
2.404697986577181368e+01
1.735570469798657811e+01
1.575838926174496635e+01
1.930201342281879207e+01
1.205369127516778605e+01
1.332885906040268509e+01
2.102013422818792066e+01
1.748322147651006730e+01
1.510067114093959795e+01
1.678523489932885937e+01
1.631543624161073680e+01
1.481208053691275239e+01
1.428859060402684555e+01
1.674496644295302161e+01
1.586577181208053666e+01
1.417449664429530287e+01
1.920805369127516826e+01
1.857718120805369111e+01
1.663758389261744952e+01
1.977852348993288700e+01
1.806711409395973078e+01
1.494630872483221395e+01
1.508053691275167729e+01
1.555704697986577223e+01
1.761744966442952887e+01
1.107382550335570492e+01
1.566442953020134254e+01
1.728187919463087141e+01
1.646308724832214665e+01
1.266442953020134254e+01
1.260402684563758413e+01
1.426845637583892668e+01
1.812751677852348919e+01
1.804697986577181368e+01
1.567785234899328906e+01
1.702684563758389302e+01
1.735570469798657811e+01
2.703355704697986539e+01
1.400671140939597237e+01
1.520805369127516826e+01
1.829530201342281970e+01
1.785234899328859015e+01
2.128859060402684733e+01
1.912080536912751683e+01
1.605369127516778605e+01
1.738926174496644350e+01
1.331543624161073858e+01
1.888590604026845554e+01
1.515436241610738222e+01
1.504697986577181190e+01
1.065100671140939603e+01
1.424161073825503365e+01
1.778523489932885937e+01
1.533557046979865746e+01
1.629530201342281970e+01
1.817449664429530287e+01
1.628859060402684733e+01
2.144295302013422955e+01
1.397986577181208112e+01
2.291275167785234856e+01
2.256375838926174637e+01
1.862416107382550479e+01
1.537583892617449699e+01
1.466442953020134254e+01
2.028859060402684733e+01
1.878523489932885937e+01
1.603355704697986539e+01
1.548993288590603967e+01
1.546979865771812079e+01
2.329530201342281970e+01
1.467785234899328906e+01
1.344966442953020191e+01
1.663087248322147715e+01
2.342281879194630889e+01
2.225503355704697839e+01
1.922818791946308892e+01
1.502013422818791888e+01
1.485906040268456429e+01
1.450335570469798618e+01
1.798657718120805526e+01
2.602684563758389302e+01
1.706040268456375841e+01
1.753691275167785335e+01
1.536241610738255048e+01
1.816107382550335458e+01
1.161744966442953064e+01
1.499328859060402763e+01
2.127516778523489904e+01
1.214093959731543571e+01
1.273154362416107332e+01
2.489932885906040383e+01
2.655033557046979809e+01
1.689932885906040383e+01
2.729530201342281970e+01
1.910067114093959617e+01
1.986577181208053844e+01
1.877181208053691108e+01
1.763087248322147715e+01
1.837583892617449521e+01
1.577852348993288523e+01
1.575838926174496635e+01
1.151006711409396033e+01
1.616107382550335458e+01
1.173825503355704747e+01
1.487919463087248317e+01
1.371812080536912681e+01
1.206711409395973078e+01
1.889261744966442791e+01
1.534899328859060397e+01
1.334228187919463160e+01
1.519463087248322175e+01
2.042281879194630889e+01
1.681879194630872476e+01
1.305369127516778605e+01
1.440939597315436238e+01
1.400671140939597237e+01
1.304026845637583953e+01
2.057718120805369111e+01
1.383221476510067127e+01
1.408053691275167729e+01
2.100000000000000000e+01
1.691946308724832093e+01
1.423489932885906128e+01
1.624832214765100602e+01
1.451006711409396033e+01
1.322147651006711477e+01
1.224832214765100602e+01
1.747651006711409494e+01
1.965100671140939426e+01
2.214765100671140985e+01
1.734228187919462982e+01
1.479194630872483174e+01
2.242281879194630889e+01
1.628859060402684733e+01
1.648993288590603967e+01
1.279194630872483174e+01
1.515436241610738222e+01
1.789932885906040383e+01
1.789261744966442791e+01
2.473825503355704569e+01
2.090604026845637620e+01
1.851677852348993270e+01
1.635570469798657811e+01
1.651006711409396033e+01
1.780536912751678003e+01
2.755704697986577045e+01
1.366442953020134254e+01
1.213422818791946334e+01
2.107382550335570315e+01
1.338926174496644350e+01
2.087248322147651081e+01
2.094630872483221395e+01
1.749664429530201204e+01
1.659731543624161176e+01
1.368456375838926142e+01
1.374496644295301984e+01
1.508053691275167729e+01
1.378523489932885937e+01
1.508724832214765144e+01
2.275838926174496635e+01
1.338926174496644350e+01
1.893288590604026922e+01
1.581879194630872476e+01
1.404026845637583953e+01
1.226845637583892668e+01
2.083221476510066950e+01
1.245637583892617428e+01
1.189932885906040205e+01
1.845637583892617428e+01
2.777852348993288700e+01
1.379194630872483174e+01
1.548322147651006730e+01
1.093959731543624159e+01
1.692617449664429685e+01
2.124832214765100602e+01
1.744966442953020191e+01
2.016778523489933050e+01
2.795302013422818632e+01
1.344295302013422777e+01
1.243624161073825540e+01
1.169127516778523557e+01
1.753691275167785335e+01
1.480536912751677825e+01
1.899328859060402763e+01
2.252348993288590506e+01
1.684563758389261778e+01
2.438255033557047113e+01
2.186577181208053844e+01
1.199328859060402763e+01
3.423489932885905773e+01
1.114765100671140985e+01
2.040268456375838824e+01
2.412751677852348919e+01
1.387919463087248317e+01
1.869798657718120793e+01
1.534228187919463160e+01
1.309395973154362380e+01
1.724832214765100602e+01
1.894630872483221395e+01
1.497315436241610698e+01
1.232885906040268509e+01
1.871140939597315267e+01
1.671140939597315267e+01
1.553691275167785157e+01
1.447651006711409316e+01
1.997315436241610698e+01
1.077181208053691286e+01
1.659060402684563584e+01
1.457718120805369111e+01
2.653691275167785335e+01
1.261744966442953064e+01
1.582550335570469713e+01
1.802684563758389302e+01
1.905369127516778605e+01
1.551006711409396033e+01
1.775838926174496635e+01
1.025503355704698016e+01
1.609395973154362380e+01
2.262416107382550479e+01
1.445637583892617428e+01
2.005369127516778605e+01
1.710067114093959617e+01
1.216778523489932873e+01
2.002684563758389302e+01
1.895302013422818632e+01
2.069798657718120793e+01
1.457718120805369111e+01
1.679194630872483174e+01
1.181879194630872476e+01
1.703355704697986539e+01
1.542953020134228126e+01
1.779194630872483174e+01
1.532885906040268509e+01
1.630201342281879207e+01
2.417449664429530287e+01
1.317449664429530287e+01
1.714093959731543748e+01
1.710738255033557209e+01
1.342953020134228126e+01
1.804026845637583776e+01
1.493959731543624159e+01
2.143624161073825363e+01
1.470469798657718208e+01
1.838255033557047113e+01
1.263087248322147715e+01
2.183221476510066950e+01
1.671140939597315267e+01
1.778523489932885937e+01
1.506711409395973078e+01
1.340268456375839001e+01
2.007382550335570315e+01
1.906040268456375841e+01
1.646979865771812257e+01
1.250335570469798618e+01
1.622147651006711300e+01
1.351677852348993270e+01
1.291946308724832271e+01
1.151006711409396033e+01
1.997315436241610698e+01
1.387919463087248317e+01
1.517449664429530287e+01
1.397986577181208112e+01
2.198657718120805526e+01
1.904697986577181368e+01
1.729530201342281970e+01
2.228859060402684733e+01
1.967785234899328728e+01
1.234228187919463160e+01
1.462416107382550301e+01
1.548322147651006730e+01
1.471812080536912681e+01
1.137583892617449699e+01
1.504697986577181190e+01
2.848993288590603967e+01
1.581208053691275239e+01
2.053691275167785335e+01
1.991946308724832093e+01
1.583892617449664364e+01
3.095302013422818632e+01
1.315436241610738222e+01
1.173825503355704747e+01
1.440939597315436238e+01
1.747651006711409494e+01
1.823489932885906128e+01
1.230201342281879207e+01
1.891946308724832093e+01
1.352348993288590684e+01
1.995973154362416224e+01
1.497315436241610698e+01
1.980536912751678003e+01
2.119463087248321997e+01
1.846979865771812257e+01
1.306040268456375841e+01
1.909395973154362380e+01
1.467114093959731491e+01
1.922147651006711300e+01
1.357046979865771874e+01
1.006040268456375841e+01
1.431543624161073858e+01
1.537583892617449699e+01
2.007382550335570315e+01
1.959731543624161176e+01
1.645637583892617428e+01
1.697315436241610698e+01
1.316778523489932873e+01
1.920134228187919589e+01
1.485234899328859015e+01
1.422147651006711477e+01
2.724832214765100602e+01
1.595973154362416047e+01
1.028187919463087319e+01
1.592617449664429508e+01
1.718120805369127524e+01
2.001342281879194474e+01
2.042953020134228126e+01
1.796644295302013461e+01
1.562416107382550301e+01
1.416107382550335636e+01
1.726174496644295431e+01
1.620134228187919589e+01
1.209395973154362380e+01
1.221476510067114063e+01
2.333557046979865746e+01
1.663758389261744952e+01
1.297986577181208112e+01
1.564429530201342367e+01
2.057718120805369111e+01
1.416107382550335636e+01
1.697986577181207934e+01
1.230872483221476443e+01
1.567785234899328906e+01
1.557718120805369111e+01
1.440268456375839001e+01
1.800671140939597237e+01
1.390604026845637620e+01
1.930872483221476443e+01
1.648993288590603967e+01
1.446308724832214843e+01
2.461073825503355650e+01
1.860402684563758413e+01
1.787919463087248317e+01
1.653691275167785335e+01
1.873154362416107332e+01
1.165771812080536840e+01
2.334228187919462982e+01
1.268456375838926142e+01
2.650335570469798796e+01
2.033557046979865746e+01
1.253020134228187921e+01
1.586577181208053666e+01
2.085234899328859015e+01
2.277181208053691108e+01
1.493959731543624159e+01
1.800000000000000000e+01
1.391275167785234856e+01
1.866442953020134254e+01
2.130872483221476443e+01
1.308053691275167729e+01
1.644295302013422955e+01
1.081208053691275239e+01
1.653691275167785335e+01
1.838926174496644350e+01
1.370469798657718208e+01
1.494630872483221395e+01
1.500671140939597237e+01
1.745637583892617428e+01
1.209395973154362380e+01
1.598657718120805349e+01
1.884563758389261778e+01
2.579194630872483174e+01
1.483892617449664364e+01
2.587919463087248317e+01
1.877852348993288700e+01
1.795973154362416224e+01
1.230872483221476443e+01
2.326174496644295431e+01
1.839597315436241587e+01
1.738926174496644350e+01
1.402684563758389302e+01
1.897986577181207934e+01
1.498657718120805349e+01
1.777181208053691108e+01
1.391946308724832271e+01
1.491946308724832271e+01
1.771812080536912859e+01
2.097986577181207934e+01
1.393288590604026922e+01
1.975167785234899398e+01
3.446979865771812257e+01
2.353020134228187743e+01
1.209395973154362380e+01
1.335570469798657633e+01
1.389932885906040205e+01
1.687919463087248317e+01
1.855033557046979809e+01
2.474496644295302161e+01
1.834899328859060574e+01
1.795973154362416224e+01
1.182550335570469713e+01
1.743624161073825363e+01
2.032885906040268509e+01
2.103355704697986539e+01
1.444295302013422777e+01
2.132885906040268509e+01
1.779194630872483174e+01
1.440939597315436238e+01
1.671812080536912859e+01
1.440939597315436238e+01
1.385234899328859015e+01
2.004697986577181368e+01
1.505369127516778605e+01
1.936241610738255048e+01
1.431543624161073858e+01
1.618120805369127524e+01
1.614765100671140985e+01
1.463758389261744952e+01
2.477181208053691108e+01
1.425503355704698016e+01
1.652348993288590506e+01
1.346979865771812079e+01
1.880536912751678003e+01
1.987919463087248317e+01
1.957046979865771874e+01
1.564429530201342367e+01
1.568456375838926142e+01
1.463087248322147715e+01
1.435570469798657633e+01
1.741610738255033652e+01
1.344295302013422777e+01
1.638926174496644350e+01
1.289932885906040205e+01
2.333557046979865746e+01
1.959731543624161176e+01
1.697315436241610698e+01
9.335570469798657456e+00
1.528187919463087319e+01
1.288590604026845554e+01
2.069798657718120793e+01
1.966442953020134254e+01
1.236241610738255048e+01
1.798657718120805526e+01
2.076510067114093872e+01
2.501342281879194474e+01
2.073825503355704569e+01
1.827516778523489904e+01
1.451006711409396033e+01
2.166442953020134254e+01
2.344295302013422955e+01
1.371812080536912681e+01
2.944295302013422955e+01
1.909395973154362380e+01
2.275838926174496635e+01
1.481879194630872476e+01
2.095302013422818632e+01
1.502684563758389302e+01
1.282550335570469713e+01
1.824161073825503365e+01
1.700000000000000000e+01
1.362416107382550301e+01
1.179865771812080588e+01
1.673154362416107332e+01
1.227516778523489904e+01
2.593288590604026922e+01
1.465771812080536840e+01
1.032885906040268509e+01
1.141610738255033475e+01
1.739597315436241587e+01
1.886577181208053844e+01
2.148993288590603967e+01
1.500671140939597237e+01
1.681208053691275239e+01
1.314093959731543571e+01
1.439597315436241587e+01
1.495302013422818810e+01
1.280536912751677825e+01
1.594630872483221395e+01
2.217449664429530287e+01
1.360402684563758413e+01
1.187919463087248317e+01
1.965771812080537018e+01
1.294630872483221395e+01
2.283221476510066950e+01
1.467114093959731491e+01
1.294630872483221395e+01
1.880536912751678003e+01
1.175167785234899398e+01
1.309395973154362380e+01
1.415436241610738222e+01
1.290604026845637620e+01
1.404026845637583953e+01
1.786577181208053844e+01
1.650335570469798796e+01
1.871140939597315267e+01
1.631543624161073680e+01
1.524832214765100602e+01
1.693959731543624159e+01
1.630201342281879207e+01
1.578523489932885937e+01
1.663758389261744952e+01
9.724832214765100957e+00
1.292617449664429508e+01
1.575167785234899398e+01
2.089932885906040383e+01
1.756375838926174637e+01
1.806040268456375841e+01
1.323489932885906128e+01
3.138255033557047113e+01
1.594630872483221395e+01
1.990604026845637620e+01
1.546979865771812079e+01
3.190604026845637620e+01
1.531543624161073858e+01
1.822147651006711300e+01
1.357718120805369111e+01
1.614765100671140985e+01
1.283221476510067127e+01
2.293959731543624159e+01
1.200000000000000000e+01
1.320134228187919412e+01
1.518120805369127524e+01
1.713422818791946156e+01
1.962416107382550479e+01
1.603355704697986539e+01
1.397315436241610698e+01
1.925503355704697839e+01
2.277181208053691108e+01
1.506040268456375841e+01
1.745637583892617428e+01
1.861073825503355650e+01
1.877852348993288700e+01
1.501342281879194651e+01
1.825503355704697839e+01
2.200000000000000000e+01
1.162416107382550301e+01
1.622818791946308892e+01
1.846308724832214665e+01
1.494630872483221395e+01
1.526845637583892668e+01
1.488590604026845554e+01
2.397315436241610698e+01
2.080536912751678003e+01
1.718791946308724761e+01
1.616107382550335458e+01
1.577852348993288523e+01
2.022147651006711300e+01
1.677181208053691108e+01
1.842953020134228126e+01
3.229530201342281970e+01
1.436912751677852285e+01
1.761073825503355650e+01
1.534228187919463160e+01
1.328187919463087319e+01
1.410067114093959795e+01
1.802684563758389302e+01
1.555033557046979809e+01
1.785906040268456252e+01
1.371140939597315445e+01
1.693288590604026922e+01
1.578523489932885937e+01
1.406040268456375841e+01
1.801342281879194474e+01
1.551006711409396033e+01
1.608724832214765144e+01
2.761744966442952887e+01
1.510067114093959795e+01
1.656375838926174637e+01
1.254362416107382572e+01
1.632885906040268509e+01
1.643624161073825363e+01
1.347651006711409316e+01
1.853020134228187743e+01
2.020805369127516826e+01
2.217449664429530287e+01
1.442281879194630889e+01
1.367114093959731491e+01
1.605369127516778605e+01
2.593959731543624159e+01
1.462416107382550301e+01
1.289932885906040205e+01
1.849664429530201204e+01
1.505369127516778605e+01
1.737583892617449521e+01
1.571140939597315445e+01
1.295973154362416047e+01
1.375167785234899398e+01
1.223489932885906128e+01
1.866442953020134254e+01
1.075167785234899398e+01
2.190604026845637620e+01
1.385234899328859015e+01
1.232885906040268509e+01
2.271140939597315267e+01
1.751677852348993270e+01
2.073825503355704569e+01
1.770469798657718030e+01
1.770469798657718030e+01
1.275838926174496635e+01
1.680536912751678003e+01
2.040939597315436416e+01
9.550335570469798085e+00
1.716107382550335458e+01
1.526174496644295253e+01
1.364429530201342367e+01
1.757046979865771874e+01
1.604026845637583776e+01
1.242281879194630889e+01
1.625503355704697839e+01
1.455033557046979809e+01
1.530872483221476443e+01
2.159060402684563584e+01
1.400000000000000000e+01
1.533557046979865746e+01
1.679865771812080411e+01
1.440268456375839001e+01
1.424161073825503365e+01
2.102684563758389302e+01
1.378523489932885937e+01
1.632214765100671272e+01
1.212080536912751683e+01
1.426845637583892668e+01
2.531543624161073680e+01
1.653020134228187743e+01
1.540268456375839001e+01
1.783892617449664542e+01
1.774496644295302161e+01
1.716778523489933050e+01
1.325503355704698016e+01
1.492617449664429508e+01
2.083221476510066950e+01
2.218120805369127524e+01
1.812751677852348919e+01
1.618120805369127524e+01
1.385906040268456429e+01
1.463087248322147715e+01
1.540268456375839001e+01
1.559060402684563762e+01
1.604697986577181368e+01
1.430201342281879207e+01
1.392617449664429508e+01
1.848322147651006730e+01
1.498657718120805349e+01
1.885906040268456252e+01
1.632885906040268509e+01
1.732214765100671272e+01
1.737583892617449521e+01
1.361073825503355650e+01
1.379194630872483174e+01
2.087919463087248317e+01
1.989261744966442791e+01
1.546979865771812079e+01
1.322147651006711477e+01
1.538926174496644350e+01
2.190604026845637620e+01
1.262416107382550301e+01
1.310738255033557031e+01
1.755033557046979809e+01
1.320134228187919412e+01
2.297315436241610698e+01
1.444966442953020191e+01
1.691275167785234856e+01
1.082550335570469713e+01
1.567785234899328906e+01
1.262416107382550301e+01
1.410067114093959795e+01
1.290604026845637620e+01
1.567114093959731491e+01
1.922818791946308892e+01
2.101342281879194474e+01
2.097315436241610698e+01
1.259060402684563762e+01
1.712080536912751683e+01
1.216107382550335636e+01
1.536912751677852285e+01
1.784563758389261778e+01
1.333557046979865746e+01
1.644295302013422955e+01
1.454362416107382572e+01
1.996644295302013461e+01
1.744295302013422955e+01
1.408724832214765144e+01
1.851006711409396033e+01
1.958389261744966348e+01
1.979865771812080411e+01
1.625503355704697839e+01
1.540268456375839001e+01
1.587248322147651081e+01
1.770469798657718030e+01
1.751006711409396033e+01
1.836912751677852285e+01
1.123489932885906128e+01
2.074496644295302161e+01
1.553691275167785157e+01
1.695973154362416224e+01
2.104697986577181368e+01
1.452348993288590684e+01
2.536241610738255048e+01
1.412080536912751683e+01
1.383221476510067127e+01
2.693959731543624159e+01
1.926845637583892668e+01
1.587248322147651081e+01
1.446979865771812079e+01
1.468456375838926142e+01
1.532214765100671094e+01
1.438926174496644350e+01
1.588590604026845554e+01
1.255033557046979809e+01
1.544966442953020191e+01
2.110738255033557209e+01
1.353020134228187921e+01
1.640939597315436416e+01
1.574496644295301984e+01
9.194630872483221751e+00
1.575838926174496635e+01
2.069127516778523557e+01
1.204697986577181190e+01
2.627516778523489904e+01
2.863758389261744952e+01
2.635570469798657811e+01
1.469127516778523557e+01
1.145637583892617428e+01
2.023489932885906128e+01
1.597986577181208112e+01
2.004026845637583776e+01
1.432214765100671094e+01
1.430872483221476443e+01
2.198657718120805526e+01
1.719463087248321997e+01
1.880536912751678003e+01
1.460402684563758413e+01
1.438926174496644350e+01
1.654362416107382572e+01
1.265100671140939603e+01
1.338255033557046936e+01
2.105369127516778605e+01
1.765100671140939426e+01
1.550335570469798618e+01
1.091275167785234856e+01
1.508053691275167729e+01
1.243624161073825540e+01
1.927516778523489904e+01
1.987919463087248317e+01
1.304697986577181190e+01
1.251006711409396033e+01
1.255033557046979809e+01
1.634899328859060574e+01
1.397315436241610698e+01
1.131543624161073858e+01
1.166442953020134254e+01
1.154362416107382572e+01
1.219463087248322175e+01
1.675838926174496635e+01
1.291946308724832271e+01
1.763758389261744952e+01
1.338926174496644350e+01
1.436241610738255048e+01
1.618791946308724761e+01
1.189261744966442969e+01
1.607382550335570315e+01
1.104026845637583953e+01
1.404697986577181190e+01
1.622818791946308892e+01
2.062416107382550479e+01
1.492617449664429508e+01
1.577852348993288523e+01
1.687248322147651081e+01
1.721476510067114063e+01
1.745637583892617428e+01
2.137583892617449521e+01
1.460402684563758413e+01
2.015436241610738222e+01
2.145637583892617428e+01
1.840939597315436416e+01
1.538255033557046936e+01
2.161744966442952887e+01
1.579194630872483174e+01
2.751006711409396033e+01
1.044966442953020191e+01
1.302013422818791888e+01
1.348993288590603967e+01
2.556375838926174637e+01
1.579194630872483174e+01
1.274496644295301984e+01
1.195973154362416047e+01
2.135570469798657811e+01
1.651677852348993270e+01
1.602684563758389302e+01
1.455704697986577223e+01
1.721476510067114063e+01
1.928187919463087141e+01
1.753020134228187743e+01
1.392617449664429508e+01
1.665100671140939426e+01
1.280536912751677825e+01
1.740939597315436416e+01
1.235570469798657633e+01
1.825503355704697839e+01
1.484563758389261778e+01
1.884563758389261778e+01
1.957718120805369111e+01
2.036912751677852285e+01
1.522147651006711477e+01
1.404697986577181190e+01
1.344966442953020191e+01
1.701342281879194474e+01
2.793959731543624159e+01
1.446979865771812079e+01
1.596644295302013461e+01
2.129530201342281970e+01
1.627516778523489904e+01
1.202684563758389302e+01
1.444966442953020191e+01
1.658389261744966348e+01
1.734899328859060574e+01
1.322147651006711477e+01
1.531543624161073858e+01
1.663758389261744952e+01
1.763087248322147715e+01
1.385906040268456429e+01
1.475838926174496635e+01
2.500671140939597237e+01
2.254362416107382572e+01
1.225503355704698016e+01
1.762416107382550479e+01
1.122818791946308714e+01
2.949664429530201204e+01
1.847651006711409494e+01
2.646979865771812257e+01
1.957718120805369111e+01
1.286577181208053666e+01
1.347651006711409316e+01
2.101342281879194474e+01
1.795973154362416224e+01
1.262416107382550301e+01
1.142281879194630889e+01
1.573154362416107332e+01
1.050335570469798618e+01
1.183221476510067127e+01
1.265771812080536840e+01
1.577852348993288523e+01
2.686577181208053844e+01
1.112080536912751683e+01
1.773154362416107332e+01
1.509395973154362380e+01
1.455704697986577223e+01
1.710738255033557209e+01
1.311409395973154446e+01
1.401342281879194651e+01
1.331543624161073858e+01
1.271812080536912681e+01
1.953691275167785335e+01
1.598657718120805349e+01
2.538255033557047113e+01
1.074496644295301984e+01
1.839597315436241587e+01
1.653020134228187743e+01
1.800000000000000000e+01
1.824832214765100602e+01
1.215436241610738222e+01
2.011409395973154446e+01
1.310067114093959795e+01
1.772483221476510096e+01
2.064429530201342189e+01
1.801342281879194474e+01
1.800000000000000000e+01
1.341610738255033475e+01
1.436912751677852285e+01
1.600671140939597237e+01
1.491275167785234856e+01
1.624161073825503365e+01
1.351006711409396033e+01
1.422147651006711477e+01
1.721476510067114063e+01
1.375838926174496635e+01
1.620134228187919589e+01
1.312080536912751683e+01
1.895302013422818632e+01
1.285234899328859015e+01
2.114765100671140985e+01
1.509395973154362380e+01
1.315436241610738222e+01
2.171812080536912859e+01
1.563087248322147715e+01
1.527516778523489904e+01
1.336241610738255048e+01
1.340268456375839001e+01
2.093959731543624159e+01
1.481208053691275239e+01
1.901342281879194474e+01
1.532214765100671094e+01
1.990604026845637620e+01
1.811409395973154446e+01
1.216778523489932873e+01
1.389261744966442969e+01
1.720805369127516826e+01
1.242281879194630889e+01
1.702684563758389302e+01
1.294630872483221395e+01
1.171812080536912681e+01
1.856375838926174637e+01
1.879865771812080411e+01
2.364429530201342189e+01
1.688590604026845554e+01
1.795302013422818632e+01
1.583892617449664364e+01
2.063758389261744952e+01
1.102013422818791888e+01
2.193959731543624159e+01
1.795973154362416224e+01
1.134899328859060397e+01
1.351677852348993270e+01
1.355033557046979809e+01
1.317449664429530287e+01
1.657046979865771874e+01
1.404026845637583953e+01
1.175838926174496635e+01
1.740939597315436416e+01
2.644295302013422955e+01
1.860402684563758413e+01
1.979865771812080411e+01
1.853020134228187743e+01
2.480536912751678003e+01
1.269798657718120793e+01
2.487919463087248317e+01
1.615436241610738222e+01
1.837583892617449521e+01
2.265771812080537018e+01
1.423489932885906128e+01
2.148993288590603967e+01
1.554362416107382572e+01
2.083892617449664542e+01
2.265100671140939426e+01
2.051006711409396033e+01
2.081208053691275239e+01
1.914765100671140985e+01
1.717449664429530287e+01
1.441610738255033475e+01
1.277852348993288523e+01
1.170469798657718208e+01
1.436912751677852285e+01
1.708724832214765144e+01
1.860402684563758413e+01
1.544966442953020191e+01
1.691946308724832093e+01
2.237583892617449521e+01
1.761073825503355650e+01
1.398657718120805349e+01
1.202013422818791888e+01
3.165100671140939426e+01
2.244295302013422955e+01
1.326845637583892668e+01
1.400000000000000000e+01
1.404026845637583953e+01
1.323489932885906128e+01
1.526845637583892668e+01
1.157046979865771874e+01
2.110067114093959617e+01
1.546979865771812079e+01
1.382550335570469713e+01
1.033557046979865746e+01
1.756375838926174637e+01
1.716107382550335458e+01
1.346308724832214843e+01
1.430872483221476443e+01
1.732214765100671272e+01
1.282550335570469713e+01
1.735570469798657811e+01
1.259060402684563762e+01
1.495302013422818810e+01
1.678523489932885937e+01
2.147651006711409494e+01
2.353691275167785335e+01
1.226845637583892668e+01
1.392617449664429508e+01
1.992617449664429685e+01
1.440939597315436238e+01
1.596644295302013461e+01
1.716778523489933050e+01
2.022147651006711300e+01
1.638255033557047113e+01
1.435570469798657633e+01
1.982550335570469713e+01
1.248993288590603967e+01
1.529530201342281792e+01
2.055704697986577045e+01
1.534228187919463160e+01
1.438255033557046936e+01
1.363087248322147715e+01
1.936912751677852285e+01
1.246308724832214843e+01
1.638926174496644350e+01
1.842281879194630889e+01
1.220134228187919412e+01
1.391275167785234856e+01
1.771812080536912859e+01
1.964429530201342189e+01
1.694630872483221395e+01
1.314093959731543571e+01
1.949664429530201204e+01
2.261744966442952887e+01
1.920805369127516826e+01
2.097315436241610698e+01
1.318791946308724761e+01
2.118791946308724761e+01
1.286577181208053666e+01
2.948322147651006730e+01
1.630872483221476443e+01
1.572483221476510096e+01
1.444295302013422777e+01
1.290604026845637620e+01
1.130872483221476443e+01
1.734899328859060574e+01
1.257046979865771874e+01
1.861073825503355650e+01
1.735570469798657811e+01
1.563087248322147715e+01
1.881208053691275239e+01
2.148322147651006730e+01
1.464429530201342367e+01
1.404026845637583953e+01
1.967785234899328728e+01
2.002013422818792066e+01
1.610738255033557209e+01
1.414765100671140985e+01
1.761073825503355650e+01
1.563758389261744952e+01
1.193288590604026922e+01
1.611409395973154446e+01
1.103355704697986539e+01
1.656375838926174637e+01
1.549664429530201382e+01
1.257718120805369111e+01
1.353020134228187921e+01
2.408724832214765144e+01
2.033557046979865746e+01
1.454362416107382572e+01
1.177852348993288523e+01
1.774496644295302161e+01
1.377181208053691286e+01
1.670469798657718030e+01
1.705369127516778605e+01
1.710067114093959617e+01
1.495973154362416047e+01
1.573825503355704747e+01
1.551677852348993270e+01
1.497315436241610698e+01
1.841610738255033652e+01
1.736912751677852285e+01
1.276510067114093872e+01
1.341610738255033475e+01
1.434228187919463160e+01
1.970469798657718030e+01
1.597315436241610698e+01
1.589932885906040205e+01
2.812751677852348919e+01
2.220134228187919589e+01
2.188590604026845554e+01
1.594630872483221395e+01
1.411409395973154446e+01
1.811409395973154446e+01
2.140939597315436416e+01
1.491275167785234856e+01
1.376510067114093872e+01
1.350335570469798618e+01
2.184563758389261778e+01
1.573825503355704747e+01
1.708724832214765144e+01
1.784563758389261778e+01
1.969798657718120793e+01
1.981208053691275239e+01
1.526845637583892668e+01
2.295973154362416224e+01
1.316778523489932873e+01
1.309395973154362380e+01
1.423489932885906128e+01
1.067114093959731491e+01
1.325503355704698016e+01
1.622818791946308892e+01
1.641610738255033652e+01
1.736912751677852285e+01
1.249664429530201382e+01
1.489932885906040205e+01
1.296644295302013461e+01
2.760402684563758413e+01
2.163758389261744952e+01
1.905369127516778605e+01
2.122147651006711300e+01
1.896644295302013461e+01
1.266442953020134254e+01
1.425503355704698016e+01
2.179194630872483174e+01
3.469798657718121149e+01
2.183892617449664542e+01
1.500000000000000000e+01
1.542953020134228126e+01
1.484563758389261778e+01
1.308724832214765144e+01
2.377852348993288700e+01
1.614093959731543748e+01
2.066442953020134254e+01
1.971812080536912859e+01
1.043624161073825540e+01
2.371140939597315267e+01
2.056375838926174637e+01
3.091275167785234856e+01
2.385906040268456252e+01
1.165771812080536840e+01
1.398657718120805349e+01
1.354362416107382572e+01
1.999328859060402763e+01
1.743624161073825363e+01
1.603355704697986539e+01
1.615436241610738222e+01
1.965100671140939426e+01
1.063758389261744952e+01
1.258389261744966525e+01
2.007382550335570315e+01
1.928859060402684733e+01
2.081208053691275239e+01
1.518120805369127524e+01
1.518791946308724761e+01
1.301342281879194651e+01
1.606711409395973078e+01
1.309395973154362380e+01
1.353691275167785157e+01
1.222147651006711477e+01
1.476510067114093872e+01
1.160402684563758413e+01
1.481208053691275239e+01
1.553691275167785157e+01
1.553020134228187921e+01
2.740939597315436416e+01
1.608053691275167907e+01
1.265100671140939603e+01
1.893959731543624159e+01
1.395302013422818810e+01
1.412751677852348919e+01
1.758389261744966348e+01
1.718791946308724761e+01
1.654362416107382572e+01
1.879865771812080411e+01
1.346979865771812079e+01
1.855033557046979809e+01
1.991946308724832093e+01
1.773154362416107332e+01
2.365100671140939426e+01
1.965100671140939426e+01
2.160402684563758413e+01
1.387248322147651081e+01
1.667114093959731491e+01
1.314093959731543571e+01
1.542953020134228126e+01
1.769127516778523557e+01
1.473825503355704747e+01
1.409395973154362380e+01
1.382550335570469713e+01
1.500000000000000000e+01
1.344295302013422777e+01
1.346979865771812079e+01
1.277181208053691286e+01
1.270469798657718208e+01
1.935570469798657811e+01
1.435570469798657633e+01
1.355704697986577223e+01
1.690604026845637620e+01
1.455033557046979809e+01
1.046979865771812079e+01
1.328859060402684555e+01
1.520805369127516826e+01
1.640268456375838824e+01
1.346979865771812079e+01
1.634899328859060574e+01
3.332214765100670917e+01
1.566442953020134254e+01
1.254362416107382572e+01
1.415436241610738222e+01
1.540268456375839001e+01
1.638926174496644350e+01
1.371812080536912681e+01
2.165100671140939426e+01
1.500000000000000000e+01
3.090604026845637620e+01
1.174496644295301984e+01
2.032885906040268509e+01
1.722818791946308892e+01
1.549664429530201382e+01
1.755033557046979809e+01
2.150335570469798796e+01
1.453020134228187921e+01
1.420134228187919412e+01
1.375167785234899398e+01
1.603355704697986539e+01
1.108053691275167729e+01
1.612080536912751683e+01
1.714093959731543748e+01
1.744295302013422955e+01
1.785234899328859015e+01
1.904026845637583776e+01
1.379865771812080588e+01
1.406711409395973078e+01
1.552348993288590684e+01
1.332885906040268509e+01
1.510738255033557031e+01
2.170469798657718030e+01
1.855704697986577045e+01
1.331543624161073858e+01
1.412080536912751683e+01
1.281208053691275239e+01
1.119463087248322175e+01
1.314093959731543571e+01
1.634228187919462982e+01
1.585234899328859015e+01
1.434899328859060397e+01
1.548322147651006730e+01
1.948322147651006730e+01
1.765771812080537018e+01
1.934899328859060574e+01
1.434899328859060397e+01
1.400671140939597237e+01
3.720134228187919234e+01
1.846308724832214665e+01
1.553020134228187921e+01
1.744966442953020191e+01
1.987919463087248317e+01
1.669127516778523557e+01
2.137583892617449521e+01
1.782550335570469713e+01
1.557718120805369111e+01
1.302684563758389302e+01
1.793959731543624159e+01
3.412080536912751683e+01
1.492617449664429508e+01
1.350335570469798618e+01
1.632885906040268509e+01
2.398657718120805526e+01
2.206040268456375841e+01
2.540268456375838824e+01
1.565771812080536840e+01
1.357718120805369111e+01
1.811409395973154446e+01
1.508724832214765144e+01
1.588590604026845554e+01
1.533557046979865746e+01
1.566442953020134254e+01
1.786577181208053844e+01
2.391275167785234856e+01
1.991946308724832093e+01
1.905369127516778605e+01
1.571812080536912681e+01
1.441610738255033475e+01
1.444966442953020191e+01
1.595973154362416047e+01
1.870469798657718030e+01
2.114765100671140985e+01
1.520134228187919412e+01
1.427516778523489904e+01
2.432214765100671272e+01
1.898657718120805526e+01
2.079865771812080411e+01
1.845637583892617428e+01
1.334899328859060397e+01
1.362416107382550301e+01
1.349664429530201382e+01
1.774496644295302161e+01
1.377852348993288523e+01
1.402684563758389302e+01
2.665771812080537018e+01
1.548993288590603967e+01
1.587248322147651081e+01
1.776510067114093872e+01
1.710067114093959617e+01
1.910738255033557209e+01
1.302013422818791888e+01
1.177852348993288523e+01
1.817449664429530287e+01
2.257046979865771874e+01
1.267785234899328906e+01
1.434228187919463160e+01
1.473154362416107332e+01
2.115436241610738222e+01
1.603355704697986539e+01
2.022818791946308892e+01
2.025503355704697839e+01
1.404697986577181190e+01
1.444295302013422777e+01
1.244295302013422777e+01
1.785906040268456252e+01
1.720134228187919589e+01
1.905369127516778605e+01
1.671812080536912859e+01
1.695973154362416224e+01
1.461073825503355650e+01
1.379865771812080588e+01
3.217449664429530287e+01
1.393288590604026922e+01
1.482550335570469713e+01
1.112751677852348919e+01
2.408724832214765144e+01
1.768456375838926320e+01
1.675167785234899398e+01
1.045637583892617428e+01
1.381208053691275239e+01
1.589261744966442969e+01
1.457718120805369111e+01
1.693288590604026922e+01
1.681208053691275239e+01
1.774496644295302161e+01
1.292617449664429508e+01
1.909395973154362380e+01
1.424161073825503365e+01
2.156375838926174637e+01
1.514765100671140985e+01
1.467114093959731491e+01
1.697986577181207934e+01
1.606711409395973078e+01
2.161744966442952887e+01
1.578523489932885937e+01
1.075838926174496635e+01
1.846979865771812257e+01
1.589932885906040205e+01
1.626845637583892668e+01
1.677852348993288700e+01
1.841610738255033652e+01
1.569798657718120793e+01
1.875838926174496635e+01
1.857718120805369111e+01
1.766442953020134254e+01
1.389932885906040205e+01
1.162416107382550301e+01
1.479865771812080588e+01
1.908053691275167907e+01
1.684563758389261778e+01
1.571140939597315445e+01
1.859060402684563584e+01
1.389261744966442969e+01
1.780536912751678003e+01
1.175838926174496635e+01
2.004026845637583776e+01
1.416778523489932873e+01
1.472483221476510096e+01
2.077852348993288700e+01
2.871140939597315267e+01
2.659731543624161176e+01
1.325503355704698016e+01
1.970469798657718030e+01
1.846979865771812257e+01
1.928187919463087141e+01
1.683892617449664542e+01
1.257046979865771874e+01
1.937583892617449521e+01
1.223489932885906128e+01
1.523489932885906128e+01
1.620134228187919589e+01
1.901342281879194474e+01
1.033557046979865746e+01
1.922147651006711300e+01
2.652348993288590506e+01
2.041610738255033652e+01
2.198657718120805526e+01
1.549664429530201382e+01
1.712751677852348919e+01
1.473825503355704747e+01
1.587919463087248317e+01
1.361073825503355650e+01
1.458389261744966525e+01
1.610067114093959617e+01
1.732214765100671272e+01
1.952348993288590506e+01
1.665100671140939426e+01
2.286577181208053844e+01
1.242953020134228126e+01
1.833557046979865746e+01
1.678523489932885937e+01
1.338926174496644350e+01
1.572483221476510096e+01
1.508724832214765144e+01
1.393959731543624159e+01
2.477852348993288700e+01
1.785234899328859015e+01
1.483892617449664364e+01
2.685906040268456252e+01
1.156375838926174460e+01
1.672483221476510096e+01
1.519463087248322175e+01
1.536241610738255048e+01
1.313422818791946334e+01
1.316778523489932873e+01
2.830201342281879207e+01
1.845637583892617428e+01
2.013422818791946156e+01
1.463758389261744952e+01
1.683892617449664542e+01
1.472483221476510096e+01
1.780536912751678003e+01
1.978523489932885937e+01
1.780536912751678003e+01
1.897986577181207934e+01
1.508053691275167729e+01
1.365771812080536840e+01
1.970469798657718030e+01
1.771140939597315267e+01
1.656375838926174637e+01
1.350335570469798618e+01
1.809395973154362380e+01
2.255033557046979809e+01
1.583892617449664364e+01
1.466442953020134254e+01
1.687248322147651081e+01
2.012751677852348919e+01
1.843624161073825363e+01
1.167114093959731491e+01
1.963758389261744952e+01
2.265771812080537018e+01
2.058389261744966348e+01
1.673154362416107332e+01
1.499328859060402763e+01
1.142281879194630889e+01
1.202684563758389302e+01
1.900671140939597237e+01
1.460402684563758413e+01
1.348322147651006730e+01
1.556375838926174460e+01
1.760402684563758413e+01
1.416778523489932873e+01
2.130201342281879207e+01
1.633557046979865746e+01
1.612080536912751683e+01
1.481208053691275239e+01
2.748322147651006730e+01
1.787248322147651081e+01
1.557046979865771874e+01
2.016107382550335458e+01
1.185906040268456429e+01
1.649664429530201204e+01
1.470469798657718208e+01
1.345637583892617428e+01
1.504026845637583953e+01
1.374496644295301984e+01
1.469798657718120793e+01
1.599328859060402763e+01
1.548322147651006730e+01
1.211409395973154446e+01
1.684563758389261778e+01
1.330201342281879207e+01
1.784563758389261778e+01
1.565771812080536840e+01
1.797315436241610698e+01
1.829530201342281970e+01
2.218791946308724761e+01
1.157718120805369111e+01
1.348993288590603967e+01
1.891275167785234856e+01
1.228859060402684555e+01
1.542953020134228126e+01
1.718791946308724761e+01
1.724161073825503365e+01
1.909395973154362380e+01
1.486577181208053666e+01
1.707382550335570315e+01
1.152348993288590684e+01
1.336912751677852285e+01
2.263758389261744952e+01
2.467114093959731491e+01
1.773825503355704569e+01
1.613422818791946156e+01
1.422147651006711477e+01
1.686577181208053844e+01
1.622147651006711300e+01
1.904026845637583776e+01
2.521476510067114063e+01
1.881879194630872476e+01
1.873825503355704569e+01
1.248322147651006730e+01
1.490604026845637620e+01
1.928859060402684733e+01
1.487919463087248317e+01
1.424832214765100602e+01
1.833557046979865746e+01
1.563087248322147715e+01
9.302013422818792066e+00
2.026845637583892668e+01
1.461073825503355650e+01
1.271812080536912681e+01
1.483892617449664364e+01
1.828859060402684733e+01
1.467785234899328906e+01
1.302013422818791888e+01
1.692617449664429685e+01
1.313422818791946334e+01
1.430201342281879207e+01
1.199328859060402763e+01
2.019463087248321997e+01
1.895302013422818632e+01
1.857046979865771874e+01
1.442953020134228126e+01
1.446979865771812079e+01
1.212751677852348919e+01
1.267114093959731491e+01
1.919463087248321997e+01
1.716778523489933050e+01
1.707382550335570315e+01
1.710067114093959617e+01
1.543624161073825540e+01
1.469127516778523557e+01
1.605369127516778605e+01
1.685234899328859015e+01
1.599328859060402763e+01
1.403355704697986539e+01
1.721476510067114063e+01
2.093959731543624159e+01
1.604697986577181368e+01
1.460402684563758413e+01
2.411409395973154446e+01
1.727516778523489904e+01
1.933557046979865746e+01
1.412751677852348919e+01
9.704697986577182078e+00
1.444295302013422777e+01
1.506040268456375841e+01
1.636241610738255048e+01
1.574496644295301984e+01
1.804697986577181368e+01
2.659731543624161176e+01
2.471812080536912859e+01
2.430201342281879207e+01
2.185234899328859015e+01
1.400000000000000000e+01
1.380536912751677825e+01
1.653020134228187743e+01
1.128187919463087319e+01
1.755033557046979809e+01
1.286577181208053666e+01
1.424832214765100602e+01
1.623489932885906128e+01
1.640939597315436416e+01
2.479194630872483174e+01
1.557718120805369111e+01
1.295973154362416047e+01
2.334228187919462982e+01
1.958389261744966348e+01
1.593959731543624159e+01
1.688590604026845554e+01
1.681879194630872476e+01
1.329530201342281792e+01
1.369127516778523557e+01
2.023489932885906128e+01
1.467785234899328906e+01
1.874496644295302161e+01
2.406711409395973078e+01
1.480536912751677825e+01
1.750335570469798796e+01
1.156375838926174460e+01
1.842953020134228126e+01
2.515436241610738222e+01
1.438926174496644350e+01
1.337583892617449699e+01
1.308724832214765144e+01
1.537583892617449699e+01
1.908724832214765144e+01
2.099328859060402763e+01
1.707382550335570315e+01
1.405369127516778605e+01
1.661073825503355650e+01
1.444295302013422777e+01
1.781208053691275239e+01
1.636912751677852285e+01
2.083221476510066950e+01
1.503355704697986539e+01
1.548322147651006730e+01
1.985234899328859015e+01
1.449664429530201382e+01
1.224161073825503365e+01
1.764429530201342189e+01
1.921476510067114063e+01
1.205369127516778605e+01
1.734228187919462982e+01
1.958389261744966348e+01
1.906711409395973078e+01
1.757718120805369111e+01
1.339597315436241587e+01
1.209395973154362380e+01
1.512080536912751683e+01
2.577181208053691108e+01
1.775838926174496635e+01
2.042953020134228126e+01
1.303355704697986539e+01
9.731543624161073325e+00
1.121476510067114063e+01
1.115436241610738222e+01
1.357718120805369111e+01
2.215436241610738222e+01
1.355033557046979809e+01
1.245637583892617428e+01
1.757718120805369111e+01
1.691275167785234856e+01
1.269798657718120793e+01
1.455704697986577223e+01
1.192617449664429508e+01
1.710067114093959617e+01
1.446308724832214843e+01
1.271812080536912681e+01
1.651006711409396033e+01
1.196644295302013461e+01
1.280536912751677825e+01
2.153691275167785335e+01
1.420805369127516826e+01
9.932885906040269219e+00
2.175167785234899398e+01
1.353020134228187921e+01
1.476510067114093872e+01
1.850335570469798796e+01
2.248322147651006730e+01
1.237583892617449699e+01
1.491946308724832271e+01
1.853020134228187743e+01
1.685234899328859015e+01
1.372483221476510096e+01
1.483221476510067127e+01
1.363087248322147715e+01
1.314765100671140985e+01
1.369798657718120793e+01
1.345637583892617428e+01
2.070469798657718030e+01
1.999328859060402763e+01
2.266442953020134254e+01
1.306711409395973078e+01
1.324832214765100602e+01
1.842953020134228126e+01
1.782550335570469713e+01
1.281208053691275239e+01
1.512751677852348919e+01
1.326174496644295253e+01
1.193959731543624159e+01
1.418120805369127524e+01
1.228187919463087319e+01
2.071140939597315267e+01
1.314093959731543571e+01
2.026174496644295431e+01
1.751677852348993270e+01
1.998657718120805526e+01
1.848322147651006730e+01
2.606711409395973078e+01
1.557046979865771874e+01
1.663087248322147715e+01
1.333557046979865746e+01
1.737583892617449521e+01
1.322818791946308714e+01
1.748993288590603967e+01
1.322147651006711477e+01
1.388590604026845554e+01
1.680536912751678003e+01
1.910738255033557209e+01
1.929530201342281970e+01
1.690604026845637620e+01
2.402013422818792066e+01
1.635570469798657811e+01
3.406711409395973078e+01
1.355704697986577223e+01
1.255033557046979809e+01
1.446308724832214843e+01
1.499328859060402763e+01
2.047651006711409494e+01
1.748993288590603967e+01
2.553020134228187743e+01
3.602684563758388947e+01
1.796644295302013461e+01
2.675167785234899398e+01
2.133557046979865746e+01
1.614765100671140985e+01
1.446308724832214843e+01
1.389261744966442969e+01
1.373154362416107332e+01
1.846308724832214665e+01
1.269798657718120793e+01
1.832885906040268509e+01
1.434899328859060397e+01
1.443624161073825540e+01
1.995973154362416224e+01
1.268456375838926142e+01
2.045637583892617428e+01
2.159731543624161176e+01
2.852348993288590506e+01
1.800000000000000000e+01
1.322818791946308714e+01
2.432214765100671272e+01
2.071812080536912859e+01
1.580536912751677825e+01
1.753020134228187743e+01
2.675838926174496635e+01
1.271140939597315445e+01
1.922147651006711300e+01
1.316107382550335636e+01
2.150335570469798796e+01
1.308724832214765144e+01
1.328187919463087319e+01
1.330201342281879207e+01
2.328187919463087141e+01
2.114765100671140985e+01
1.390604026845637620e+01
1.512751677852348919e+01
1.504026845637583953e+01
1.833557046979865746e+01
1.867785234899328728e+01
1.429530201342281792e+01
1.907382550335570315e+01
1.369127516778523557e+01
1.382550335570469713e+01
1.697986577181207934e+01
1.867785234899328728e+01
1.577852348993288523e+01
1.223489932885906128e+01
1.816107382550335458e+01
1.647651006711409494e+01
1.678523489932885937e+01
3.120805369127516826e+01
1.282550335570469713e+01
1.822147651006711300e+01
1.775838926174496635e+01
2.048993288590603967e+01
1.925503355704697839e+01
1.430201342281879207e+01
1.477852348993288523e+01
1.798657718120805526e+01
1.087919463087248317e+01
1.957046979865771874e+01
1.750335570469798796e+01
2.775167785234899398e+01
1.766442953020134254e+01
1.793288590604026922e+01
1.637583892617449521e+01
2.403355704697986539e+01
1.385234899328859015e+01
1.837583892617449521e+01
2.618120805369127524e+01
2.972483221476510096e+01
1.366442953020134254e+01
1.489261744966442969e+01
1.620805369127516826e+01
1.752348993288590506e+01
2.019463087248321997e+01
1.410067114093959795e+01
3.748993288590604323e+01
2.142953020134228126e+01
2.181208053691275239e+01
1.773825503355704569e+01
1.917449664429530287e+01
1.898657718120805526e+01
2.825503355704697839e+01
1.632885906040268509e+01
1.315436241610738222e+01
1.800671140939597237e+01
1.619463087248321997e+01
1.837583892617449521e+01
1.493959731543624159e+01
1.320134228187919412e+01
1.783892617449664542e+01
1.799328859060402763e+01
1.636912751677852285e+01
1.437583892617449699e+01
2.746308724832214665e+01
1.096644295302013461e+01
1.364429530201342367e+01
2.267114093959731491e+01
1.457718120805369111e+01
1.449664429530201382e+01
3.054362416107382572e+01
1.516778523489932873e+01
1.869127516778523557e+01
1.656375838926174637e+01
1.348322147651006730e+01
2.328859060402684733e+01
1.567114093959731491e+01
1.373154362416107332e+01
1.607382550335570315e+01
1.318791946308724761e+01
1.471812080536912681e+01
1.524161073825503365e+01
1.539597315436241587e+01
1.504697986577181190e+01
1.581208053691275239e+01
1.746979865771812257e+01
1.537583892617449699e+01
1.846308724832214665e+01
1.972483221476510096e+01
1.416778523489932873e+01
1.803355704697986539e+01
2.206040268456375841e+01
1.601342281879194474e+01
1.984563758389261778e+01
2.386577181208053844e+01
1.553020134228187921e+01
2.404026845637583776e+01
1.191946308724832271e+01
1.947651006711409494e+01
1.432885906040268509e+01
1.928859060402684733e+01
1.603355704697986539e+01
1.369798657718120793e+01
1.403355704697986539e+01
1.136241610738255048e+01
1.300000000000000000e+01
1.707382550335570315e+01
1.636912751677852285e+01
1.704026845637583776e+01
1.708053691275167907e+01
1.086577181208053666e+01
1.726174496644295431e+01
1.773154362416107332e+01
2.082550335570469713e+01
1.604697986577181368e+01
1.548993288590603967e+01
2.416107382550335458e+01
1.807382550335570315e+01
1.549664429530201382e+01
2.049664429530201204e+01
1.360402684563758413e+01
1.973154362416107332e+01
2.036241610738255048e+01
1.323489932885906128e+01
1.394630872483221395e+01
1.511409395973154446e+01
1.272483221476510096e+01
1.823489932885906128e+01
1.055704697986577223e+01
1.522818791946308714e+01
1.389932885906040205e+01
1.611409395973154446e+01
1.859731543624161176e+01
2.017449664429530287e+01
1.283221476510067127e+01
1.436241610738255048e+01
1.411409395973154446e+01
1.868456375838926320e+01
1.926845637583892668e+01
1.296644295302013461e+01
2.417449664429530287e+01
1.518120805369127524e+01
2.245637583892617428e+01
1.284563758389261778e+01
1.548993288590603967e+01
1.204026845637583953e+01
2.646308724832214665e+01
1.353020134228187921e+01
2.709395973154362380e+01
1.528187919463087319e+01
2.467785234899328728e+01
1.552348993288590684e+01
1.621476510067114063e+01
1.414093959731543571e+01
1.267114093959731491e+01
1.850335570469798796e+01
1.780536912751678003e+01
1.697315436241610698e+01
1.430872483221476443e+01
1.296644295302013461e+01
1.316107382550335636e+01
2.623489932885906128e+01
2.040268456375838824e+01
1.595302013422818810e+01
2.774496644295302161e+01
2.055704697986577045e+01
1.523489932885906128e+01
2.065771812080537018e+01
2.036912751677852285e+01
1.308053691275167729e+01
1.463758389261744952e+01
2.097315436241610698e+01
1.280536912751677825e+01
1.330872483221476443e+01
1.873825503355704569e+01
2.114765100671140985e+01
1.622147651006711300e+01
2.305369127516778605e+01
1.536912751677852285e+01
1.362416107382550301e+01
1.216107382550335636e+01
2.947651006711409494e+01
1.388590604026845554e+01
1.962416107382550479e+01
1.701342281879194474e+01
1.476510067114093872e+01
1.518791946308724761e+01
1.765100671140939426e+01
1.704026845637583776e+01
1.506711409395973078e+01
1.859731543624161176e+01
1.710067114093959617e+01
2.557718120805369111e+01
1.966442953020134254e+01
1.423489932885906128e+01
1.681879194630872476e+01
9.651006711409396033e+00
2.277181208053691108e+01
1.718791946308724761e+01
1.268456375838926142e+01
1.641610738255033652e+01
1.057046979865771874e+01
1.691275167785234856e+01
1.646308724832214665e+01
1.949664429530201204e+01
1.455704697986577223e+01
1.565100671140939603e+01
1.850335570469798796e+01
1.987919463087248317e+01
1.542953020134228126e+01
1.295973154362416047e+01
1.489261744966442969e+01
1.204026845637583953e+01
1.275838926174496635e+01
2.191946308724832093e+01
2.499328859060402763e+01
1.359060402684563762e+01
8.906040268456376197e+00
1.367785234899328906e+01
2.142953020134228126e+01
2.374496644295302161e+01
1.895302013422818632e+01
2.310738255033557209e+01
1.601342281879194474e+01
1.756375838926174637e+01
1.977852348993288700e+01
1.716107382550335458e+01
1.234228187919463160e+01
1.199328859060402763e+01
1.530872483221476443e+01
1.731543624161073680e+01
1.916778523489933050e+01
1.584563758389261778e+01
2.032885906040268509e+01
1.405369127516778605e+01
1.489261744966442969e+01
2.163758389261744952e+01
1.727516778523489904e+01
1.648993288590603967e+01
2.172483221476510096e+01
1.676510067114093872e+01
1.595302013422818810e+01
1.122147651006711477e+01
1.593959731543624159e+01
1.770469798657718030e+01
1.339597315436241587e+01
1.603355704697986539e+01
1.289932885906040205e+01
1.734228187919462982e+01
1.925503355704697839e+01
1.662416107382550479e+01
1.279865771812080588e+01
2.070469798657718030e+01
2.546979865771812257e+01
1.328859060402684555e+01
1.262416107382550301e+01
2.374496644295302161e+01
2.375167785234899398e+01
1.659060402684563584e+01
1.721476510067114063e+01
1.225503355704698016e+01
1.702684563758389302e+01
2.030201342281879207e+01
1.571140939597315445e+01
1.723489932885906128e+01
1.432885906040268509e+01
1.967114093959731491e+01
1.497315436241610698e+01
1.667114093959731491e+01
1.813422818791946156e+01
1.776510067114093872e+01
1.300000000000000000e+01
1.181879194630872476e+01
1.100671140939597237e+01
1.776510067114093872e+01
1.584563758389261778e+01
1.240268456375839001e+01
1.304026845637583953e+01
1.786577181208053844e+01
2.130872483221476443e+01
2.066442953020134254e+01
1.534899328859060397e+01
1.697986577181207934e+01
1.827516778523489904e+01
1.887248322147651081e+01
1.336912751677852285e+01
1.569127516778523557e+01
1.499328859060402763e+01
2.194630872483221395e+01
1.287248322147651081e+01
1.722147651006711300e+01
2.041610738255033652e+01
2.215436241610738222e+01
1.322818791946308714e+01
1.239597315436241587e+01
2.185906040268456252e+01
1.631543624161073680e+01
1.696644295302013461e+01
2.327516778523489904e+01
1.415436241610738222e+01
1.404697986577181190e+01
1.263087248322147715e+01
1.658389261744966348e+01
2.002684563758389302e+01
1.748322147651006730e+01
1.098657718120805349e+01
1.530872483221476443e+01
2.440268456375838824e+01
1.248993288590603967e+01
1.087919463087248317e+01
1.596644295302013461e+01
1.171812080536912681e+01
1.715436241610738222e+01
1.107382550335570492e+01
1.601342281879194474e+01
1.714093959731543748e+01
1.238926174496644350e+01
1.190604026845637620e+01
2.128859060402684733e+01
4.283892617449664186e+01
1.293288590604026922e+01
1.605369127516778605e+01
1.352348993288590684e+01
1.396644295302013461e+01
1.517449664429530287e+01
1.281208053691275239e+01
1.521476510067114063e+01
1.971812080536912859e+01
1.825503355704697839e+01
1.300000000000000000e+01
1.284563758389261778e+01
1.302684563758389302e+01
2.263087248322147715e+01
1.379194630872483174e+01
2.808053691275167907e+01
1.120805369127516826e+01
1.957718120805369111e+01
2.697315436241610698e+01
1.358389261744966525e+01
1.303355704697986539e+01
1.603355704697986539e+01
2.414093959731543748e+01
2.304026845637583776e+01
1.108724832214765144e+01
1.853691275167785335e+01
1.425503355704698016e+01
1.811409395973154446e+01
1.266442953020134254e+01
1.538255033557046936e+01
1.891275167785234856e+01
1.613422818791946156e+01
1.784563758389261778e+01
1.341610738255033475e+01
1.395302013422818810e+01
1.408053691275167729e+01
1.838255033557047113e+01
1.997986577181207934e+01
1.483221476510067127e+01
1.529530201342281792e+01
1.377181208053691286e+01
1.665100671140939426e+01
9.684563758389261423e+00
1.747651006711409494e+01
1.404026845637583953e+01
1.379194630872483174e+01
1.751677852348993270e+01
1.665100671140939426e+01
1.834899328859060574e+01
2.118791946308724761e+01
2.787248322147651081e+01
1.151677852348993270e+01
1.591946308724832271e+01
1.104697986577181190e+01
1.918120805369127524e+01
1.689932885906040383e+01
1.401342281879194651e+01
1.477852348993288523e+01
