0.0 1.0410958904109588
1200000.0 1.8035982008995501
2400000.0 4.444444444444445
3600000.0 8.942577030812325
4800000.0 13.719611021069692
6000000.0 19.83266932270916
7200000.0 25.28440366972477
8400000.0 29.165432098765432
9600000.0 35.26345609065156
10800000.0 38.514792899408285
12000000.0 43.50974025974026
13200000.0 48.18181818181818
14400000.0 52.74716981132075
15600000.0 52.53874538745387
16800000.0 57.956
18000000.0 59.483739837398375
19200000.0 61.4149377593361
20400000.0 70.26760563380282
21600000.0 68.38914027149322
22800000.0 69.96788990825688
24000000.0 71.18055555555556
25200000.0 66.93939393939394
26400000.0 79.16666666666667
27600000.0 85.26775956284153
28800000.0 76.16425120772946
30000000.0 80.21319796954315
31200000.0 82.09326424870466
32400000.0 94.37278106508876
33600000.0 81.91282051282052
34800000.0 78.88669950738917
36000000.0 81.93367346938776
37200000.0 87.37837837837837
38400000.0 84.59375
39600000.0 92.01129943502825
40800000.0 91.14525139664805
42000000.0 84.89119170984456
43200000.0 91.09944751381215
44400000.0 98.21428571428571
45600000.0 102.5776397515528
46800000.0 100.04848484848485
48000000.0 116.02797202797203
49200000.0 100.2289156626506
50400000.0 106.36942675159236
51600000.0 103.32919254658385
52800000.0 98.046783625731
54000000.0 114.35374149659864
55200000.0 102.43030303030304
56400000.0 104.0679012345679
57600000.0 114.07432432432432
58800000.0 102.7090909090909
60000000.0 103.3109756097561
61200000.0 103.41463414634147
62400000.0 103.4390243902439
63600000.0 92.87978142076503
64800000.0 105.31481481481481
66000000.0 101.21301775147928
67200000.0 108.29936305732484
68400000.0 98.26436781609195
69600000.0 97.98857142857143
70800000.0 113.63576158940397
72000000.0 129.1954887218045
73200000.0 131.0229007633588
74400000.0 103.7090909090909
75600000.0 117.31292517006803
76800000.0 109.56687898089172
78000000.0 121.8169014084507
79200000.0 124.20143884892086
80400000.0 125.29710144927536
81600000.0 118.08843537414965
82800000.0 125.30935251798562
84000000.0 117.20270270270271
85200000.0 112.03225806451613
86400000.0 139.016
87600000.0 124.98561151079137
88800000.0 108.33540372670808
90000000.0 113.42857142857143
91200000.0 113.62091503267973
92400000.0 119.3972602739726
93600000.0 107.53703703703704
94800000.0 106.60975609756098
96000000.0 134.30769230769232
97200000.0 124.46428571428571
98400000.0 124.14893617021276
99600000.0 128.50735294117646
100800000.0 123.23239436619718
102000000.0 125.86330935251799
103200000.0 129.00735294117646
104400000.0 120.10958904109589
105600000.0 134.91538461538462
106800000.0 129.38235294117646
108000000.0 123.37062937062937
109200000.0 127.20863309352518
110400000.0 121.8344827586207
111600000.0 134.17557251908397
112800000.0 134.1060606060606
114000000.0 144.5691056910569
115200000.0 137.66666666666666
116400000.0 151.98290598290598
117600000.0 132.94776119402985
118800000.0 139.0
